Id:,27040
Estación:,SAN PEDRO-TAB
Posición:,17.7916666667N -91.1525W
Variable:,Temp Promedio (oC)
Fecha Inicial:,08/01/1948
Fecha Final:,04/01/2013
No Dato:,nan
Mes,Día,Anio,Datos
08,01,1948,null
08,02,1948,null
08,03,1948,null
08,04,1948,null
08,05,1948,null
08,06,1948,null
08,07,1948,null
08,08,1948,null
08,09,1948,null
08,10,1948,null
08,11,1948,null
08,12,1948,null
08,13,1948,null
08,14,1948,null
08,15,1948,null
08,16,1948,null
08,17,1948,null
08,18,1948,27.85
08,19,1948,27.85
08,20,1948,28.05
08,21,1948,27.7
08,22,1948,28.5
08,23,1948,26.9
08,24,1948,28.05
08,25,1948,28.55
08,26,1948,28.1
08,27,1948,28.35
08,28,1948,28.25
08,29,1948,27.85
08,30,1948,28.25
08,31,1948,28.3
09,01,1948,28.3
09,02,1948,28.85
09,03,1948,28.45
09,04,1948,28.6
09,05,1948,29.2
09,06,1948,28.9
09,07,1948,28.6
09,08,1948,28.8
09,09,1948,28.05
09,10,1948,29.9
09,11,1948,28.0
09,12,1948,29.1
09,13,1948,28.5
09,14,1948,28.5
09,15,1948,27.05
09,16,1948,27.3
09,17,1948,26.8
09,18,1948,26.1
09,19,1948,27.75
09,20,1948,27.0
09,21,1948,26.65
09,22,1948,28.4
09,23,1948,27.25
09,24,1948,28.05
09,25,1948,26.75
09,26,1948,26.05
09,27,1948,25.45
09,28,1948,26.05
09,29,1948,26.5
09,30,1948,26.75
10,01,1948,26.5
10,02,1948,24.3
10,03,1948,24.9
10,04,1948,26.0
10,05,1948,26.1
10,06,1948,28.15
10,07,1948,27.55
10,08,1948,26.95
10,09,1948,27.35
10,10,1948,27.6
10,11,1948,27.2
10,12,1948,27.25
10,13,1948,27.25
10,14,1948,27.7
10,15,1948,27.6
10,16,1948,27.4
10,17,1948,27.55
10,18,1948,26.25
10,19,1948,25.5
10,20,1948,25.1
10,21,1948,24.3
10,22,1948,24.1
10,23,1948,26.1
10,24,1948,26.0
10,25,1948,23.4
10,26,1948,25.45
10,27,1948,25.15
10,28,1948,25.7
10,29,1948,26.1
10,30,1948,26.6
10,31,1948,26.95
11,01,1948,26.8
11,02,1948,27.4
11,03,1948,26.6
11,04,1948,26.85
11,05,1948,27.7
11,06,1948,26.55
11,07,1948,21.9
11,08,1948,25.3
11,09,1948,25.75
11,10,1948,26.5
11,11,1948,25.55
11,12,1948,25.15
11,13,1948,24.05
11,14,1948,26.15
11,15,1948,26.6
11,16,1948,25.75
11,17,1948,26.45
11,18,1948,26.6
11,19,1948,27.45
11,20,1948,26.0
11,21,1948,25.5
11,22,1948,26.85
11,23,1948,27.25
11,24,1948,25.6
11,25,1948,25.75
11,26,1948,26.15
11,27,1948,26.55
11,28,1948,28.5
11,29,1948,19.45
11,30,1948,20.85
12,01,1948,22.1
12,02,1948,22.45
12,03,1948,24.35
12,04,1948,25.0
12,05,1948,24.95
12,06,1948,25.6
12,07,1948,25.75
12,08,1948,25.7
12,09,1948,25.4
12,10,1948,23.9
12,11,1948,24.3
12,12,1948,25.0
12,13,1948,25.05
12,14,1948,25.35
12,15,1948,24.95
12,16,1948,26.1
12,17,1948,25.45
12,18,1948,26.15
12,19,1948,25.2
12,20,1948,25.05
12,21,1948,24.4
12,22,1948,24.95
12,23,1948,24.75
12,24,1948,23.75
12,25,1948,24.15
12,26,1948,22.55
12,27,1948,23.1
12,28,1948,22.95
12,29,1948,24.05
12,30,1948,22.05
12,31,1948,17.2
01,01,1949,17.8
01,02,1949,21.85
01,03,1949,24.0
01,04,1949,24.55
01,05,1949,23.8
01,06,1949,23.85
01,07,1949,24.6
01,08,1949,24.4
01,09,1949,21.95
01,10,1949,22.7
01,11,1949,23.6
01,12,1949,23.15
01,13,1949,22.2
01,14,1949,23.4
01,15,1949,22.95
01,16,1949,23.3
01,17,1949,22.75
01,18,1949,23.05
01,19,1949,23.6
01,20,1949,23.75
01,21,1949,23.45
01,22,1949,22.6
01,23,1949,23.55
01,24,1949,23.25
01,25,1949,23.0
01,26,1949,23.3
01,27,1949,24.55
01,28,1949,23.8
01,29,1949,24.05
01,30,1949,21.85
01,31,1949,22.65
02,01,1949,24.7
02,02,1949,23.1
02,03,1949,24.2
02,04,1949,25.0
02,05,1949,24.3
02,06,1949,24.55
02,07,1949,25.05
02,08,1949,25.15
02,09,1949,25.85
02,10,1949,24.85
02,11,1949,25.75
02,12,1949,23.8
02,13,1949,23.6
02,14,1949,25.85
02,15,1949,25.0
02,16,1949,24.95
02,17,1949,24.45
02,18,1949,23.85
02,19,1949,25.3
02,20,1949,24.0
02,21,1949,24.95
02,22,1949,22.95
02,23,1949,23.85
02,24,1949,23.85
02,25,1949,24.6
02,26,1949,24.45
02,27,1949,24.8
02,28,1949,25.1
03,01,1949,24.8
03,02,1949,25.0
03,03,1949,25.7
03,04,1949,24.6
03,05,1949,25.7
03,06,1949,25.75
03,07,1949,25.85
03,08,1949,24.65
03,09,1949,25.35
03,10,1949,24.9
03,11,1949,25.85
03,12,1949,25.35
03,13,1949,25.1
03,14,1949,25.55
03,15,1949,25.25
03,16,1949,25.7
03,17,1949,26.1
03,18,1949,26.75
03,19,1949,24.7
03,20,1949,24.0
03,21,1949,26.5
03,22,1949,26.8
03,23,1949,26.9
03,24,1949,27.2
03,25,1949,27.45
03,26,1949,27.45
03,27,1949,28.8
03,28,1949,26.15
03,29,1949,28.0
03,30,1949,27.9
03,31,1949,29.2
04,01,1949,30.6
04,02,1949,32.25
04,03,1949,31.9
04,04,1949,31.55
04,05,1949,23.65
04,06,1949,22.45
04,07,1949,24.15
04,08,1949,24.45
04,09,1949,25.2
04,10,1949,28.1
04,11,1949,29.35
04,12,1949,28.05
04,13,1949,28.2
04,14,1949,27.7
04,15,1949,30.15
04,16,1949,27.55
04,17,1949,27.5
04,18,1949,30.55
04,19,1949,30.5
04,20,1949,29.5
04,21,1949,30.55
04,22,1949,30.35
04,23,1949,28.65
04,24,1949,29.55
04,25,1949,29.55
04,26,1949,30.0
04,27,1949,28.5
04,28,1949,29.0
04,29,1949,29.5
04,30,1949,30.5
05,01,1949,31.8
05,02,1949,30.25
05,03,1949,29.5
05,04,1949,26.0
05,05,1949,28.0
05,06,1949,30.2
05,07,1949,27.7
05,08,1949,28.2
05,09,1949,29.75
05,10,1949,29.15
05,11,1949,29.85
05,12,1949,28.85
05,13,1949,27.35
05,14,1949,28.5
05,15,1949,29.75
05,16,1949,29.25
05,17,1949,30.5
05,18,1949,30.9
05,19,1949,29.1
05,20,1949,29.35
05,21,1949,29.7
05,22,1949,30.6
05,23,1949,30.9
05,24,1949,29.35
05,25,1949,29.35
05,26,1949,29.5
05,27,1949,28.85
05,28,1949,28.85
05,29,1949,31.2
05,30,1949,30.65
05,31,1949,30.0
06,01,1949,30.15
06,02,1949,31.0
06,03,1949,30.8
06,04,1949,30.1
06,05,1949,28.35
06,06,1949,29.4
06,07,1949,29.9
06,08,1949,30.4
06,09,1949,30.35
06,10,1949,30.15
06,11,1949,30.15
06,12,1949,30.0
06,13,1949,29.7
06,14,1949,29.85
06,15,1949,30.6
06,16,1949,29.7
06,17,1949,30.75
06,18,1949,32.5
06,19,1949,28.5
06,20,1949,29.3
06,21,1949,29.15
06,22,1949,30.35
06,23,1949,29.35
06,24,1949,29.9
06,25,1949,31.1
06,26,1949,30.25
06,27,1949,29.4
06,28,1949,27.65
06,29,1949,27.0
06,30,1949,28.15
07,01,1949,27.75
07,02,1949,27.9
07,03,1949,28.0
07,04,1949,30.15
07,05,1949,28.15
07,06,1949,28.75
07,07,1949,29.3
07,08,1949,29.0
07,09,1949,28.15
07,10,1949,28.75
07,11,1949,28.9
07,12,1949,28.5
07,13,1949,28.9
07,14,1949,28.5
07,15,1949,29.4
07,16,1949,28.65
07,17,1949,28.15
07,18,1949,28.8
07,19,1949,29.65
07,20,1949,29.65
07,21,1949,29.0
07,22,1949,30.0
07,23,1949,29.8
07,24,1949,28.0
07,25,1949,28.65
07,26,1949,30.15
07,27,1949,30.0
07,28,1949,30.15
07,29,1949,28.75
07,30,1949,30.65
07,31,1949,29.0
08,01,1949,28.75
08,02,1949,28.5
08,03,1949,27.9
08,04,1949,28.25
08,05,1949,28.0
08,06,1949,27.65
08,07,1949,27.5
08,08,1949,28.65
08,09,1949,27.75
08,10,1949,27.8
08,11,1949,28.0
08,12,1949,29.3
08,13,1949,28.15
08,14,1949,27.8
08,15,1949,29.0
08,16,1949,29.0
08,17,1949,28.7
08,18,1949,29.15
08,19,1949,30.15
08,20,1949,28.75
08,21,1949,28.65
08,22,1949,27.8
08,23,1949,27.4
08,24,1949,27.65
08,25,1949,28.25
08,26,1949,28.5
08,27,1949,29.3
08,28,1949,28.65
08,29,1949,28.65
08,30,1949,28.3
08,31,1949,27.8
09,01,1949,28.15
09,02,1949,27.6
09,03,1949,28.3
09,04,1949,27.9
09,05,1949,27.25
09,06,1949,27.8
09,07,1949,29.8
09,08,1949,28.0
09,09,1949,28.4
09,10,1949,27.5
09,11,1949,28.4
09,12,1949,29.4
09,13,1949,29.5
09,14,1949,28.4
09,15,1949,27.4
09,16,1949,27.9
09,17,1949,28.5
09,18,1949,29.9
09,19,1949,28.4
09,20,1949,27.4
09,21,1949,27.85
09,22,1949,27.8
09,23,1949,28.4
09,24,1949,29.0
09,25,1949,28.4
09,26,1949,28.5
09,27,1949,28.1
09,28,1949,27.6
09,29,1949,28.3
09,30,1949,25.9
10,01,1949,23.9
10,02,1949,27.7
10,03,1949,26.9
10,04,1949,28.8
10,05,1949,28.4
10,06,1949,28.65
10,07,1949,27.75
10,08,1949,28.25
10,09,1949,27.9
10,10,1949,27.3
10,11,1949,28.35
10,12,1949,26.4
10,13,1949,25.9
10,14,1949,26.7
10,15,1949,25.8
10,16,1949,25.8
10,17,1949,26.4
10,18,1949,25.65
10,19,1949,27.4
10,20,1949,27.25
10,21,1949,27.8
10,22,1949,28.3
10,23,1949,26.3
10,24,1949,27.3
10,25,1949,27.15
10,26,1949,26.5
10,27,1949,26.15
10,28,1949,26.4
10,29,1949,27.7
10,30,1949,26.6
10,31,1949,25.9
11,01,1949,22.0
11,02,1949,22.25
11,03,1949,21.35
11,04,1949,21.0
11,05,1949,22.3
11,06,1949,22.25
11,07,1949,23.65
11,08,1949,23.5
11,09,1949,20.9
11,10,1949,22.4
11,11,1949,24.4
11,12,1949,26.4
11,13,1949,26.8
11,14,1949,22.5
11,15,1949,21.8
11,16,1949,20.8
11,17,1949,22.4
11,18,1949,21.15
11,19,1949,20.9
11,20,1949,20.3
11,21,1949,20.1
11,22,1949,20.8
11,23,1949,18.25
11,24,1949,19.8
11,25,1949,20.8
11,26,1949,21.5
11,27,1949,22.4
11,28,1949,21.8
11,29,1949,20.9
11,30,1949,21.3
12,01,1949,20.9
12,02,1949,21.9
12,03,1949,21.4
12,04,1949,22.8
12,05,1949,22.9
12,06,1949,24.4
12,07,1949,21.75
12,08,1949,23.9
12,09,1949,25.8
12,10,1949,24.0
12,11,1949,24.9
12,12,1949,25.0
12,13,1949,23.4
12,14,1949,23.9
12,15,1949,22.9
12,16,1949,23.6
12,17,1949,23.4
12,18,1949,21.9
12,19,1949,24.3
12,20,1949,21.6
12,21,1949,23.15
12,22,1949,24.8
12,23,1949,23.1
12,24,1949,22.4
12,25,1949,23.15
12,26,1949,22.75
12,27,1949,24.4
12,28,1949,24.1
12,29,1949,24.0
12,30,1949,23.9
12,31,1949,23.35
01,01,1950,null
01,02,1950,null
01,03,1950,null
01,04,1950,null
01,05,1950,null
01,06,1950,null
01,07,1950,null
01,08,1950,null
01,09,1950,null
01,10,1950,null
01,11,1950,null
01,12,1950,null
01,13,1950,null
01,14,1950,null
01,15,1950,null
01,16,1950,null
01,17,1950,null
01,18,1950,null
01,19,1950,null
01,20,1950,null
01,21,1950,null
01,22,1950,null
01,23,1950,null
01,24,1950,null
01,25,1950,null
01,26,1950,null
01,27,1950,null
01,28,1950,null
01,29,1950,null
01,30,1950,null
01,31,1950,null
02,01,1950,null
02,02,1950,null
02,03,1950,null
02,04,1950,null
02,05,1950,null
02,06,1950,null
02,07,1950,null
02,08,1950,null
02,09,1950,null
02,10,1950,null
02,11,1950,null
02,12,1950,null
02,13,1950,null
02,14,1950,null
02,15,1950,null
02,16,1950,null
02,17,1950,null
02,18,1950,null
02,19,1950,null
02,20,1950,null
02,21,1950,null
02,22,1950,null
02,23,1950,null
02,24,1950,null
02,25,1950,null
02,26,1950,null
02,27,1950,null
02,28,1950,null
03,01,1950,null
03,02,1950,null
03,03,1950,null
03,04,1950,null
03,05,1950,null
03,06,1950,null
03,07,1950,null
03,08,1950,null
03,09,1950,null
03,10,1950,null
03,11,1950,null
03,12,1950,null
03,13,1950,null
03,14,1950,null
03,15,1950,null
03,16,1950,null
03,17,1950,null
03,18,1950,null
03,19,1950,null
03,20,1950,null
03,21,1950,null
03,22,1950,null
03,23,1950,null
03,24,1950,null
03,25,1950,null
03,26,1950,null
03,27,1950,null
03,28,1950,null
03,29,1950,null
03,30,1950,null
03,31,1950,null
04,01,1950,null
04,02,1950,null
04,03,1950,null
04,04,1950,null
04,05,1950,null
04,06,1950,null
04,07,1950,null
04,08,1950,null
04,09,1950,null
04,10,1950,null
04,11,1950,null
04,12,1950,null
04,13,1950,null
04,14,1950,null
04,15,1950,null
04,16,1950,null
04,17,1950,null
04,18,1950,null
04,19,1950,null
04,20,1950,null
04,21,1950,null
04,22,1950,null
04,23,1950,null
04,24,1950,null
04,25,1950,null
04,26,1950,null
04,27,1950,null
04,28,1950,null
04,29,1950,null
04,30,1950,null
05,01,1950,null
05,02,1950,null
05,03,1950,null
05,04,1950,null
05,05,1950,null
05,06,1950,null
05,07,1950,null
05,08,1950,null
05,09,1950,null
05,10,1950,null
05,11,1950,null
05,12,1950,null
05,13,1950,null
05,14,1950,null
05,15,1950,null
05,16,1950,null
05,17,1950,null
05,18,1950,null
05,19,1950,null
05,20,1950,null
05,21,1950,null
05,22,1950,null
05,23,1950,null
05,24,1950,null
05,25,1950,null
05,26,1950,null
05,27,1950,null
05,28,1950,null
05,29,1950,null
05,30,1950,null
05,31,1950,null
06,01,1950,null
06,02,1950,null
06,03,1950,null
06,04,1950,null
06,05,1950,null
06,06,1950,null
06,07,1950,null
06,08,1950,null
06,09,1950,null
06,10,1950,null
06,11,1950,null
06,12,1950,null
06,13,1950,null
06,14,1950,null
06,15,1950,null
06,16,1950,null
06,17,1950,null
06,18,1950,null
06,19,1950,null
06,20,1950,null
06,21,1950,null
06,22,1950,null
06,23,1950,null
06,24,1950,null
06,25,1950,null
06,26,1950,null
06,27,1950,null
06,28,1950,null
06,29,1950,null
06,30,1950,null
07,01,1950,null
07,02,1950,null
07,03,1950,null
07,04,1950,null
07,05,1950,null
07,06,1950,null
07,07,1950,null
07,08,1950,null
07,09,1950,null
07,10,1950,null
07,11,1950,null
07,12,1950,null
07,13,1950,null
07,14,1950,null
07,15,1950,null
07,16,1950,null
07,17,1950,null
07,18,1950,null
07,19,1950,null
07,20,1950,null
07,21,1950,null
07,22,1950,null
07,23,1950,null
07,24,1950,null
07,25,1950,null
07,26,1950,null
07,27,1950,null
07,28,1950,null
07,29,1950,null
07,30,1950,null
07,31,1950,null
08,01,1950,null
08,02,1950,null
08,03,1950,null
08,04,1950,null
08,05,1950,null
08,06,1950,null
08,07,1950,null
08,08,1950,null
08,09,1950,null
08,10,1950,null
08,11,1950,null
08,12,1950,null
08,13,1950,null
08,14,1950,null
08,15,1950,null
08,16,1950,null
08,17,1950,null
08,18,1950,null
08,19,1950,null
08,20,1950,null
08,21,1950,null
08,22,1950,null
08,23,1950,null
08,24,1950,null
08,25,1950,null
08,26,1950,null
08,27,1950,null
08,28,1950,null
08,29,1950,null
08,30,1950,null
08,31,1950,null
09,01,1950,null
09,02,1950,null
09,03,1950,null
09,04,1950,null
09,05,1950,null
09,06,1950,null
09,07,1950,null
09,08,1950,null
09,09,1950,null
09,10,1950,null
09,11,1950,null
09,12,1950,null
09,13,1950,null
09,14,1950,null
09,15,1950,null
09,16,1950,null
09,17,1950,null
09,18,1950,null
09,19,1950,null
09,20,1950,null
09,21,1950,null
09,22,1950,null
09,23,1950,null
09,24,1950,null
09,25,1950,null
09,26,1950,null
09,27,1950,null
09,28,1950,null
09,29,1950,null
09,30,1950,null
10,01,1950,null
10,02,1950,null
10,03,1950,null
10,04,1950,null
10,05,1950,null
10,06,1950,null
10,07,1950,null
10,08,1950,null
10,09,1950,null
10,10,1950,null
10,11,1950,null
10,12,1950,null
10,13,1950,null
10,14,1950,null
10,15,1950,null
10,16,1950,null
10,17,1950,null
10,18,1950,null
10,19,1950,null
10,20,1950,null
10,21,1950,null
10,22,1950,null
10,23,1950,null
10,24,1950,null
10,25,1950,null
10,26,1950,null
10,27,1950,null
10,28,1950,null
10,29,1950,null
10,30,1950,null
10,31,1950,null
11,01,1950,null
11,02,1950,null
11,03,1950,null
11,04,1950,null
11,05,1950,null
11,06,1950,null
11,07,1950,null
11,08,1950,null
11,09,1950,null
11,10,1950,null
11,11,1950,null
11,12,1950,null
11,13,1950,null
11,14,1950,null
11,15,1950,null
11,16,1950,null
11,17,1950,null
11,18,1950,null
11,19,1950,null
11,20,1950,null
11,21,1950,null
11,22,1950,null
11,23,1950,null
11,24,1950,null
11,25,1950,null
11,26,1950,null
11,27,1950,null
11,28,1950,null
11,29,1950,null
11,30,1950,null
12,01,1950,null
12,02,1950,null
12,03,1950,null
12,04,1950,null
12,05,1950,null
12,06,1950,null
12,07,1950,null
12,08,1950,null
12,09,1950,null
12,10,1950,null
12,11,1950,null
12,12,1950,null
12,13,1950,null
12,14,1950,null
12,15,1950,null
12,16,1950,null
12,17,1950,null
12,18,1950,null
12,19,1950,null
12,20,1950,null
12,21,1950,null
12,22,1950,null
12,23,1950,null
12,24,1950,null
12,25,1950,null
12,26,1950,null
12,27,1950,null
12,28,1950,null
12,29,1950,null
12,30,1950,null
12,31,1950,null
01,01,1951,null
01,02,1951,null
01,03,1951,null
01,04,1951,null
01,05,1951,null
01,06,1951,null
01,07,1951,null
01,08,1951,null
01,09,1951,null
01,10,1951,null
01,11,1951,null
01,12,1951,null
01,13,1951,null
01,14,1951,null
01,15,1951,null
01,16,1951,null
01,17,1951,null
01,18,1951,null
01,19,1951,null
01,20,1951,null
01,21,1951,null
01,22,1951,null
01,23,1951,null
01,24,1951,null
01,25,1951,null
01,26,1951,null
01,27,1951,null
01,28,1951,null
01,29,1951,null
01,30,1951,null
01,31,1951,null
02,01,1951,null
02,02,1951,null
02,03,1951,null
02,04,1951,null
02,05,1951,null
02,06,1951,null
02,07,1951,null
02,08,1951,null
02,09,1951,null
02,10,1951,null
02,11,1951,null
02,12,1951,null
02,13,1951,null
02,14,1951,null
02,15,1951,null
02,16,1951,null
02,17,1951,null
02,18,1951,null
02,19,1951,null
02,20,1951,null
02,21,1951,null
02,22,1951,null
02,23,1951,null
02,24,1951,null
02,25,1951,null
02,26,1951,null
02,27,1951,null
02,28,1951,null
03,01,1951,null
03,02,1951,null
03,03,1951,null
03,04,1951,null
03,05,1951,null
03,06,1951,null
03,07,1951,null
03,08,1951,null
03,09,1951,null
03,10,1951,null
03,11,1951,null
03,12,1951,null
03,13,1951,null
03,14,1951,null
03,15,1951,null
03,16,1951,null
03,17,1951,null
03,18,1951,null
03,19,1951,null
03,20,1951,null
03,21,1951,null
03,22,1951,null
03,23,1951,null
03,24,1951,null
03,25,1951,null
03,26,1951,null
03,27,1951,null
03,28,1951,null
03,29,1951,null
03,30,1951,null
03,31,1951,null
04,01,1951,null
04,02,1951,null
04,03,1951,null
04,04,1951,null
04,05,1951,null
04,06,1951,null
04,07,1951,null
04,08,1951,null
04,09,1951,null
04,10,1951,null
04,11,1951,null
04,12,1951,null
04,13,1951,null
04,14,1951,null
04,15,1951,null
04,16,1951,null
04,17,1951,null
04,18,1951,null
04,19,1951,null
04,20,1951,null
04,21,1951,null
04,22,1951,null
04,23,1951,null
04,24,1951,null
04,25,1951,null
04,26,1951,null
04,27,1951,null
04,28,1951,null
04,29,1951,null
04,30,1951,null
05,01,1951,null
05,02,1951,null
05,03,1951,null
05,04,1951,null
05,05,1951,null
05,06,1951,null
05,07,1951,null
05,08,1951,null
05,09,1951,null
05,10,1951,null
05,11,1951,null
05,12,1951,null
05,13,1951,null
05,14,1951,null
05,15,1951,null
05,16,1951,null
05,17,1951,null
05,18,1951,null
05,19,1951,null
05,20,1951,null
05,21,1951,null
05,22,1951,null
05,23,1951,null
05,24,1951,null
05,25,1951,null
05,26,1951,null
05,27,1951,null
05,28,1951,null
05,29,1951,null
05,30,1951,null
05,31,1951,null
06,01,1951,null
06,02,1951,null
06,03,1951,null
06,04,1951,null
06,05,1951,null
06,06,1951,null
06,07,1951,null
06,08,1951,null
06,09,1951,null
06,10,1951,null
06,11,1951,null
06,12,1951,null
06,13,1951,null
06,14,1951,null
06,15,1951,null
06,16,1951,null
06,17,1951,null
06,18,1951,null
06,19,1951,null
06,20,1951,null
06,21,1951,null
06,22,1951,null
06,23,1951,null
06,24,1951,null
06,25,1951,null
06,26,1951,null
06,27,1951,null
06,28,1951,null
06,29,1951,null
06,30,1951,null
07,01,1951,null
07,02,1951,null
07,03,1951,null
07,04,1951,null
07,05,1951,null
07,06,1951,null
07,07,1951,null
07,08,1951,null
07,09,1951,null
07,10,1951,null
07,11,1951,null
07,12,1951,null
07,13,1951,null
07,14,1951,null
07,15,1951,null
07,16,1951,null
07,17,1951,null
07,18,1951,null
07,19,1951,null
07,20,1951,null
07,21,1951,null
07,22,1951,null
07,23,1951,null
07,24,1951,null
07,25,1951,null
07,26,1951,null
07,27,1951,null
07,28,1951,null
07,29,1951,null
07,30,1951,null
07,31,1951,null
08,01,1951,null
08,02,1951,null
08,03,1951,null
08,04,1951,null
08,05,1951,null
08,06,1951,null
08,07,1951,null
08,08,1951,null
08,09,1951,null
08,10,1951,null
08,11,1951,null
08,12,1951,null
08,13,1951,null
08,14,1951,null
08,15,1951,null
08,16,1951,null
08,17,1951,null
08,18,1951,null
08,19,1951,null
08,20,1951,null
08,21,1951,null
08,22,1951,null
08,23,1951,null
08,24,1951,null
08,25,1951,null
08,26,1951,null
08,27,1951,null
08,28,1951,null
08,29,1951,null
08,30,1951,null
08,31,1951,null
09,01,1951,null
09,02,1951,null
09,03,1951,null
09,04,1951,null
09,05,1951,null
09,06,1951,null
09,07,1951,null
09,08,1951,null
09,09,1951,null
09,10,1951,null
09,11,1951,null
09,12,1951,null
09,13,1951,null
09,14,1951,null
09,15,1951,null
09,16,1951,null
09,17,1951,null
09,18,1951,null
09,19,1951,null
09,20,1951,null
09,21,1951,null
09,22,1951,null
09,23,1951,null
09,24,1951,null
09,25,1951,null
09,26,1951,null
09,27,1951,null
09,28,1951,null
09,29,1951,null
09,30,1951,null
10,01,1951,null
10,02,1951,null
10,03,1951,null
10,04,1951,null
10,05,1951,null
10,06,1951,null
10,07,1951,null
10,08,1951,null
10,09,1951,null
10,10,1951,null
10,11,1951,null
10,12,1951,null
10,13,1951,null
10,14,1951,null
10,15,1951,null
10,16,1951,null
10,17,1951,null
10,18,1951,null
10,19,1951,null
10,20,1951,null
10,21,1951,null
10,22,1951,null
10,23,1951,null
10,24,1951,null
10,25,1951,null
10,26,1951,null
10,27,1951,null
10,28,1951,null
10,29,1951,null
10,30,1951,null
10,31,1951,null
11,01,1951,null
11,02,1951,null
11,03,1951,null
11,04,1951,null
11,05,1951,null
11,06,1951,null
11,07,1951,null
11,08,1951,null
11,09,1951,null
11,10,1951,null
11,11,1951,null
11,12,1951,null
11,13,1951,null
11,14,1951,null
11,15,1951,null
11,16,1951,null
11,17,1951,null
11,18,1951,null
11,19,1951,null
11,20,1951,null
11,21,1951,null
11,22,1951,null
11,23,1951,null
11,24,1951,null
11,25,1951,null
11,26,1951,null
11,27,1951,null
11,28,1951,null
11,29,1951,null
11,30,1951,null
12,01,1951,null
12,02,1951,null
12,03,1951,null
12,04,1951,null
12,05,1951,null
12,06,1951,null
12,07,1951,null
12,08,1951,null
12,09,1951,null
12,10,1951,null
12,11,1951,null
12,12,1951,null
12,13,1951,null
12,14,1951,null
12,15,1951,null
12,16,1951,null
12,17,1951,null
12,18,1951,null
12,19,1951,null
12,20,1951,null
12,21,1951,null
12,22,1951,null
12,23,1951,null
12,24,1951,null
12,25,1951,null
12,26,1951,null
12,27,1951,null
12,28,1951,null
12,29,1951,null
12,30,1951,null
12,31,1951,null
01,01,1952,null
01,02,1952,null
01,03,1952,null
01,04,1952,null
01,05,1952,null
01,06,1952,null
01,07,1952,null
01,08,1952,null
01,09,1952,null
01,10,1952,null
01,11,1952,null
01,12,1952,null
01,13,1952,null
01,14,1952,null
01,15,1952,null
01,16,1952,null
01,17,1952,null
01,18,1952,null
01,19,1952,null
01,20,1952,null
01,21,1952,null
01,22,1952,null
01,23,1952,null
01,24,1952,null
01,25,1952,null
01,26,1952,null
01,27,1952,null
01,28,1952,null
01,29,1952,null
01,30,1952,null
01,31,1952,null
02,01,1952,null
02,02,1952,null
02,03,1952,null
02,04,1952,null
02,05,1952,null
02,06,1952,null
02,07,1952,null
02,08,1952,null
02,09,1952,null
02,10,1952,null
02,11,1952,null
02,12,1952,null
02,13,1952,null
02,14,1952,null
02,15,1952,null
02,16,1952,null
02,17,1952,null
02,18,1952,null
02,19,1952,null
02,20,1952,null
02,21,1952,null
02,22,1952,null
02,23,1952,null
02,24,1952,null
02,25,1952,null
02,26,1952,null
02,27,1952,null
02,28,1952,null
02,29,1952,null
03,01,1952,null
03,02,1952,null
03,03,1952,null
03,04,1952,null
03,05,1952,null
03,06,1952,null
03,07,1952,null
03,08,1952,null
03,09,1952,null
03,10,1952,null
03,11,1952,null
03,12,1952,null
03,13,1952,null
03,14,1952,null
03,15,1952,null
03,16,1952,null
03,17,1952,null
03,18,1952,null
03,19,1952,null
03,20,1952,null
03,21,1952,null
03,22,1952,null
03,23,1952,null
03,24,1952,null
03,25,1952,null
03,26,1952,null
03,27,1952,null
03,28,1952,null
03,29,1952,null
03,30,1952,null
03,31,1952,null
04,01,1952,null
04,02,1952,null
04,03,1952,null
04,04,1952,null
04,05,1952,null
04,06,1952,null
04,07,1952,null
04,08,1952,null
04,09,1952,null
04,10,1952,null
04,11,1952,null
04,12,1952,null
04,13,1952,null
04,14,1952,null
04,15,1952,null
04,16,1952,null
04,17,1952,null
04,18,1952,null
04,19,1952,null
04,20,1952,null
04,21,1952,null
04,22,1952,null
04,23,1952,null
04,24,1952,null
04,25,1952,null
04,26,1952,null
04,27,1952,null
04,28,1952,null
04,29,1952,null
04,30,1952,null
05,01,1952,null
05,02,1952,null
05,03,1952,null
05,04,1952,null
05,05,1952,null
05,06,1952,null
05,07,1952,null
05,08,1952,null
05,09,1952,null
05,10,1952,null
05,11,1952,null
05,12,1952,null
05,13,1952,null
05,14,1952,null
05,15,1952,null
05,16,1952,null
05,17,1952,null
05,18,1952,null
05,19,1952,null
05,20,1952,null
05,21,1952,null
05,22,1952,null
05,23,1952,null
05,24,1952,null
05,25,1952,null
05,26,1952,null
05,27,1952,null
05,28,1952,null
05,29,1952,null
05,30,1952,null
05,31,1952,null
06,01,1952,null
06,02,1952,null
06,03,1952,null
06,04,1952,null
06,05,1952,null
06,06,1952,null
06,07,1952,null
06,08,1952,null
06,09,1952,null
06,10,1952,null
06,11,1952,null
06,12,1952,null
06,13,1952,null
06,14,1952,null
06,15,1952,null
06,16,1952,null
06,17,1952,null
06,18,1952,null
06,19,1952,null
06,20,1952,null
06,21,1952,null
06,22,1952,null
06,23,1952,null
06,24,1952,null
06,25,1952,null
06,26,1952,null
06,27,1952,null
06,28,1952,null
06,29,1952,null
06,30,1952,null
07,01,1952,null
07,02,1952,null
07,03,1952,null
07,04,1952,null
07,05,1952,null
07,06,1952,null
07,07,1952,null
07,08,1952,null
07,09,1952,null
07,10,1952,null
07,11,1952,null
07,12,1952,null
07,13,1952,null
07,14,1952,null
07,15,1952,null
07,16,1952,null
07,17,1952,null
07,18,1952,null
07,19,1952,null
07,20,1952,null
07,21,1952,null
07,22,1952,null
07,23,1952,null
07,24,1952,null
07,25,1952,null
07,26,1952,null
07,27,1952,null
07,28,1952,null
07,29,1952,null
07,30,1952,null
07,31,1952,null
08,01,1952,26.25
08,02,1952,27.9
08,03,1952,28.15
08,04,1952,28.4
08,05,1952,28.6
08,06,1952,26.9
08,07,1952,27.5
08,08,1952,27.5
08,09,1952,28.65
08,10,1952,27.8
08,11,1952,27.5
08,12,1952,25.85
08,13,1952,26.75
08,14,1952,26.0
08,15,1952,25.65
08,16,1952,26.15
08,17,1952,25.5
08,18,1952,25.1
08,19,1952,27.85
08,20,1952,27.65
08,21,1952,26.15
08,22,1952,27.1
08,23,1952,27.15
08,24,1952,26.3
08,25,1952,29.4
08,26,1952,27.5
08,27,1952,28.5
08,28,1952,28.0
08,29,1952,28.5
08,30,1952,25.75
08,31,1952,27.9
09,01,1952,28.0
09,02,1952,28.5
09,03,1952,28.35
09,04,1952,29.9
09,05,1952,28.3
09,06,1952,27.75
09,07,1952,27.5
09,08,1952,26.65
09,09,1952,27.35
09,10,1952,27.85
09,11,1952,26.75
09,12,1952,26.4
09,13,1952,27.8
09,14,1952,26.65
09,15,1952,26.15
09,16,1952,27.5
09,17,1952,29.5
09,18,1952,27.75
09,19,1952,29.3
09,20,1952,26.5
09,21,1952,27.5
09,22,1952,26.8
09,23,1952,26.25
09,24,1952,27.75
09,25,1952,29.0
09,26,1952,28.5
09,27,1952,27.0
09,28,1952,24.9
09,29,1952,26.4
09,30,1952,27.65
10,01,1952,27.1
10,02,1952,28.0
10,03,1952,26.75
10,04,1952,26.5
10,05,1952,25.6
10,06,1952,26.2
10,07,1952,26.4
10,08,1952,22.6
10,09,1952,23.15
10,10,1952,23.1
10,11,1952,22.9
10,12,1952,23.1
10,13,1952,23.1
10,14,1952,24.35
10,15,1952,26.65
10,16,1952,25.1
10,17,1952,24.9
10,18,1952,24.9
10,19,1952,24.2
10,20,1952,23.9
10,21,1952,23.25
10,22,1952,22.75
10,23,1952,22.15
10,24,1952,23.85
10,25,1952,21.5
10,26,1952,22.1
10,27,1952,21.5
10,28,1952,23.5
10,29,1952,23.35
10,30,1952,22.4
10,31,1952,22.1
11,01,1952,23.35
11,02,1952,21.6
11,03,1952,27.4
11,04,1952,25.75
11,05,1952,23.0
11,06,1952,25.1
11,07,1952,23.85
11,08,1952,25.75
11,09,1952,26.4
11,10,1952,26.25
11,11,1952,26.6
11,12,1952,24.0
11,13,1952,24.5
11,14,1952,25.65
11,15,1952,25.65
11,16,1952,25.2
11,17,1952,26.0
11,18,1952,25.9
11,19,1952,25.5
11,20,1952,22.1
11,21,1952,21.75
11,22,1952,21.65
11,23,1952,22.65
11,24,1952,22.7
11,25,1952,24.2
11,26,1952,25.0
11,27,1952,25.75
11,28,1952,25.35
11,29,1952,23.9
11,30,1952,24.4
12,01,1952,23.4
12,02,1952,24.35
12,03,1952,23.85
12,04,1952,24.75
12,05,1952,23.15
12,06,1952,22.1
12,07,1952,22.25
12,08,1952,23.3
12,09,1952,24.5
12,10,1952,24.15
12,11,1952,21.9
12,12,1952,18.75
12,13,1952,20.1
12,14,1952,19.9
12,15,1952,19.65
12,16,1952,20.0
12,17,1952,21.35
12,18,1952,20.65
12,19,1952,22.25
12,20,1952,22.0
12,21,1952,22.9
12,22,1952,23.0
12,23,1952,22.7
12,24,1952,23.5
12,25,1952,25.75
12,26,1952,24.0
12,27,1952,22.5
12,28,1952,23.8
12,29,1952,22.6
12,30,1952,22.5
12,31,1952,22.75
01,01,1953,23.1
01,02,1953,23.0
01,03,1953,22.75
01,04,1953,22.25
01,05,1953,19.6
01,06,1953,19.6
01,07,1953,23.1
01,08,1953,24.35
01,09,1953,22.5
01,10,1953,21.25
01,11,1953,17.25
01,12,1953,17.75
01,13,1953,18.1
01,14,1953,19.65
01,15,1953,22.65
01,16,1953,24.5
01,17,1953,24.85
01,18,1953,25.65
01,19,1953,25.2
01,20,1953,25.6
01,21,1953,23.9
01,22,1953,24.25
01,23,1953,24.75
01,24,1953,24.9
01,25,1953,20.2
01,26,1953,21.15
01,27,1953,20.65
01,28,1953,21.7
01,29,1953,24.65
01,30,1953,24.1
01,31,1953,25.5
02,01,1953,25.0
02,02,1953,23.5
02,03,1953,21.1
02,04,1953,21.5
02,05,1953,20.75
02,06,1953,23.75
02,07,1953,24.65
02,08,1953,23.1
02,09,1953,24.85
02,10,1953,25.0
02,11,1953,23.5
02,12,1953,25.6
02,13,1953,25.6
02,14,1953,26.1
02,15,1953,22.85
02,16,1953,20.35
02,17,1953,23.75
02,18,1953,24.5
02,19,1953,24.6
02,20,1953,26.7
02,21,1953,25.9
02,22,1953,22.5
02,23,1953,23.5
02,24,1953,24.35
02,25,1953,24.75
02,26,1953,25.4
02,27,1953,26.75
02,28,1953,26.25
03,01,1953,26.8
03,02,1953,27.15
03,03,1953,27.5
03,04,1953,28.0
03,05,1953,28.15
03,06,1953,28.15
03,07,1953,27.6
03,08,1953,23.1
03,09,1953,26.15
03,10,1953,25.5
03,11,1953,25.15
03,12,1953,26.75
03,13,1953,26.15
03,14,1953,26.25
03,15,1953,26.7
03,16,1953,27.4
03,17,1953,27.0
03,18,1953,26.25
03,19,1953,27.75
03,20,1953,28.0
03,21,1953,26.75
03,22,1953,29.5
03,23,1953,30.7
03,24,1953,28.0
03,25,1953,28.25
03,26,1953,26.7
03,27,1953,26.4
03,28,1953,26.3
03,29,1953,24.35
03,30,1953,25.1
03,31,1953,27.4
04,01,1953,28.75
04,02,1953,29.9
04,03,1953,29.35
04,04,1953,29.7
04,05,1953,29.9
04,06,1953,31.3
04,07,1953,32.0
04,08,1953,31.9
04,09,1953,32.0
04,10,1953,32.1
04,11,1953,32.0
04,12,1953,31.15
04,13,1953,28.5
04,14,1953,29.25
04,15,1953,30.9
04,16,1953,29.1
04,17,1953,30.65
04,18,1953,29.35
04,19,1953,30.5
04,20,1953,29.85
04,21,1953,30.4
04,22,1953,29.85
04,23,1953,30.0
04,24,1953,30.0
04,25,1953,31.25
04,26,1953,29.65
04,27,1953,29.25
04,28,1953,29.5
04,29,1953,32.4
04,30,1953,32.9
05,01,1953,32.5
05,02,1953,32.85
05,03,1953,32.4
05,04,1953,30.75
05,05,1953,27.25
05,06,1953,26.0
05,07,1953,27.9
05,08,1953,29.25
05,09,1953,30.15
05,10,1953,30.1
05,11,1953,29.6
05,12,1953,30.15
05,13,1953,31.0
05,14,1953,28.4
05,15,1953,29.6
05,16,1953,30.85
05,17,1953,32.3
05,18,1953,31.6
05,19,1953,31.5
05,20,1953,31.5
05,21,1953,31.8
05,22,1953,31.1
05,23,1953,30.75
05,24,1953,28.65
05,25,1953,30.0
05,26,1953,29.8
05,27,1953,28.85
05,28,1953,27.75
05,29,1953,26.8
05,30,1953,28.0
05,31,1953,26.75
06,01,1953,30.15
06,02,1953,30.35
06,03,1953,29.3
06,04,1953,29.6
06,05,1953,30.6
06,06,1953,30.15
06,07,1953,30.0
06,08,1953,27.9
06,09,1953,29.85
06,10,1953,27.1
06,11,1953,29.5
06,12,1953,27.0
06,13,1953,27.25
06,14,1953,28.75
06,15,1953,28.75
06,16,1953,28.9
06,17,1953,28.3
06,18,1953,27.6
06,19,1953,28.4
06,20,1953,28.75
06,21,1953,29.3
06,22,1953,30.65
06,23,1953,26.25
06,24,1953,28.0
06,25,1953,29.7
06,26,1953,29.6
06,27,1953,28.9
06,28,1953,28.85
06,29,1953,27.65
06,30,1953,26.0
07,01,1953,26.5
07,02,1953,29.25
07,03,1953,27.1
07,04,1953,26.75
07,05,1953,27.35
07,06,1953,26.9
07,07,1953,27.25
07,08,1953,25.0
07,09,1953,25.75
07,10,1953,27.25
07,11,1953,25.65
07,12,1953,26.5
07,13,1953,27.9
07,14,1953,28.75
07,15,1953,27.9
07,16,1953,27.4
07,17,1953,28.35
07,18,1953,26.4
07,19,1953,26.9
07,20,1953,27.2
07,21,1953,28.0
07,22,1953,28.4
07,23,1953,26.85
07,24,1953,27.6
07,25,1953,27.4
07,26,1953,27.4
07,27,1953,28.15
07,28,1953,26.85
07,29,1953,26.25
07,30,1953,27.0
07,31,1953,26.4
08,01,1953,26.85
08,02,1953,26.25
08,03,1953,26.65
08,04,1953,26.25
08,05,1953,27.15
08,06,1953,27.6
08,07,1953,27.2
08,08,1953,27.1
08,09,1953,27.3
08,10,1953,28.9
08,11,1953,28.65
08,12,1953,28.25
08,13,1953,27.0
08,14,1953,27.0
08,15,1953,27.3
08,16,1953,27.2
08,17,1953,27.75
08,18,1953,27.3
08,19,1953,27.35
08,20,1953,28.8
08,21,1953,28.6
08,22,1953,27.9
08,23,1953,27.25
08,24,1953,28.85
08,25,1953,26.8
08,26,1953,27.4
08,27,1953,28.8
08,28,1953,29.0
08,29,1953,27.75
08,30,1953,30.0
08,31,1953,30.3
09,01,1953,28.5
09,02,1953,28.5
09,03,1953,29.5
09,04,1953,27.75
09,05,1953,29.0
09,06,1953,28.0
09,07,1953,28.65
09,08,1953,28.8
09,09,1953,27.85
09,10,1953,27.0
09,11,1953,28.85
09,12,1953,28.25
09,13,1953,27.9
09,14,1953,27.65
09,15,1953,27.1
09,16,1953,28.15
09,17,1953,28.3
09,18,1953,29.9
09,19,1953,30.65
09,20,1953,29.4
09,21,1953,28.1
09,22,1953,27.5
09,23,1953,26.35
09,24,1953,24.3
09,25,1953,25.0
09,26,1953,26.35
09,27,1953,25.0
09,28,1953,24.85
09,29,1953,26.4
09,30,1953,26.3
10,01,1953,26.25
10,02,1953,25.75
10,03,1953,26.0
10,04,1953,27.5
10,05,1953,25.5
10,06,1953,26.65
10,07,1953,23.0
10,08,1953,20.4
10,09,1953,24.5
10,10,1953,24.9
10,11,1953,26.15
10,12,1953,28.5
10,13,1953,27.75
10,14,1953,24.25
10,15,1953,25.0
10,16,1953,26.25
10,17,1953,26.75
10,18,1953,27.5
10,19,1953,26.0
10,20,1953,26.0
10,21,1953,28.25
10,22,1953,27.75
10,23,1953,26.75
10,24,1953,27.75
10,25,1953,28.5
10,26,1953,26.5
10,27,1953,27.75
10,28,1953,27.25
10,29,1953,25.75
10,30,1953,26.0
10,31,1953,23.5
11,01,1953,25.5
11,02,1953,25.75
11,03,1953,27.75
11,04,1953,27.25
11,05,1953,26.65
11,06,1953,26.25
11,07,1953,25.25
11,08,1953,26.25
11,09,1953,21.5
11,10,1953,20.9
11,11,1953,21.5
11,12,1953,21.25
11,13,1953,21.25
11,14,1953,20.9
11,15,1953,23.75
11,16,1953,24.25
11,17,1953,24.0
11,18,1953,25.15
11,19,1953,26.15
11,20,1953,26.4
11,21,1953,26.75
11,22,1953,28.4
11,23,1953,28.5
11,24,1953,27.75
11,25,1953,24.9
11,26,1953,21.0
11,27,1953,19.65
11,28,1953,21.0
11,29,1953,21.65
11,30,1953,22.5
12,01,1953,24.0
12,02,1953,24.25
12,03,1953,26.25
12,04,1953,27.0
12,05,1953,27.0
12,06,1953,26.15
12,07,1953,25.5
12,08,1953,24.15
12,09,1953,25.5
12,10,1953,24.75
12,11,1953,24.15
12,12,1953,25.8
12,13,1953,21.5
12,14,1953,19.5
12,15,1953,17.5
12,16,1953,19.25
12,17,1953,21.0
12,18,1953,20.25
12,19,1953,22.25
12,20,1953,21.85
12,21,1953,22.5
12,22,1953,25.6
12,23,1953,25.5
12,24,1953,23.85
12,25,1953,18.75
12,26,1953,18.75
12,27,1953,20.75
12,28,1953,24.1
12,29,1953,23.5
12,30,1953,24.4
12,31,1953,22.5
01,01,1954,22.65
01,02,1954,23.4
01,03,1954,24.25
01,04,1954,25.0
01,05,1954,24.25
01,06,1954,23.4
01,07,1954,23.25
01,08,1954,22.6
01,09,1954,18.8
01,10,1954,25.0
01,11,1954,22.0
01,12,1954,20.15
01,13,1954,19.5
01,14,1954,24.0
01,15,1954,25.4
01,16,1954,24.75
01,17,1954,25.25
01,18,1954,24.75
01,19,1954,24.35
01,20,1954,24.75
01,21,1954,24.5
01,22,1954,23.75
01,23,1954,25.0
01,24,1954,23.35
01,25,1954,23.1
01,26,1954,18.25
01,27,1954,24.9
01,28,1954,24.75
01,29,1954,23.5
01,30,1954,25.0
01,31,1954,24.25
02,01,1954,null
02,02,1954,null
02,03,1954,null
02,04,1954,null
02,05,1954,null
02,06,1954,null
02,07,1954,null
02,08,1954,null
02,09,1954,null
02,10,1954,null
02,11,1954,null
02,12,1954,null
02,13,1954,null
02,14,1954,null
02,15,1954,null
02,16,1954,null
02,17,1954,null
02,18,1954,null
02,19,1954,null
02,20,1954,null
02,21,1954,null
02,22,1954,null
02,23,1954,null
02,24,1954,null
02,25,1954,null
02,26,1954,null
02,27,1954,null
02,28,1954,null
03,01,1954,null
03,02,1954,null
03,03,1954,null
03,04,1954,null
03,05,1954,null
03,06,1954,null
03,07,1954,null
03,08,1954,null
03,09,1954,null
03,10,1954,null
03,11,1954,null
03,12,1954,null
03,13,1954,null
03,14,1954,null
03,15,1954,null
03,16,1954,null
03,17,1954,null
03,18,1954,null
03,19,1954,null
03,20,1954,null
03,21,1954,null
03,22,1954,null
03,23,1954,null
03,24,1954,null
03,25,1954,null
03,26,1954,null
03,27,1954,null
03,28,1954,null
03,29,1954,null
03,30,1954,null
03,31,1954,null
04,01,1954,28.9
04,02,1954,27.5
04,03,1954,29.0
04,04,1954,28.65
04,05,1954,28.9
04,06,1954,28.15
04,07,1954,28.35
04,08,1954,27.65
04,09,1954,27.4
04,10,1954,27.6
04,11,1954,28.25
04,12,1954,28.3
04,13,1954,27.0
04,14,1954,26.15
04,15,1954,27.15
04,16,1954,27.9
04,17,1954,25.0
04,18,1954,26.0
04,19,1954,25.9
04,20,1954,26.25
04,21,1954,24.75
04,22,1954,28.0
04,23,1954,26.65
04,24,1954,26.1
04,25,1954,27.0
04,26,1954,27.9
04,27,1954,27.75
04,28,1954,28.25
04,29,1954,27.75
04,30,1954,30.75
05,01,1954,27.0
05,02,1954,27.15
05,03,1954,27.6
05,04,1954,23.35
05,05,1954,27.4
05,06,1954,25.9
05,07,1954,24.9
05,08,1954,26.25
05,09,1954,27.65
05,10,1954,27.3
05,11,1954,25.5
05,12,1954,28.15
05,13,1954,27.5
05,14,1954,28.15
05,15,1954,27.0
05,16,1954,27.5
05,17,1954,27.0
05,18,1954,26.75
05,19,1954,27.75
05,20,1954,27.65
05,21,1954,27.75
05,22,1954,28.4
05,23,1954,27.3
05,24,1954,27.65
05,25,1954,27.75
05,26,1954,27.0
05,27,1954,28.25
05,28,1954,29.0
05,29,1954,27.5
05,30,1954,28.5
05,31,1954,29.25
06,01,1954,29.15
06,02,1954,26.65
06,03,1954,27.0
06,04,1954,28.75
06,05,1954,27.75
06,06,1954,28.1
06,07,1954,27.4
06,08,1954,27.5
06,09,1954,28.5
06,10,1954,28.9
06,11,1954,26.75
06,12,1954,27.85
06,13,1954,27.3
06,14,1954,27.0
06,15,1954,28.25
06,16,1954,28.15
06,17,1954,29.0
06,18,1954,26.4
06,19,1954,26.75
06,20,1954,27.0
06,21,1954,27.0
06,22,1954,28.25
06,23,1954,27.9
06,24,1954,26.4
06,25,1954,28.75
06,26,1954,27.4
06,27,1954,27.75
06,28,1954,28.5
06,29,1954,29.0
06,30,1954,29.5
07,01,1954,26.15
07,02,1954,27.75
07,03,1954,26.5
07,04,1954,26.6
07,05,1954,25.75
07,06,1954,27.4
07,07,1954,27.5
07,08,1954,27.4
07,09,1954,26.65
07,10,1954,26.4
07,11,1954,26.4
07,12,1954,26.25
07,13,1954,26.75
07,14,1954,27.25
07,15,1954,27.85
07,16,1954,27.0
07,17,1954,27.0
07,18,1954,26.15
07,19,1954,27.4
07,20,1954,26.75
07,21,1954,28.0
07,22,1954,26.75
07,23,1954,27.25
07,24,1954,26.4
07,25,1954,27.5
07,26,1954,27.9
07,27,1954,27.75
07,28,1954,28.0
07,29,1954,28.15
07,30,1954,28.5
07,31,1954,27.0
08,01,1954,28.75
08,02,1954,28.75
08,03,1954,28.0
08,04,1954,28.0
08,05,1954,27.9
08,06,1954,27.85
08,07,1954,29.25
08,08,1954,27.9
08,09,1954,27.5
08,10,1954,27.8
08,11,1954,29.1
08,12,1954,25.75
08,13,1954,27.85
08,14,1954,26.1
08,15,1954,26.75
08,16,1954,28.5
08,17,1954,28.25
08,18,1954,25.75
08,19,1954,27.5
08,20,1954,27.25
08,21,1954,27.0
08,22,1954,28.5
08,23,1954,26.0
08,24,1954,28.9
08,25,1954,27.25
08,26,1954,26.25
08,27,1954,28.25
08,28,1954,28.5
08,29,1954,25.5
08,30,1954,27.5
08,31,1954,26.85
09,01,1954,27.25
09,02,1954,29.15
09,03,1954,28.75
09,04,1954,28.0
09,05,1954,29.0
09,06,1954,28.25
09,07,1954,25.5
09,08,1954,29.4
09,09,1954,26.5
09,10,1954,28.25
09,11,1954,28.15
09,12,1954,27.75
09,13,1954,28.75
09,14,1954,28.0
09,15,1954,28.5
09,16,1954,28.75
09,17,1954,28.0
09,18,1954,28.25
09,19,1954,28.75
09,20,1954,29.0
09,21,1954,28.0
09,22,1954,28.25
09,23,1954,28.75
09,24,1954,28.5
09,25,1954,28.75
09,26,1954,27.0
09,27,1954,29.5
09,28,1954,28.5
09,29,1954,27.5
09,30,1954,27.75
10,01,1954,28.0
10,02,1954,27.5
10,03,1954,27.65
10,04,1954,26.5
10,05,1954,24.5
10,06,1954,26.5
10,07,1954,26.5
10,08,1954,26.0
10,09,1954,27.75
10,10,1954,27.25
10,11,1954,26.75
10,12,1954,27.25
10,13,1954,27.25
10,14,1954,26.5
10,15,1954,27.75
10,16,1954,24.65
10,17,1954,25.25
10,18,1954,24.5
10,19,1954,24.75
10,20,1954,25.75
10,21,1954,24.5
10,22,1954,23.5
10,23,1954,22.75
10,24,1954,24.75
10,25,1954,25.25
10,26,1954,26.25
10,27,1954,24.25
10,28,1954,26.9
10,29,1954,26.75
10,30,1954,25.0
10,31,1954,26.25
11,01,1954,26.0
11,02,1954,25.25
11,03,1954,25.0
11,04,1954,25.25
11,05,1954,25.25
11,06,1954,24.25
11,07,1954,23.05
11,08,1954,23.0
11,09,1954,23.15
11,10,1954,22.75
11,11,1954,23.9
11,12,1954,22.0
11,13,1954,22.25
11,14,1954,22.5
11,15,1954,24.0
11,16,1954,23.75
11,17,1954,24.75
11,18,1954,24.4
11,19,1954,24.0
11,20,1954,19.0
11,21,1954,20.25
11,22,1954,20.5
11,23,1954,20.25
11,24,1954,20.25
11,25,1954,19.5
11,26,1954,20.75
11,27,1954,22.0
11,28,1954,22.0
11,29,1954,25.1
11,30,1954,26.5
12,01,1954,26.0
12,02,1954,24.0
12,03,1954,25.25
12,04,1954,22.9
12,05,1954,23.5
12,06,1954,21.75
12,07,1954,21.25
12,08,1954,19.5
12,09,1954,18.0
12,10,1954,21.5
12,11,1954,23.75
12,12,1954,24.0
12,13,1954,24.0
12,14,1954,22.25
12,15,1954,20.55
12,16,1954,20.0
12,17,1954,21.0
12,18,1954,22.5
12,19,1954,17.75
12,20,1954,20.0
12,21,1954,18.75
12,22,1954,18.25
12,23,1954,22.25
12,24,1954,21.75
12,25,1954,22.0
12,26,1954,24.25
12,27,1954,23.0
12,28,1954,24.5
12,29,1954,23.5
12,30,1954,22.75
12,31,1954,23.5
01,01,1955,24.5
01,02,1955,23.85
01,03,1955,23.5
01,04,1955,23.0
01,05,1955,23.25
01,06,1955,19.75
01,07,1955,22.0
01,08,1955,22.5
01,09,1955,22.25
01,10,1955,24.0
01,11,1955,23.5
01,12,1955,23.75
01,13,1955,22.75
01,14,1955,23.75
01,15,1955,23.25
01,16,1955,25.25
01,17,1955,25.75
01,18,1955,26.75
01,19,1955,21.25
01,20,1955,20.5
01,21,1955,21.0
01,22,1955,20.5
01,23,1955,25.0
01,24,1955,22.25
01,25,1955,19.0
01,26,1955,19.5
01,27,1955,19.5
01,28,1955,20.75
01,29,1955,21.5
01,30,1955,20.25
01,31,1955,18.75
02,01,1955,20.25
02,02,1955,22.0
02,03,1955,24.75
02,04,1955,25.4
02,05,1955,25.5
02,06,1955,26.75
02,07,1955,26.0
02,08,1955,25.25
02,09,1955,22.5
02,10,1955,22.75
02,11,1955,23.5
02,12,1955,20.5
02,13,1955,18.5
02,14,1955,18.65
02,15,1955,20.0
02,16,1955,21.3
02,17,1955,22.5
02,18,1955,22.75
02,19,1955,24.5
02,20,1955,25.5
02,21,1955,26.25
02,22,1955,25.25
02,23,1955,25.5
02,24,1955,25.0
02,25,1955,24.25
02,26,1955,25.0
02,27,1955,24.0
02,28,1955,24.0
03,01,1955,24.25
03,02,1955,25.5
03,03,1955,25.75
03,04,1955,25.75
03,05,1955,25.9
03,06,1955,25.25
03,07,1955,25.0
03,08,1955,25.9
03,09,1955,23.65
03,10,1955,24.4
03,11,1955,25.1
03,12,1955,24.75
03,13,1955,25.0
03,14,1955,25.9
03,15,1955,26.0
03,16,1955,26.5
03,17,1955,26.0
03,18,1955,26.25
03,19,1955,27.75
03,20,1955,27.75
03,21,1955,28.5
03,22,1955,27.0
03,23,1955,27.35
03,24,1955,26.0
03,25,1955,26.25
03,26,1955,28.75
03,27,1955,23.0
03,28,1955,20.5
03,29,1955,22.0
03,30,1955,25.5
03,31,1955,25.5
04,01,1955,27.5
04,02,1955,27.5
04,03,1955,29.0
04,04,1955,29.5
04,05,1955,28.25
04,06,1955,28.25
04,07,1955,29.0
04,08,1955,26.5
04,09,1955,27.0
04,10,1955,26.0
04,11,1955,27.0
04,12,1955,29.0
04,13,1955,28.5
04,14,1955,29.0
04,15,1955,29.5
04,16,1955,28.0
04,17,1955,28.25
04,18,1955,27.75
04,19,1955,27.0
04,20,1955,27.75
04,21,1955,29.0
04,22,1955,29.5
04,23,1955,30.25
04,24,1955,30.5
04,25,1955,31.75
04,26,1955,31.0
04,27,1955,30.5
04,28,1955,31.5
04,29,1955,30.25
04,30,1955,29.0
05,01,1955,28.4
05,02,1955,28.0
05,03,1955,28.0
05,04,1955,28.0
05,05,1955,27.0
05,06,1955,27.5
05,07,1955,28.0
05,08,1955,28.5
05,09,1955,28.0
05,10,1955,29.25
05,11,1955,29.25
05,12,1955,29.5
05,13,1955,28.25
05,14,1955,30.0
05,15,1955,29.5
05,16,1955,31.0
05,17,1955,32.0
05,18,1955,33.5
05,19,1955,32.75
05,20,1955,28.5
05,21,1955,31.0
05,22,1955,31.75
05,23,1955,30.5
05,24,1955,30.25
05,25,1955,31.75
05,26,1955,31.25
05,27,1955,32.0
05,28,1955,31.5
05,29,1955,31.5
05,30,1955,28.5
05,31,1955,29.0
06,01,1955,30.0
06,02,1955,30.5
06,03,1955,30.25
06,04,1955,29.0
06,05,1955,29.0
06,06,1955,30.5
06,07,1955,31.0
06,08,1955,29.75
06,09,1955,29.0
06,10,1955,29.05
06,11,1955,28.75
06,12,1955,29.5
06,13,1955,29.0
06,14,1955,29.25
06,15,1955,30.0
06,16,1955,30.5
06,17,1955,30.0
06,18,1955,30.0
06,19,1955,28.5
06,20,1955,28.5
06,21,1955,28.5
06,22,1955,29.0
06,23,1955,27.0
06,24,1955,27.75
06,25,1955,29.0
06,26,1955,28.5
06,27,1955,29.5
06,28,1955,29.5
06,29,1955,28.5
06,30,1955,27.75
07,01,1955,28.5
07,02,1955,29.25
07,03,1955,28.75
07,04,1955,26.75
07,05,1955,26.25
07,06,1955,25.5
07,07,1955,27.0
07,08,1955,28.5
07,09,1955,27.5
07,10,1955,27.5
07,11,1955,26.25
07,12,1955,27.5
07,13,1955,26.0
07,14,1955,25.0
07,15,1955,26.0
07,16,1955,26.0
07,17,1955,26.0
07,18,1955,27.5
07,19,1955,27.25
07,20,1955,27.0
07,21,1955,27.0
07,22,1955,26.5
07,23,1955,26.5
07,24,1955,27.5
07,25,1955,28.75
07,26,1955,28.0
07,27,1955,26.75
07,28,1955,26.25
07,29,1955,26.0
07,30,1955,25.5
07,31,1955,27.0
08,01,1955,28.0
08,02,1955,28.0
08,03,1955,28.5
08,04,1955,29.5
08,05,1955,27.0
08,06,1955,28.5
08,07,1955,28.0
08,08,1955,27.5
08,09,1955,28.0
08,10,1955,28.25
08,11,1955,29.0
08,12,1955,29.0
08,13,1955,29.0
08,14,1955,26.5
08,15,1955,28.0
08,16,1955,27.5
08,17,1955,28.0
08,18,1955,25.0
08,19,1955,27.75
08,20,1955,27.5
08,21,1955,28.05
08,22,1955,27.5
08,23,1955,27.5
08,24,1955,28.5
08,25,1955,28.5
08,26,1955,27.5
08,27,1955,29.0
08,28,1955,28.0
08,29,1955,27.5
08,30,1955,26.5
08,31,1955,23.5
09,01,1955,27.0
09,02,1955,27.0
09,03,1955,27.25
09,04,1955,29.0
09,05,1955,28.5
09,06,1955,28.25
09,07,1955,28.25
09,08,1955,28.5
09,09,1955,27.0
09,10,1955,29.0
09,11,1955,28.0
09,12,1955,28.25
09,13,1955,27.5
09,14,1955,28.0
09,15,1955,28.0
09,16,1955,28.0
09,17,1955,27.5
09,18,1955,27.0
09,19,1955,29.0
09,20,1955,28.5
09,21,1955,28.0
09,22,1955,27.5
09,23,1955,28.0
09,24,1955,28.5
09,25,1955,29.0
09,26,1955,29.0
09,27,1955,27.0
09,28,1955,29.5
09,29,1955,28.0
09,30,1955,24.75
10,01,1955,27.5
10,02,1955,27.0
10,03,1955,27.5
10,04,1955,27.0
10,05,1955,27.5
10,06,1955,28.5
10,07,1955,26.5
10,08,1955,26.5
10,09,1955,26.5
10,10,1955,26.0
10,11,1955,27.25
10,12,1955,26.5
10,13,1955,27.0
10,14,1955,25.8
10,15,1955,23.5
10,16,1955,24.75
10,17,1955,26.5
10,18,1955,24.0
10,19,1955,23.5
10,20,1955,24.5
10,21,1955,24.0
10,22,1955,25.25
10,23,1955,24.75
10,24,1955,25.25
10,25,1955,24.25
10,26,1955,26.25
10,27,1955,27.0
10,28,1955,27.0
10,29,1955,27.65
10,30,1955,23.75
10,31,1955,25.0
11,01,1955,25.25
11,02,1955,26.0
11,03,1955,26.5
11,04,1955,26.25
11,05,1955,23.75
11,06,1955,23.0
11,07,1955,25.75
11,08,1955,26.5
11,09,1955,25.0
11,10,1955,24.75
11,11,1955,25.5
11,12,1955,27.0
11,13,1955,27.75
11,14,1955,28.0
11,15,1955,26.0
11,16,1955,27.0
11,17,1955,24.0
11,18,1955,26.75
11,19,1955,27.0
11,20,1955,26.75
11,21,1955,26.25
11,22,1955,24.5
11,23,1955,25.5
11,24,1955,25.75
11,25,1955,25.75
11,26,1955,27.25
11,27,1955,25.0
11,28,1955,25.25
11,29,1955,26.25
11,30,1955,23.0
12,01,1955,24.75
12,02,1955,24.75
12,03,1955,25.0
12,04,1955,26.0
12,05,1955,27.0
12,06,1955,25.5
12,07,1955,26.0
12,08,1955,26.75
12,09,1955,25.0
12,10,1955,23.5
12,11,1955,23.5
12,12,1955,24.75
12,13,1955,23.5
12,14,1955,23.25
12,15,1955,24.0
12,16,1955,22.25
12,17,1955,21.25
12,18,1955,24.0
12,19,1955,25.5
12,20,1955,24.0
12,21,1955,24.0
12,22,1955,21.75
12,23,1955,21.75
12,24,1955,22.75
12,25,1955,23.25
12,26,1955,22.25
12,27,1955,21.75
12,28,1955,23.5
12,29,1955,19.25
12,30,1955,23.25
12,31,1955,22.25
01,01,1956,23.5
01,02,1956,23.0
01,03,1956,20.25
01,04,1956,23.0
01,05,1956,20.75
01,06,1956,19.75
01,07,1956,20.25
01,08,1956,19.0
01,09,1956,18.0
01,10,1956,21.0
01,11,1956,19.0
01,12,1956,19.5
01,13,1956,18.75
01,14,1956,18.25
01,15,1956,17.75
01,16,1956,20.0
01,17,1956,23.25
01,18,1956,24.0
01,19,1956,24.5
01,20,1956,23.25
01,21,1956,25.0
01,22,1956,25.25
01,23,1956,25.5
01,24,1956,25.5
01,25,1956,26.5
01,26,1956,25.0
01,27,1956,20.0
01,28,1956,22.4
01,29,1956,23.25
01,30,1956,24.0
01,31,1956,24.0
02,01,1956,22.75
02,02,1956,24.5
02,03,1956,25.25
02,04,1956,25.5
02,05,1956,24.75
02,06,1956,24.0
02,07,1956,25.5
02,08,1956,25.75
02,09,1956,25.0
02,10,1956,26.0
02,11,1956,25.25
02,12,1956,25.0
02,13,1956,25.0
02,14,1956,24.5
02,15,1956,25.0
02,16,1956,25.0
02,17,1956,24.5
02,18,1956,25.25
02,19,1956,25.0
02,20,1956,24.5
02,21,1956,24.5
02,22,1956,24.25
02,23,1956,24.5
02,24,1956,24.25
02,25,1956,25.0
02,26,1956,25.5
02,27,1956,25.75
02,28,1956,26.5
02,29,1956,26.0
03,01,1956,23.5
03,02,1956,24.5
03,03,1956,26.25
03,04,1956,27.0
03,05,1956,26.5
03,06,1956,26.5
03,07,1956,27.75
03,08,1956,27.5
03,09,1956,23.0
03,10,1956,23.75
03,11,1956,26.0
03,12,1956,26.25
03,13,1956,26.75
03,14,1956,26.5
03,15,1956,27.25
03,16,1956,27.0
03,17,1956,26.5
03,18,1956,19.25
03,19,1956,25.25
03,20,1956,23.5
03,21,1956,24.25
03,22,1956,25.75
03,23,1956,25.0
03,24,1956,22.0
03,25,1956,21.5
03,26,1956,23.5
03,27,1956,23.5
03,28,1956,26.0
03,29,1956,27.75
03,30,1956,26.0
03,31,1956,27.5
04,01,1956,26.5
04,02,1956,27.5
04,03,1956,27.75
04,04,1956,27.75
04,05,1956,28.0
04,06,1956,29.5
04,07,1956,29.5
04,08,1956,27.0
04,09,1956,29.75
04,10,1956,28.5
04,11,1956,28.5
04,12,1956,27.5
04,13,1956,28.0
04,14,1956,27.75
04,15,1956,28.0
04,16,1956,27.75
04,17,1956,29.0
04,18,1956,29.5
04,19,1956,29.25
04,20,1956,30.0
04,21,1956,27.75
04,22,1956,27.75
04,23,1956,29.25
04,24,1956,26.5
04,25,1956,27.75
04,26,1956,30.0
04,27,1956,29.5
04,28,1956,29.0
04,29,1956,30.0
04,30,1956,30.0
05,01,1956,30.5
05,02,1956,29.5
05,03,1956,29.75
05,04,1956,28.75
05,05,1956,29.25
05,06,1956,28.5
05,07,1956,29.5
05,08,1956,29.25
05,09,1956,28.5
05,10,1956,27.75
05,11,1956,28.25
05,12,1956,28.5
05,13,1956,28.0
05,14,1956,28.5
05,15,1956,28.0
05,16,1956,28.75
05,17,1956,28.75
05,18,1956,28.0
05,19,1956,28.25
05,20,1956,28.25
05,21,1956,29.0
05,22,1956,28.5
05,23,1956,28.0
05,24,1956,28.25
05,25,1956,27.75
05,26,1956,28.5
05,27,1956,28.0
05,28,1956,28.0
05,29,1956,28.0
05,30,1956,28.0
05,31,1956,24.75
06,01,1956,25.5
06,02,1956,26.25
06,03,1956,25.75
06,04,1956,24.25
06,05,1956,25.25
06,06,1956,26.75
06,07,1956,28.25
06,08,1956,25.75
06,09,1956,26.75
06,10,1956,26.75
06,11,1956,25.75
06,12,1956,27.25
06,13,1956,28.0
06,14,1956,28.0
06,15,1956,28.25
06,16,1956,28.25
06,17,1956,28.0
06,18,1956,28.0
06,19,1956,25.25
06,20,1956,26.0
06,21,1956,27.75
06,22,1956,27.25
06,23,1956,28.25
06,24,1956,28.25
06,25,1956,27.75
06,26,1956,26.5
06,27,1956,26.0
06,28,1956,25.75
06,29,1956,27.25
06,30,1956,28.0
07,01,1956,27.5
07,02,1956,27.0
07,03,1956,27.0
07,04,1956,27.25
07,05,1956,26.5
07,06,1956,27.25
07,07,1956,26.0
07,08,1956,25.75
07,09,1956,27.5
07,10,1956,27.0
07,11,1956,27.0
07,12,1956,27.5
07,13,1956,26.25
07,14,1956,26.75
07,15,1956,27.75
07,16,1956,27.0
07,17,1956,25.5
07,18,1956,26.25
07,19,1956,26.0
07,20,1956,27.5
07,21,1956,26.75
07,22,1956,26.25
07,23,1956,25.75
07,24,1956,27.5
07,25,1956,27.5
07,26,1956,26.5
07,27,1956,27.5
07,28,1956,28.25
07,29,1956,27.0
07,30,1956,27.25
07,31,1956,26.5
08,01,1956,27.5
08,02,1956,27.25
08,03,1956,26.75
08,04,1956,27.0
08,05,1956,26.75
08,06,1956,28.0
08,07,1956,28.0
08,08,1956,27.5
08,09,1956,27.25
08,10,1956,28.0
08,11,1956,27.5
08,12,1956,27.25
08,13,1956,26.5
08,14,1956,27.75
08,15,1956,27.25
08,16,1956,27.75
08,17,1956,28.5
08,18,1956,28.0
08,19,1956,28.0
08,20,1956,27.5
08,21,1956,27.75
08,22,1956,28.25
08,23,1956,27.75
08,24,1956,27.5
08,25,1956,28.0
08,26,1956,27.5
08,27,1956,27.0
08,28,1956,28.75
08,29,1956,28.0
08,30,1956,27.0
08,31,1956,27.25
09,01,1956,27.25
09,02,1956,27.25
09,03,1956,27.25
09,04,1956,27.5
09,05,1956,27.5
09,06,1956,27.75
09,07,1956,26.75
09,08,1956,28.0
09,09,1956,28.25
09,10,1956,27.0
09,11,1956,27.0
09,12,1956,27.5
09,13,1956,27.25
09,14,1956,27.0
09,15,1956,27.0
09,16,1956,26.75
09,17,1956,26.25
09,18,1956,27.0
09,19,1956,26.75
09,20,1956,26.0
09,21,1956,26.75
09,22,1956,27.5
09,23,1956,27.5
09,24,1956,27.75
09,25,1956,28.25
09,26,1956,27.0
09,27,1956,26.5
09,28,1956,27.25
09,29,1956,27.25
09,30,1956,27.25
10,01,1956,26.75
10,02,1956,28.0
10,03,1956,27.75
10,04,1956,27.25
10,05,1956,28.0
10,06,1956,26.25
10,07,1956,28.0
10,08,1956,27.5
10,09,1956,26.75
10,10,1956,26.5
10,11,1956,26.75
10,12,1956,26.5
10,13,1956,27.0
10,14,1956,27.25
10,15,1956,26.5
10,16,1956,27.0
10,17,1956,26.75
10,18,1956,26.25
10,19,1956,27.5
10,20,1956,28.5
10,21,1956,28.5
10,22,1956,27.25
10,23,1956,27.0
10,24,1956,26.0
10,25,1956,25.5
10,26,1956,26.5
10,27,1956,25.75
10,28,1956,26.75
10,29,1956,26.75
10,30,1956,26.25
10,31,1956,27.0
11,01,1956,27.25
11,02,1956,27.0
11,03,1956,27.25
11,04,1956,27.25
11,05,1956,26.5
11,06,1956,26.0
11,07,1956,26.75
11,08,1956,25.75
11,09,1956,24.75
11,10,1956,26.0
11,11,1956,24.0
11,12,1956,20.75
11,13,1956,24.75
11,14,1956,23.75
11,15,1956,25.75
11,16,1956,27.0
11,17,1956,25.5
11,18,1956,26.0
11,19,1956,25.0
11,20,1956,25.25
11,21,1956,26.5
11,22,1956,22.75
11,23,1956,23.75
11,24,1956,23.25
11,25,1956,22.0
11,26,1956,20.25
11,27,1956,23.5
11,28,1956,22.5
11,29,1956,25.25
11,30,1956,23.5
12,01,1956,23.0
12,02,1956,20.0
12,03,1956,22.0
12,04,1956,22.75
12,05,1956,23.75
12,06,1956,23.75
12,07,1956,24.25
12,08,1956,23.5
12,09,1956,24.5
12,10,1956,25.0
12,11,1956,24.0
12,12,1956,24.0
12,13,1956,24.5
12,14,1956,25.5
12,15,1956,24.75
12,16,1956,26.5
12,17,1956,23.75
12,18,1956,23.5
12,19,1956,25.5
12,20,1956,25.25
12,21,1956,24.0
12,22,1956,24.75
12,23,1956,24.5
12,24,1956,26.25
12,25,1956,25.0
12,26,1956,22.9
12,27,1956,20.5
12,28,1956,22.25
12,29,1956,21.0
12,30,1956,20.5
12,31,1956,19.5
01,01,1957,21.0
01,02,1957,21.5
01,03,1957,21.5
01,04,1957,22.5
01,05,1957,24.0
01,06,1957,24.0
01,07,1957,23.5
01,08,1957,23.5
01,09,1957,23.75
01,10,1957,23.0
01,11,1957,24.5
01,12,1957,24.0
01,13,1957,22.75
01,14,1957,22.75
01,15,1957,23.5
01,16,1957,24.5
01,17,1957,22.25
01,18,1957,19.25
01,19,1957,20.25
01,20,1957,20.0
01,21,1957,23.75
01,22,1957,24.0
01,23,1957,24.75
01,24,1957,23.75
01,25,1957,23.25
01,26,1957,23.5
01,27,1957,24.75
01,28,1957,24.0
01,29,1957,24.75
01,30,1957,25.25
01,31,1957,23.5
02,01,1957,24.5
02,02,1957,25.25
02,03,1957,23.75
02,04,1957,24.5
02,05,1957,24.25
02,06,1957,23.5
02,07,1957,25.5
02,08,1957,24.5
02,09,1957,23.75
02,10,1957,24.25
02,11,1957,24.5
02,12,1957,24.25
02,13,1957,24.75
02,14,1957,24.5
02,15,1957,24.0
02,16,1957,23.75
02,17,1957,23.75
02,18,1957,25.75
02,19,1957,24.75
02,20,1957,26.0
02,21,1957,27.5
02,22,1957,26.5
02,23,1957,27.25
02,24,1957,24.75
02,25,1957,27.5
02,26,1957,26.25
02,27,1957,20.25
02,28,1957,21.0
03,01,1957,22.5
03,02,1957,24.5
03,03,1957,26.5
03,04,1957,27.25
03,05,1957,26.25
03,06,1957,26.25
03,07,1957,25.0
03,08,1957,23.5
03,09,1957,22.75
03,10,1957,24.25
03,11,1957,24.25
03,12,1957,25.25
03,13,1957,25.5
03,14,1957,27.0
03,15,1957,26.5
03,16,1957,24.75
03,17,1957,26.25
03,18,1957,27.25
03,19,1957,27.75
03,20,1957,28.5
03,21,1957,30.0
03,22,1957,28.75
03,23,1957,31.0
03,24,1957,27.5
03,25,1957,24.5
03,26,1957,21.75
03,27,1957,24.5
03,28,1957,25.0
03,29,1957,24.25
03,30,1957,25.25
03,31,1957,27.5
04,01,1957,28.0
04,02,1957,29.25
04,03,1957,29.75
04,04,1957,27.25
04,05,1957,28.5
04,06,1957,27.5
04,07,1957,28.75
04,08,1957,27.0
04,09,1957,26.0
04,10,1957,29.5
04,11,1957,27.75
04,12,1957,28.25
04,13,1957,29.25
04,14,1957,29.5
04,15,1957,27.5
04,16,1957,29.0
04,17,1957,29.0
04,18,1957,27.5
04,19,1957,29.25
04,20,1957,27.75
04,21,1957,28.0
04,22,1957,28.5
04,23,1957,27.5
04,24,1957,28.75
04,25,1957,28.75
04,26,1957,28.5
04,27,1957,29.25
04,28,1957,28.75
04,29,1957,29.0
04,30,1957,25.75
05,01,1957,30.0
05,02,1957,30.0
05,03,1957,30.75
05,04,1957,32.5
05,05,1957,27.0
05,06,1957,29.25
05,07,1957,27.75
05,08,1957,27.5
05,09,1957,28.5
05,10,1957,30.25
05,11,1957,31.25
05,12,1957,31.25
05,13,1957,30.5
05,14,1957,30.5
05,15,1957,30.25
05,16,1957,31.0
05,17,1957,30.75
05,18,1957,31.4
05,19,1957,32.25
05,20,1957,32.0
05,21,1957,33.0
05,22,1957,33.0
05,23,1957,32.5
05,24,1957,30.5
05,25,1957,31.0
05,26,1957,30.75
05,27,1957,29.0
05,28,1957,29.75
05,29,1957,28.75
05,30,1957,28.75
05,31,1957,29.75
06,01,1957,30.75
06,02,1957,31.0
06,03,1957,28.0
06,04,1957,29.5
06,05,1957,29.5
06,06,1957,29.75
06,07,1957,27.75
06,08,1957,31.0
06,09,1957,31.0
06,10,1957,31.25
06,11,1957,30.75
06,12,1957,30.75
06,13,1957,31.75
06,14,1957,31.0
06,15,1957,28.25
06,16,1957,28.0
06,17,1957,27.25
06,18,1957,27.75
06,19,1957,27.75
06,20,1957,27.75
06,21,1957,28.0
06,22,1957,29.25
06,23,1957,27.0
06,24,1957,28.0
06,25,1957,29.25
06,26,1957,28.5
06,27,1957,28.75
06,28,1957,29.0
06,29,1957,29.5
06,30,1957,29.25
07,01,1957,27.75
07,02,1957,27.25
07,03,1957,27.25
07,04,1957,27.75
07,05,1957,28.0
07,06,1957,27.75
07,07,1957,27.25
07,08,1957,27.5
07,09,1957,27.25
07,10,1957,27.25
07,11,1957,27.75
07,12,1957,27.0
07,13,1957,27.5
07,14,1957,27.75
07,15,1957,27.25
07,16,1957,27.25
07,17,1957,27.5
07,18,1957,26.5
07,19,1957,27.5
07,20,1957,28.0
07,21,1957,27.75
07,22,1957,28.0
07,23,1957,26.5
07,24,1957,27.0
07,25,1957,26.5
07,26,1957,26.75
07,27,1957,27.0
07,28,1957,28.0
07,29,1957,28.0
07,30,1957,26.5
07,31,1957,27.25
08,01,1957,27.75
08,02,1957,26.75
08,03,1957,28.25
08,04,1957,28.25
08,05,1957,27.5
08,06,1957,27.0
08,07,1957,27.5
08,08,1957,28.0
08,09,1957,28.75
08,10,1957,27.0
08,11,1957,27.75
08,12,1957,27.0
08,13,1957,26.25
08,14,1957,27.0
08,15,1957,26.75
08,16,1957,28.0
08,17,1957,27.75
08,18,1957,27.75
08,19,1957,28.75
08,20,1957,28.0
08,21,1957,27.75
08,22,1957,28.75
08,23,1957,27.5
08,24,1957,27.5
08,25,1957,28.0
08,26,1957,27.75
08,27,1957,28.0
08,28,1957,27.0
08,29,1957,28.5
08,30,1957,28.25
08,31,1957,28.0
09,01,1957,27.5
09,02,1957,27.25
09,03,1957,27.5
09,04,1957,27.5
09,05,1957,28.75
09,06,1957,28.25
09,07,1957,28.25
09,08,1957,28.5
09,09,1957,26.75
09,10,1957,28.0
09,11,1957,28.0
09,12,1957,27.75
09,13,1957,28.25
09,14,1957,26.75
09,15,1957,28.0
09,16,1957,27.75
09,17,1957,28.5
09,18,1957,27.75
09,19,1957,27.75
09,20,1957,28.5
09,21,1957,28.0
09,22,1957,28.0
09,23,1957,28.5
09,24,1957,28.5
09,25,1957,27.75
09,26,1957,26.75
09,27,1957,28.75
09,28,1957,28.75
09,29,1957,26.0
09,30,1957,23.5
10,01,1957,25.25
10,02,1957,25.0
10,03,1957,27.25
10,04,1957,27.0
10,05,1957,27.0
10,06,1957,28.25
10,07,1957,27.0
10,08,1957,27.75
10,09,1957,27.75
10,10,1957,27.75
10,11,1957,26.75
10,12,1957,27.5
10,13,1957,28.0
10,14,1957,26.5
10,15,1957,28.75
10,16,1957,27.25
10,17,1957,28.0
10,18,1957,28.0
10,19,1957,26.25
10,20,1957,27.0
10,21,1957,27.25
10,22,1957,26.75
10,23,1957,28.0
10,24,1957,27.0
10,25,1957,26.5
10,26,1957,26.0
10,27,1957,24.75
10,28,1957,23.5
10,29,1957,22.75
10,30,1957,24.25
10,31,1957,24.0
11,01,1957,24.75
11,02,1957,24.75
11,03,1957,25.0
11,04,1957,25.75
11,05,1957,25.75
11,06,1957,24.5
11,07,1957,23.75
11,08,1957,26.25
11,09,1957,24.75
11,10,1957,25.75
11,11,1957,26.25
11,12,1957,25.5
11,13,1957,25.0
11,14,1957,26.0
11,15,1957,26.0
11,16,1957,25.25
11,17,1957,26.25
11,18,1957,26.5
11,19,1957,27.0
11,20,1957,28.5
11,21,1957,27.0
11,22,1957,25.75
11,23,1957,26.0
11,24,1957,25.0
11,25,1957,22.25
11,26,1957,23.25
11,27,1957,20.0
11,28,1957,22.5
11,29,1957,25.5
11,30,1957,22.5
12,01,1957,22.0
12,02,1957,23.5
12,03,1957,24.0
12,04,1957,22.0
12,05,1957,21.25
12,06,1957,20.25
12,07,1957,24.0
12,08,1957,25.5
12,09,1957,24.0
12,10,1957,21.5
12,11,1957,21.0
12,12,1957,18.0
12,13,1957,19.5
12,14,1957,20.0
12,15,1957,19.5
12,16,1957,24.25
12,17,1957,24.25
12,18,1957,23.0
12,19,1957,23.5
12,20,1957,24.5
12,21,1957,24.5
12,22,1957,24.75
12,23,1957,25.0
12,24,1957,25.0
12,25,1957,24.75
12,26,1957,24.0
12,27,1957,23.0
12,28,1957,24.75
12,29,1957,25.25
12,30,1957,25.0
12,31,1957,25.0
01,01,1958,24.75
01,02,1958,21.5
01,03,1958,22.0
01,04,1958,22.0
01,05,1958,21.75
01,06,1958,22.5
01,07,1958,20.0
01,08,1958,20.0
01,09,1958,17.75
01,10,1958,17.5
01,11,1958,20.5
01,12,1958,20.0
01,13,1958,22.5
01,14,1958,20.5
01,15,1958,23.0
01,16,1958,18.25
01,17,1958,23.0
01,18,1958,20.0
01,19,1958,18.0
01,20,1958,19.5
01,21,1958,22.75
01,22,1958,23.5
01,23,1958,21.5
01,24,1958,23.0
01,25,1958,23.5
01,26,1958,19.75
01,27,1958,23.5
01,28,1958,21.75
01,29,1958,23.75
01,30,1958,24.5
01,31,1958,23.25
02,01,1958,25.25
02,02,1958,21.5
02,03,1958,19.75
02,04,1958,23.0
02,05,1958,22.75
02,06,1958,21.75
02,07,1958,25.5
02,08,1958,24.0
02,09,1958,22.5
02,10,1958,23.0
02,11,1958,22.0
02,12,1958,22.75
02,13,1958,19.0
02,14,1958,21.0
02,15,1958,23.5
02,16,1958,25.5
02,17,1958,20.5
02,18,1958,23.5
02,19,1958,23.5
02,20,1958,21.75
02,21,1958,23.5
02,22,1958,24.75
02,23,1958,25.5
02,24,1958,26.0
02,25,1958,23.0
02,26,1958,26.0
02,27,1958,24.0
02,28,1958,25.5
03,01,1958,26.5
03,02,1958,28.25
03,03,1958,26.5
03,04,1958,27.5
03,05,1958,28.25
03,06,1958,28.0
03,07,1958,27.0
03,08,1958,31.0
03,09,1958,28.5
03,10,1958,29.0
03,11,1958,30.5
03,12,1958,31.0
03,13,1958,29.5
03,14,1958,24.75
03,15,1958,22.5
03,16,1958,21.5
03,17,1958,26.5
03,18,1958,28.75
03,19,1958,23.5
03,20,1958,22.0
03,21,1958,22.25
03,22,1958,24.0
03,23,1958,27.0
03,24,1958,29.5
03,25,1958,28.75
03,26,1958,27.5
03,27,1958,27.0
03,28,1958,28.0
03,29,1958,28.0
03,30,1958,28.5
03,31,1958,26.5
04,01,1958,28.5
04,02,1958,30.5
04,03,1958,31.75
04,04,1958,31.25
04,05,1958,33.25
04,06,1958,31.25
04,07,1958,27.25
04,08,1958,29.0
04,09,1958,31.0
04,10,1958,27.5
04,11,1958,29.5
04,12,1958,27.5
04,13,1958,28.5
04,14,1958,26.5
04,15,1958,29.0
04,16,1958,30.25
04,17,1958,25.0
04,18,1958,26.25
04,19,1958,28.75
04,20,1958,29.5
04,21,1958,30.25
04,22,1958,31.5
04,23,1958,32.25
04,24,1958,29.5
04,25,1958,30.25
04,26,1958,30.5
04,27,1958,30.5
04,28,1958,30.0
04,29,1958,29.5
04,30,1958,30.5
05,01,1958,30.0
05,02,1958,30.0
05,03,1958,30.0
05,04,1958,30.0
05,05,1958,31.0
05,06,1958,26.75
05,07,1958,27.25
05,08,1958,27.5
05,09,1958,30.5
05,10,1958,32.75
05,11,1958,32.0
05,12,1958,32.5
05,13,1958,29.5
05,14,1958,29.5
05,15,1958,28.0
05,16,1958,28.0
05,17,1958,29.5
05,18,1958,30.25
05,19,1958,28.5
05,20,1958,27.0
05,21,1958,27.25
05,22,1958,25.0
05,23,1958,27.25
05,24,1958,28.5
05,25,1958,28.5
05,26,1958,29.75
05,27,1958,28.5
05,28,1958,28.75
05,29,1958,27.0
05,30,1958,30.0
05,31,1958,29.75
06,01,1958,30.5
06,02,1958,27.25
06,03,1958,27.75
06,04,1958,28.5
06,05,1958,26.75
06,06,1958,26.75
06,07,1958,27.75
06,08,1958,28.5
06,09,1958,27.75
06,10,1958,27.75
06,11,1958,28.0
06,12,1958,27.0
06,13,1958,28.5
06,14,1958,30.5
06,15,1958,27.5
06,16,1958,29.0
06,17,1958,29.75
06,18,1958,31.25
06,19,1958,29.0
06,20,1958,30.25
06,21,1958,29.25
06,22,1958,29.25
06,23,1958,30.0
06,24,1958,29.25
06,25,1958,27.75
06,26,1958,28.3
06,27,1958,28.0
06,28,1958,28.75
06,29,1958,26.75
06,30,1958,27.5
07,01,1958,28.0
07,02,1958,27.75
07,03,1958,28.5
07,04,1958,28.25
07,05,1958,27.0
07,06,1958,28.0
07,07,1958,28.5
07,08,1958,29.0
07,09,1958,27.0
07,10,1958,27.0
07,11,1958,26.0
07,12,1958,27.25
07,13,1958,27.75
07,14,1958,27.75
07,15,1958,27.25
07,16,1958,27.75
07,17,1958,26.25
07,18,1958,26.25
07,19,1958,27.5
07,20,1958,28.0
07,21,1958,28.75
07,22,1958,29.25
07,23,1958,28.25
07,24,1958,28.25
07,25,1958,28.5
07,26,1958,27.75
07,27,1958,27.5
07,28,1958,28.5
07,29,1958,29.0
07,30,1958,27.25
07,31,1958,25.75
08,01,1958,26.75
08,02,1958,29.25
08,03,1958,26.25
08,04,1958,26.75
08,05,1958,27.75
08,06,1958,28.5
08,07,1958,28.0
08,08,1958,28.25
08,09,1958,28.0
08,10,1958,28.0
08,11,1958,28.0
08,12,1958,28.0
08,13,1958,27.75
08,14,1958,28.25
08,15,1958,28.5
08,16,1958,28.5
08,17,1958,29.25
08,18,1958,29.0
08,19,1958,30.0
08,20,1958,29.75
08,21,1958,27.75
08,22,1958,29.0
08,23,1958,29.0
08,24,1958,29.25
08,25,1958,29.5
08,26,1958,29.5
08,27,1958,29.5
08,28,1958,30.0
08,29,1958,28.75
08,30,1958,29.0
08,31,1958,29.0
09,01,1958,27.5
09,02,1958,28.5
09,03,1958,28.5
09,04,1958,29.25
09,05,1958,29.0
09,06,1958,28.75
09,07,1958,29.0
09,08,1958,29.25
09,09,1958,29.25
09,10,1958,28.0
09,11,1958,28.5
09,12,1958,27.75
09,13,1958,27.0
09,14,1958,28.0
09,15,1958,28.25
09,16,1958,28.75
09,17,1958,29.0
09,18,1958,26.5
09,19,1958,27.5
09,20,1958,28.5
09,21,1958,28.5
09,22,1958,29.0
09,23,1958,29.5
09,24,1958,28.5
09,25,1958,27.5
09,26,1958,27.75
09,27,1958,28.25
09,28,1958,27.75
09,29,1958,28.25
09,30,1958,27.0
10,01,1958,28.75
10,02,1958,27.5
10,03,1958,27.5
10,04,1958,28.25
10,05,1958,27.75
10,06,1958,28.0
10,07,1958,25.25
10,08,1958,28.75
10,09,1958,28.75
10,10,1958,28.5
10,11,1958,27.75
10,12,1958,28.25
10,13,1958,25.0
10,14,1958,26.75
10,15,1958,27.5
10,16,1958,27.5
10,17,1958,28.25
10,18,1958,29.0
10,19,1958,26.25
10,20,1958,26.25
10,21,1958,25.0
10,22,1958,25.5
10,23,1958,26.75
10,24,1958,26.5
10,25,1958,27.0
10,26,1958,26.5
10,27,1958,26.0
10,28,1958,25.75
10,29,1958,27.0
10,30,1958,27.5
10,31,1958,27.25
11,01,1958,27.5
11,02,1958,27.5
11,03,1958,27.25
11,04,1958,27.25
11,05,1958,28.5
11,06,1958,28.25
11,07,1958,28.25
11,08,1958,28.0
11,09,1958,27.75
11,10,1958,26.25
11,11,1958,25.5
11,12,1958,27.0
11,13,1958,25.75
11,14,1958,26.75
11,15,1958,26.5
11,16,1958,26.25
11,17,1958,26.5
11,18,1958,27.25
11,19,1958,27.5
11,20,1958,27.75
11,21,1958,26.0
11,22,1958,25.0
11,23,1958,25.0
11,24,1958,26.5
11,25,1958,26.75
11,26,1958,26.75
11,27,1958,27.0
11,28,1958,27.0
11,29,1958,26.5
11,30,1958,25.75
12,01,1958,23.5
12,02,1958,25.5
12,03,1958,25.25
12,04,1958,25.0
12,05,1958,25.0
12,06,1958,25.25
12,07,1958,26.5
12,08,1958,26.0
12,09,1958,25.5
12,10,1958,25.75
12,11,1958,25.5
12,12,1958,22.0
12,13,1958,23.75
12,14,1958,24.25
12,15,1958,20.75
12,16,1958,20.0
12,17,1958,20.25
12,18,1958,19.5
12,19,1958,20.5
12,20,1958,23.25
12,21,1958,22.0
12,22,1958,23.0
12,23,1958,23.5
12,24,1958,24.25
12,25,1958,24.75
12,26,1958,24.5
12,27,1958,24.0
12,28,1958,24.0
12,29,1958,24.25
12,30,1958,24.5
12,31,1958,21.75
01,01,1959,21.5
01,02,1959,22.75
01,03,1959,25.0
01,04,1959,25.5
01,05,1959,25.5
01,06,1959,24.0
01,07,1959,24.5
01,08,1959,23.25
01,09,1959,23.5
01,10,1959,22.25
01,11,1959,22.25
01,12,1959,23.5
01,13,1959,21.0
01,14,1959,24.0
01,15,1959,24.0
01,16,1959,21.75
01,17,1959,20.0
01,18,1959,20.5
01,19,1959,21.75
01,20,1959,24.75
01,21,1959,26.5
01,22,1959,22.5
01,23,1959,21.0
01,24,1959,22.25
01,25,1959,23.25
01,26,1959,25.0
01,27,1959,25.0
01,28,1959,26.0
01,29,1959,24.75
01,30,1959,25.5
01,31,1959,22.5
02,01,1959,25.75
02,02,1959,25.25
02,03,1959,25.5
02,04,1959,26.5
02,05,1959,27.0
02,06,1959,26.75
02,07,1959,26.0
02,08,1959,24.75
02,09,1959,26.0
02,10,1959,24.0
02,11,1959,25.0
02,12,1959,25.0
02,13,1959,25.5
02,14,1959,25.25
02,15,1959,25.0
02,16,1959,25.0
02,17,1959,26.5
02,18,1959,27.25
02,19,1959,26.25
02,20,1959,26.75
02,21,1959,25.5
02,22,1959,26.0
02,23,1959,25.0
02,24,1959,25.25
02,25,1959,26.5
02,26,1959,26.75
02,27,1959,27.0
02,28,1959,28.5
03,01,1959,23.0
03,02,1959,24.0
03,03,1959,23.75
03,04,1959,26.25
03,05,1959,28.25
03,06,1959,23.5
03,07,1959,22.5
03,08,1959,25.0
03,09,1959,26.5
03,10,1959,26.5
03,11,1959,27.25
03,12,1959,23.0
03,13,1959,24.0
03,14,1959,26.5
03,15,1959,28.0
03,16,1959,22.5
03,17,1959,20.5
03,18,1959,23.75
03,19,1959,24.5
03,20,1959,27.5
03,21,1959,24.0
03,22,1959,22.25
03,23,1959,26.0
03,24,1959,26.5
03,25,1959,27.25
03,26,1959,28.0
03,27,1959,28.0
03,28,1959,28.5
03,29,1959,28.25
03,30,1959,28.5
03,31,1959,28.0
04,01,1959,28.5
04,02,1959,26.75
04,03,1959,23.5
04,04,1959,25.25
04,05,1959,26.75
04,06,1959,27.25
04,07,1959,27.25
04,08,1959,28.5
04,09,1959,28.5
04,10,1959,28.0
04,11,1959,28.0
04,12,1959,28.0
04,13,1959,25.5
04,14,1959,24.25
04,15,1959,21.0
04,16,1959,25.0
04,17,1959,28.0
04,18,1959,28.75
04,19,1959,29.5
04,20,1959,29.5
04,21,1959,30.0
04,22,1959,25.25
04,23,1959,26.5
04,24,1959,26.0
04,25,1959,26.25
04,26,1959,25.5
04,27,1959,24.75
04,28,1959,25.75
04,29,1959,27.75
04,30,1959,29.0
05,01,1959,29.0
05,02,1959,28.75
05,03,1959,28.5
05,04,1959,27.25
05,05,1959,27.5
05,06,1959,28.25
05,07,1959,26.5
05,08,1959,28.5
05,09,1959,28.0
05,10,1959,27.75
05,11,1959,28.75
05,12,1959,29.5
05,13,1959,27.25
05,14,1959,26.0
05,15,1959,28.0
05,16,1959,27.0
05,17,1959,28.5
05,18,1959,28.25
05,19,1959,28.75
05,20,1959,28.5
05,21,1959,29.0
05,22,1959,28.5
05,23,1959,28.75
05,24,1959,28.5
05,25,1959,28.5
05,26,1959,27.75
05,27,1959,29.5
05,28,1959,29.0
05,29,1959,29.25
05,30,1959,27.5
05,31,1959,27.5
06,01,1959,27.5
06,02,1959,28.5
06,03,1959,28.0
06,04,1959,28.75
06,05,1959,28.25
06,06,1959,29.25
06,07,1959,28.75
06,08,1959,29.5
06,09,1959,29.25
06,10,1959,29.0
06,11,1959,28.25
06,12,1959,28.0
06,13,1959,26.5
06,14,1959,27.5
06,15,1959,28.0
06,16,1959,27.0
06,17,1959,28.0
06,18,1959,29.0
06,19,1959,27.75
06,20,1959,27.5
06,21,1959,26.5
06,22,1959,27.75
06,23,1959,27.75
06,24,1959,27.5
06,25,1959,28.25
06,26,1959,28.25
06,27,1959,28.25
06,28,1959,27.25
06,29,1959,28.0
06,30,1959,28.0
07,01,1959,27.0
07,02,1959,27.75
07,03,1959,26.5
07,04,1959,27.75
07,05,1959,28.0
07,06,1959,27.5
07,07,1959,27.5
07,08,1959,28.0
07,09,1959,26.75
07,10,1959,27.75
07,11,1959,28.5
07,12,1959,26.75
07,13,1959,27.0
07,14,1959,27.5
07,15,1959,27.5
07,16,1959,27.0
07,17,1959,27.75
07,18,1959,28.0
07,19,1959,29.25
07,20,1959,28.25
07,21,1959,27.5
07,22,1959,28.5
07,23,1959,28.0
07,24,1959,27.75
07,25,1959,28.75
07,26,1959,29.0
07,27,1959,27.0
07,28,1959,28.0
07,29,1959,26.5
07,30,1959,27.0
07,31,1959,27.0
08,01,1959,27.0
08,02,1959,27.0
08,03,1959,27.5
08,04,1959,29.0
08,05,1959,29.0
08,06,1959,29.0
08,07,1959,28.0
08,08,1959,28.25
08,09,1959,28.0
08,10,1959,28.25
08,11,1959,28.0
08,12,1959,28.25
08,13,1959,28.5
08,14,1959,27.75
08,15,1959,27.75
08,16,1959,27.5
08,17,1959,28.0
08,18,1959,27.25
08,19,1959,27.75
08,20,1959,27.75
08,21,1959,28.5
08,22,1959,28.0
08,23,1959,28.75
08,24,1959,27.0
08,25,1959,27.75
08,26,1959,28.25
08,27,1959,27.75
08,28,1959,27.75
08,29,1959,27.0
08,30,1959,27.75
08,31,1959,28.25
09,01,1959,28.5
09,02,1959,29.0
09,03,1959,27.5
09,04,1959,27.25
09,05,1959,27.5
09,06,1959,27.5
09,07,1959,27.5
09,08,1959,27.75
09,09,1959,27.75
09,10,1959,28.0
09,11,1959,27.5
09,12,1959,28.0
09,13,1959,28.0
09,14,1959,28.5
09,15,1959,28.5
09,16,1959,28.0
09,17,1959,28.75
09,18,1959,28.5
09,19,1959,27.5
09,20,1959,27.5
09,21,1959,28.25
09,22,1959,28.5
09,23,1959,28.5
09,24,1959,28.25
09,25,1959,28.5
09,26,1959,28.0
09,27,1959,28.5
09,28,1959,28.75
09,29,1959,28.5
09,30,1959,29.25
10,01,1959,29.25
10,02,1959,28.5
10,03,1959,28.0
10,04,1959,29.0
10,05,1959,29.5
10,06,1959,29.5
10,07,1959,28.5
10,08,1959,29.25
10,09,1959,28.25
10,10,1959,29.25
10,11,1959,28.5
10,12,1959,27.5
10,13,1959,28.25
10,14,1959,29.0
10,15,1959,28.75
10,16,1959,27.5
10,17,1959,27.25
10,18,1959,25.75
10,19,1959,23.75
10,20,1959,26.5
10,21,1959,27.75
10,22,1959,29.0
10,23,1959,28.25
10,24,1959,28.5
10,25,1959,28.0
10,26,1959,27.75
10,27,1959,28.5
10,28,1959,28.5
10,29,1959,29.0
10,30,1959,28.0
10,31,1959,28.5
11,01,1959,27.0
11,02,1959,27.75
11,03,1959,27.0
11,04,1959,26.25
11,05,1959,27.5
11,06,1959,27.0
11,07,1959,22.0
11,08,1959,22.0
11,09,1959,22.5
11,10,1959,22.75
11,11,1959,24.25
11,12,1959,26.25
11,13,1959,25.5
11,14,1959,26.25
11,15,1959,27.5
11,16,1959,26.75
11,17,1959,25.75
11,18,1959,22.75
11,19,1959,21.5
11,20,1959,24.5
11,21,1959,24.5
11,22,1959,25.75
11,23,1959,25.25
11,24,1959,25.75
11,25,1959,24.75
11,26,1959,22.75
11,27,1959,24.25
11,28,1959,21.75
11,29,1959,20.0
11,30,1959,20.25
12,01,1959,20.75
12,02,1959,19.5
12,03,1959,21.5
12,04,1959,23.0
12,05,1959,23.75
12,06,1959,23.25
12,07,1959,21.0
12,08,1959,18.5
12,09,1959,20.25
12,10,1959,22.0
12,11,1959,24.75
12,12,1959,25.5
12,13,1959,25.0
12,14,1959,25.75
12,15,1959,25.5
12,16,1959,26.0
12,17,1959,25.0
12,18,1959,23.0
12,19,1959,20.5
12,20,1959,21.5
12,21,1959,21.5
12,22,1959,22.25
12,23,1959,22.75
12,24,1959,22.75
12,25,1959,23.5
12,26,1959,23.5
12,27,1959,25.5
12,28,1959,24.5
12,29,1959,24.5
12,30,1959,25.0
12,31,1959,25.25
01,01,1960,27.25
01,02,1960,27.0
01,03,1960,27.5
01,04,1960,26.25
01,05,1960,25.25
01,06,1960,26.25
01,07,1960,27.75
01,08,1960,26.5
01,09,1960,24.5
01,10,1960,25.0
01,11,1960,25.0
01,12,1960,24.5
01,13,1960,25.5
01,14,1960,25.5
01,15,1960,27.0
01,16,1960,27.0
01,17,1960,27.25
01,18,1960,24.5
01,19,1960,20.75
01,20,1960,19.75
01,21,1960,18.75
01,22,1960,19.5
01,23,1960,21.5
01,24,1960,24.0
01,25,1960,22.25
01,26,1960,22.5
01,27,1960,22.5
01,28,1960,24.25
01,29,1960,24.0
01,30,1960,20.0
01,31,1960,19.0
02,01,1960,19.75
02,02,1960,22.0
02,03,1960,23.5
02,04,1960,24.0
02,05,1960,22.25
02,06,1960,23.0
02,07,1960,21.5
02,08,1960,24.25
02,09,1960,23.75
02,10,1960,28.0
02,11,1960,27.0
02,12,1960,26.25
02,13,1960,19.75
02,14,1960,18.75
02,15,1960,24.0
02,16,1960,21.0
02,17,1960,22.75
02,18,1960,22.25
02,19,1960,21.0
02,20,1960,22.5
02,21,1960,25.25
02,22,1960,25.0
02,23,1960,26.5
02,24,1960,27.75
02,25,1960,26.0
02,26,1960,21.25
02,27,1960,24.25
02,28,1960,26.0
02,29,1960,25.75
03,01,1960,26.0
03,02,1960,27.25
03,03,1960,25.75
03,04,1960,22.5
03,05,1960,22.75
03,06,1960,24.0
03,07,1960,25.25
03,08,1960,23.75
03,09,1960,25.0
03,10,1960,27.25
03,11,1960,28.75
03,12,1960,27.0
03,13,1960,27.75
03,14,1960,26.75
03,15,1960,28.0
03,16,1960,30.25
03,17,1960,30.0
03,18,1960,24.5
03,19,1960,21.5
03,20,1960,21.25
03,21,1960,24.5
03,22,1960,24.25
03,23,1960,23.0
03,24,1960,23.75
03,25,1960,25.25
03,26,1960,28.25
03,27,1960,28.5
03,28,1960,27.5
03,29,1960,28.5
03,30,1960,30.5
03,31,1960,30.25
04,01,1960,31.0
04,02,1960,31.25
04,03,1960,29.5
04,04,1960,21.5
04,05,1960,25.0
04,06,1960,22.25
04,07,1960,24.0
04,08,1960,24.0
04,09,1960,29.5
04,10,1960,29.0
04,11,1960,28.5
04,12,1960,26.5
04,13,1960,27.25
04,14,1960,28.75
04,15,1960,28.0
04,16,1960,28.5
04,17,1960,30.0
04,18,1960,29.25
04,19,1960,26.75
04,20,1960,27.25
04,21,1960,29.0
04,22,1960,29.5
04,23,1960,29.75
04,24,1960,29.5
04,25,1960,29.75
04,26,1960,31.0
04,27,1960,31.0
04,28,1960,30.75
04,29,1960,30.5
04,30,1960,32.25
05,01,1960,30.5
05,02,1960,28.0
05,03,1960,30.0
05,04,1960,30.0
05,05,1960,30.5
05,06,1960,28.75
05,07,1960,29.5
05,08,1960,23.0
05,09,1960,25.0
05,10,1960,27.75
05,11,1960,28.25
05,12,1960,28.25
05,13,1960,26.0
05,14,1960,27.25
05,15,1960,27.75
05,16,1960,29.75
05,17,1960,29.75
05,18,1960,29.5
05,19,1960,30.5
05,20,1960,30.25
05,21,1960,29.5
05,22,1960,30.5
05,23,1960,29.25
05,24,1960,30.0
05,25,1960,30.5
05,26,1960,30.75
05,27,1960,28.25
05,28,1960,28.5
05,29,1960,27.75
05,30,1960,28.5
05,31,1960,27.5
06,01,1960,29.25
06,02,1960,29.5
06,03,1960,29.5
06,04,1960,29.5
06,05,1960,29.5
06,06,1960,28.0
06,07,1960,28.75
06,08,1960,27.75
06,09,1960,29.5
06,10,1960,28.5
06,11,1960,28.5
06,12,1960,27.5
06,13,1960,28.5
06,14,1960,29.25
06,15,1960,29.25
06,16,1960,29.0
06,17,1960,29.75
06,18,1960,29.5
06,19,1960,28.75
06,20,1960,28.5
06,21,1960,28.5
06,22,1960,27.25
06,23,1960,28.25
06,24,1960,28.25
06,25,1960,29.0
06,26,1960,28.25
06,27,1960,28.5
06,28,1960,28.5
06,29,1960,28.0
06,30,1960,27.25
07,01,1960,27.5
07,02,1960,27.75
07,03,1960,27.75
07,04,1960,28.75
07,05,1960,29.0
07,06,1960,29.0
07,07,1960,28.25
07,08,1960,28.5
07,09,1960,27.25
07,10,1960,28.0
07,11,1960,28.75
07,12,1960,29.0
07,13,1960,29.25
07,14,1960,28.0
07,15,1960,27.0
07,16,1960,27.75
07,17,1960,27.75
07,18,1960,27.75
07,19,1960,28.25
07,20,1960,26.0
07,21,1960,26.75
07,22,1960,27.25
07,23,1960,26.25
07,24,1960,26.25
07,25,1960,27.75
07,26,1960,29.25
07,27,1960,29.0
07,28,1960,28.5
07,29,1960,29.25
07,30,1960,30.0
07,31,1960,28.5
08,01,1960,27.0
08,02,1960,28.25
08,03,1960,27.5
08,04,1960,29.0
08,05,1960,28.5
08,06,1960,28.25
08,07,1960,27.75
08,08,1960,28.25
08,09,1960,29.25
08,10,1960,28.25
08,11,1960,28.5
08,12,1960,27.25
08,13,1960,28.0
08,14,1960,27.5
08,15,1960,27.75
08,16,1960,28.75
08,17,1960,28.25
08,18,1960,28.75
08,19,1960,27.0
08,20,1960,28.25
08,21,1960,28.5
08,22,1960,28.5
08,23,1960,28.0
08,24,1960,28.75
08,25,1960,28.5
08,26,1960,28.25
08,27,1960,28.5
08,28,1960,27.5
08,29,1960,27.0
08,30,1960,26.5
08,31,1960,27.5
09,01,1960,27.5
09,02,1960,27.0
09,03,1960,26.75
09,04,1960,27.75
09,05,1960,27.0
09,06,1960,28.25
09,07,1960,28.0
09,08,1960,28.25
09,09,1960,28.0
09,10,1960,28.75
09,11,1960,28.0
09,12,1960,27.5
09,13,1960,28.75
09,14,1960,28.25
09,15,1960,28.75
09,16,1960,28.75
09,17,1960,27.25
09,18,1960,25.25
09,19,1960,28.0
09,20,1960,27.25
09,21,1960,27.25
09,22,1960,28.5
09,23,1960,28.5
09,24,1960,28.5
09,25,1960,28.75
09,26,1960,27.75
09,27,1960,27.75
09,28,1960,27.5
09,29,1960,26.25
09,30,1960,27.0
10,01,1960,27.25
10,02,1960,27.25
10,03,1960,28.0
10,04,1960,28.0
10,05,1960,29.25
10,06,1960,30.0
10,07,1960,28.75
10,08,1960,28.25
10,09,1960,28.25
10,10,1960,29.5
10,11,1960,29.0
10,12,1960,27.75
10,13,1960,28.5
10,14,1960,28.75
10,15,1960,29.25
10,16,1960,29.0
10,17,1960,28.25
10,18,1960,28.0
10,19,1960,27.75
10,20,1960,28.75
10,21,1960,29.0
10,22,1960,27.25
10,23,1960,28.75
10,24,1960,27.75
10,25,1960,28.5
10,26,1960,27.25
10,27,1960,27.75
10,28,1960,27.75
10,29,1960,27.75
10,30,1960,29.0
10,31,1960,26.75
11,01,1960,27.25
11,02,1960,26.25
11,03,1960,26.5
11,04,1960,26.0
11,05,1960,25.25
11,06,1960,26.5
11,07,1960,24.75
11,08,1960,24.25
11,09,1960,25.5
11,10,1960,27.75
11,11,1960,26.25
11,12,1960,26.25
11,13,1960,27.25
11,14,1960,26.75
11,15,1960,26.25
11,16,1960,26.5
11,17,1960,26.5
11,18,1960,26.0
11,19,1960,27.5
11,20,1960,27.25
11,21,1960,26.25
11,22,1960,25.75
11,23,1960,26.25
11,24,1960,26.0
11,25,1960,25.5
11,26,1960,26.75
11,27,1960,25.75
11,28,1960,26.0
11,29,1960,27.0
11,30,1960,25.75
12,01,1960,23.25
12,02,1960,23.25
12,03,1960,21.75
12,04,1960,19.75
12,05,1960,22.25
12,06,1960,24.0
12,07,1960,24.25
12,08,1960,25.0
12,09,1960,25.25
12,10,1960,26.0
12,11,1960,27.5
12,12,1960,27.25
12,13,1960,22.75
12,14,1960,23.5
12,15,1960,23.5
12,16,1960,23.0
12,17,1960,22.0
12,18,1960,22.75
12,19,1960,21.0
12,20,1960,21.75
12,21,1960,21.0
12,22,1960,21.0
12,23,1960,20.5
12,24,1960,21.75
12,25,1960,23.0
12,26,1960,23.5
12,27,1960,24.0
12,28,1960,24.0
12,29,1960,24.75
12,30,1960,25.75
12,31,1960,25.5
01,01,1961,25.25
01,02,1961,25.5
01,03,1961,24.25
01,04,1961,22.0
01,05,1961,23.0
01,06,1961,24.0
01,07,1961,25.75
01,08,1961,24.75
01,09,1961,19.75
01,10,1961,20.25
01,11,1961,22.75
01,12,1961,24.0
01,13,1961,24.0
01,14,1961,23.0
01,15,1961,21.75
01,16,1961,20.25
01,17,1961,21.25
01,18,1961,21.5
01,19,1961,21.5
01,20,1961,22.0
01,21,1961,21.0
01,22,1961,22.5
01,23,1961,24.25
01,24,1961,22.5
01,25,1961,24.5
01,26,1961,25.0
01,27,1961,25.5
01,28,1961,25.75
01,29,1961,25.0
01,30,1961,22.5
01,31,1961,23.0
02,01,1961,22.5
02,02,1961,24.5
02,03,1961,24.75
02,04,1961,24.5
02,05,1961,24.5
02,06,1961,25.25
02,07,1961,22.5
02,08,1961,23.5
02,09,1961,23.25
02,10,1961,21.5
02,11,1961,20.25
02,12,1961,18.75
02,13,1961,21.0
02,14,1961,22.5
02,15,1961,24.0
02,16,1961,25.25
02,17,1961,25.25
02,18,1961,25.75
02,19,1961,26.0
02,20,1961,25.75
02,21,1961,25.75
02,22,1961,27.0
02,23,1961,27.0
02,24,1961,26.5
02,25,1961,19.5
02,26,1961,20.75
02,27,1961,23.75
02,28,1961,25.5
03,01,1961,26.25
03,02,1961,26.5
03,03,1961,25.0
03,04,1961,25.25
03,05,1961,26.5
03,06,1961,27.0
03,07,1961,26.75
03,08,1961,26.5
03,09,1961,24.75
03,10,1961,22.0
03,11,1961,21.5
03,12,1961,25.5
03,13,1961,27.0
03,14,1961,27.5
03,15,1961,26.75
03,16,1961,26.25
03,17,1961,27.25
03,18,1961,27.75
03,19,1961,28.5
03,20,1961,28.5
03,21,1961,27.5
03,22,1961,26.5
03,23,1961,28.0
03,24,1961,28.5
03,25,1961,27.25
03,26,1961,27.75
03,27,1961,28.5
03,28,1961,30.0
03,29,1961,30.5
03,30,1961,31.25
03,31,1961,31.0
04,01,1961,27.5
04,02,1961,27.25
04,03,1961,27.0
04,04,1961,29.0
04,05,1961,28.0
04,06,1961,30.5
04,07,1961,27.25
04,08,1961,26.25
04,09,1961,29.5
04,10,1961,27.5
04,11,1961,29.75
04,12,1961,31.25
04,13,1961,29.0
04,14,1961,31.0
04,15,1961,30.25
04,16,1961,23.75
04,17,1961,22.5
04,18,1961,25.5
04,19,1961,27.25
04,20,1961,29.0
04,21,1961,27.25
04,22,1961,26.0
04,23,1961,26.25
04,24,1961,27.5
04,25,1961,28.75
04,26,1961,29.5
04,27,1961,30.75
04,28,1961,30.25
04,29,1961,28.75
04,30,1961,28.5
05,01,1961,29.0
05,02,1961,30.25
05,03,1961,30.5
05,04,1961,29.75
05,05,1961,29.5
05,06,1961,29.0
05,07,1961,28.75
05,08,1961,28.75
05,09,1961,27.5
05,10,1961,25.5
05,11,1961,24.0
05,12,1961,27.0
05,13,1961,27.25
05,14,1961,30.75
05,15,1961,30.5
05,16,1961,30.25
05,17,1961,29.0
05,18,1961,25.5
05,19,1961,29.0
05,20,1961,29.25
05,21,1961,29.25
05,22,1961,28.5
05,23,1961,29.25
05,24,1961,28.5
05,25,1961,27.0
05,26,1961,31.5
05,27,1961,28.5
05,28,1961,28.5
05,29,1961,27.75
05,30,1961,27.5
05,31,1961,27.75
06,01,1961,28.75
06,02,1961,28.0
06,03,1961,28.5
06,04,1961,28.5
06,05,1961,26.75
06,06,1961,28.0
06,07,1961,27.0
06,08,1961,29.0
06,09,1961,30.0
06,10,1961,30.5
06,11,1961,28.5
06,12,1961,28.25
06,13,1961,27.25
06,14,1961,27.5
06,15,1961,26.75
06,16,1961,28.0
06,17,1961,28.25
06,18,1961,28.0
06,19,1961,28.75
06,20,1961,28.25
06,21,1961,26.5
06,22,1961,29.75
06,23,1961,26.5
06,24,1961,28.5
06,25,1961,28.0
06,26,1961,28.0
06,27,1961,28.0
06,28,1961,27.5
06,29,1961,29.5
06,30,1961,28.25
07,01,1961,27.75
07,02,1961,27.25
07,03,1961,28.25
07,04,1961,28.5
07,05,1961,27.25
07,06,1961,26.5
07,07,1961,27.5
07,08,1961,27.75
07,09,1961,27.75
07,10,1961,28.5
07,11,1961,27.0
07,12,1961,26.75
07,13,1961,28.25
07,14,1961,27.75
07,15,1961,28.5
07,16,1961,28.75
07,17,1961,29.25
07,18,1961,25.75
07,19,1961,27.75
07,20,1961,28.25
07,21,1961,28.25
07,22,1961,28.25
07,23,1961,27.75
07,24,1961,24.0
07,25,1961,26.5
07,26,1961,28.0
07,27,1961,27.0
07,28,1961,27.0
07,29,1961,26.0
07,30,1961,25.75
07,31,1961,26.75
08,01,1961,27.25
08,02,1961,27.25
08,03,1961,26.25
08,04,1961,27.25
08,05,1961,26.75
08,06,1961,27.0
08,07,1961,28.25
08,08,1961,27.75
08,09,1961,29.0
08,10,1961,28.0
08,11,1961,27.25
08,12,1961,27.25
08,13,1961,27.75
08,14,1961,27.75
08,15,1961,27.5
08,16,1961,27.75
08,17,1961,27.75
08,18,1961,27.5
08,19,1961,26.25
08,20,1961,26.75
08,21,1961,27.25
08,22,1961,28.25
08,23,1961,28.25
08,24,1961,27.25
08,25,1961,27.0
08,26,1961,27.5
08,27,1961,28.5
08,28,1961,28.0
08,29,1961,27.0
08,30,1961,28.0
08,31,1961,27.75
09,01,1961,27.75
09,02,1961,28.0
09,03,1961,28.5
09,04,1961,27.25
09,05,1961,26.75
09,06,1961,26.5
09,07,1961,27.5
09,08,1961,27.5
09,09,1961,28.5
09,10,1961,29.5
09,11,1961,28.25
09,12,1961,28.75
09,13,1961,30.0
09,14,1961,29.75
09,15,1961,28.0
09,16,1961,28.5
09,17,1961,27.5
09,18,1961,27.0
09,19,1961,26.0
09,20,1961,27.25
09,21,1961,27.75
09,22,1961,27.5
09,23,1961,27.0
09,24,1961,27.25
09,25,1961,28.0
09,26,1961,27.5
09,27,1961,27.5
09,28,1961,27.75
09,29,1961,27.0
09,30,1961,27.25
10,01,1961,27.5
10,02,1961,27.5
10,03,1961,27.5
10,04,1961,25.75
10,05,1961,24.75
10,06,1961,26.0
10,07,1961,27.0
10,08,1961,27.75
10,09,1961,27.75
10,10,1961,27.5
10,11,1961,26.25
10,12,1961,25.25
10,13,1961,26.25
10,14,1961,26.0
10,15,1961,26.5
10,16,1961,25.75
10,17,1961,23.5
10,18,1961,22.75
10,19,1961,25.5
10,20,1961,25.5
10,21,1961,25.25
10,22,1961,25.75
10,23,1961,25.0
10,24,1961,25.5
10,25,1961,25.5
10,26,1961,26.25
10,27,1961,25.5
10,28,1961,26.25
10,29,1961,26.0
10,30,1961,26.5
10,31,1961,25.75
11,01,1961,27.75
11,02,1961,27.25
11,03,1961,28.0
11,04,1961,25.75
11,05,1961,24.5
11,06,1961,25.75
11,07,1961,22.25
11,08,1961,23.5
11,09,1961,23.5
11,10,1961,24.5
11,11,1961,26.0
11,12,1961,27.0
11,13,1961,27.25
11,14,1961,27.5
11,15,1961,27.25
11,16,1961,26.25
11,17,1961,26.0
11,18,1961,26.0
11,19,1961,26.25
11,20,1961,25.5
11,21,1961,25.5
11,22,1961,25.5
11,23,1961,25.25
11,24,1961,22.5
11,25,1961,21.5
11,26,1961,23.0
11,27,1961,21.5
11,28,1961,22.75
11,29,1961,23.0
11,30,1961,23.5
12,01,1961,23.0
12,02,1961,25.25
12,03,1961,24.5
12,04,1961,24.0
12,05,1961,24.5
12,06,1961,25.5
12,07,1961,24.0
12,08,1961,26.25
12,09,1961,26.75
12,10,1961,27.0
12,11,1961,26.5
12,12,1961,27.0
12,13,1961,25.5
12,14,1961,25.5
12,15,1961,25.0
12,16,1961,26.5
12,17,1961,26.0
12,18,1961,26.0
12,19,1961,25.5
12,20,1961,26.5
12,21,1961,22.5
12,22,1961,25.0
12,23,1961,25.25
12,24,1961,19.75
12,25,1961,19.0
12,26,1961,19.5
12,27,1961,22.75
12,28,1961,21.5
12,29,1961,20.25
12,30,1961,21.0
12,31,1961,22.5
01,01,1962,22.25
01,02,1962,19.0
01,03,1962,19.5
01,04,1962,22.0
01,05,1962,24.5
01,06,1962,21.0
01,07,1962,17.75
01,08,1962,21.5
01,09,1962,23.75
01,10,1962,21.25
01,11,1962,16.75
01,12,1962,18.0
01,13,1962,19.5
01,14,1962,21.0
01,15,1962,25.25
01,16,1962,25.25
01,17,1962,24.75
01,18,1962,24.0
01,19,1962,24.75
01,20,1962,24.5
01,21,1962,23.75
01,22,1962,24.5
01,23,1962,25.5
01,24,1962,24.0
01,25,1962,23.0
01,26,1962,25.25
01,27,1962,24.75
01,28,1962,19.25
01,29,1962,18.75
01,30,1962,20.0
01,31,1962,20.5
02,01,1962,21.5
02,02,1962,22.0
02,03,1962,23.5
02,04,1962,24.0
02,05,1962,26.0
02,06,1962,25.25
02,07,1962,26.25
02,08,1962,25.0
02,09,1962,26.75
02,10,1962,25.5
02,11,1962,23.5
02,12,1962,23.0
02,13,1962,23.25
02,14,1962,22.75
02,15,1962,25.0
02,16,1962,24.0
02,17,1962,25.0
02,18,1962,25.5
02,19,1962,27.0
02,20,1962,27.0
02,21,1962,25.75
02,22,1962,27.5
02,23,1962,28.5
02,24,1962,27.5
02,25,1962,26.25
02,26,1962,26.75
02,27,1962,27.5
02,28,1962,27.75
03,01,1962,26.0
03,02,1962,26.25
03,03,1962,26.5
03,04,1962,26.5
03,05,1962,26.0
03,06,1962,22.25
03,07,1962,21.0
03,08,1962,24.0
03,09,1962,22.5
03,10,1962,27.5
03,11,1962,29.5
03,12,1962,28.75
03,13,1962,26.5
03,14,1962,29.0
03,15,1962,28.0
03,16,1962,23.5
03,17,1962,23.5
03,18,1962,24.75
03,19,1962,24.75
03,20,1962,28.5
03,21,1962,29.25
03,22,1962,29.5
03,23,1962,27.5
03,24,1962,28.75
03,25,1962,27.75
03,26,1962,26.0
03,27,1962,22.0
03,28,1962,23.25
03,29,1962,26.25
03,30,1962,28.75
03,31,1962,30.5
04,01,1962,28.5
04,02,1962,26.25
04,03,1962,27.0
04,04,1962,28.0
04,05,1962,27.5
04,06,1962,29.75
04,07,1962,29.25
04,08,1962,28.25
04,09,1962,29.0
04,10,1962,30.0
04,11,1962,29.75
04,12,1962,29.5
04,13,1962,26.25
04,14,1962,25.25
04,15,1962,25.75
04,16,1962,24.75
04,17,1962,25.0
04,18,1962,25.0
04,19,1962,23.5
04,20,1962,23.0
04,21,1962,26.0
04,22,1962,26.75
04,23,1962,27.5
04,24,1962,27.5
04,25,1962,28.25
04,26,1962,29.0
04,27,1962,29.0
04,28,1962,31.0
04,29,1962,29.5
04,30,1962,29.5
05,01,1962,29.25
05,02,1962,27.5
05,03,1962,27.5
05,04,1962,28.0
05,05,1962,27.75
05,06,1962,26.25
05,07,1962,26.5
05,08,1962,26.0
05,09,1962,25.75
05,10,1962,26.25
05,11,1962,27.5
05,12,1962,28.75
05,13,1962,27.5
05,14,1962,26.0
05,15,1962,27.25
05,16,1962,25.75
05,17,1962,26.0
05,18,1962,26.5
05,19,1962,26.75
05,20,1962,27.25
05,21,1962,27.0
05,22,1962,26.25
05,23,1962,28.75
05,24,1962,29.0
05,25,1962,28.5
05,26,1962,28.75
05,27,1962,30.0
05,28,1962,29.5
05,29,1962,30.0
05,30,1962,29.5
05,31,1962,29.0
06,01,1962,30.0
06,02,1962,30.75
06,03,1962,30.5
06,04,1962,30.25
06,05,1962,29.25
06,06,1962,29.0
06,07,1962,29.5
06,08,1962,27.25
06,09,1962,27.5
06,10,1962,27.0
06,11,1962,24.75
06,12,1962,27.25
06,13,1962,27.5
06,14,1962,26.75
06,15,1962,28.5
06,16,1962,29.75
06,17,1962,27.5
06,18,1962,28.5
06,19,1962,28.5
06,20,1962,28.5
06,21,1962,28.75
06,22,1962,27.0
06,23,1962,28.75
06,24,1962,29.25
06,25,1962,28.25
06,26,1962,28.0
06,27,1962,27.5
06,28,1962,28.0
06,29,1962,27.5
06,30,1962,26.5
07,01,1962,27.25
07,02,1962,25.5
07,03,1962,27.5
07,04,1962,27.0
07,05,1962,27.75
07,06,1962,26.0
07,07,1962,28.25
07,08,1962,27.5
07,09,1962,27.25
07,10,1962,27.25
07,11,1962,28.25
07,12,1962,29.25
07,13,1962,29.0
07,14,1962,28.75
07,15,1962,28.75
07,16,1962,29.0
07,17,1962,27.5
07,18,1962,27.5
07,19,1962,27.25
07,20,1962,27.0
07,21,1962,28.25
07,22,1962,27.75
07,23,1962,27.5
07,24,1962,28.25
07,25,1962,28.25
07,26,1962,28.0
07,27,1962,26.0
07,28,1962,27.0
07,29,1962,27.0
07,30,1962,27.5
07,31,1962,27.25
08,01,1962,27.0
08,02,1962,27.5
08,03,1962,28.25
08,04,1962,28.25
08,05,1962,29.25
08,06,1962,28.25
08,07,1962,28.5
08,08,1962,28.75
08,09,1962,27.0
08,10,1962,27.5
08,11,1962,27.5
08,12,1962,26.75
08,13,1962,28.75
08,14,1962,28.25
08,15,1962,28.75
08,16,1962,27.5
08,17,1962,27.5
08,18,1962,28.25
08,19,1962,27.5
08,20,1962,28.5
08,21,1962,28.25
08,22,1962,28.5
08,23,1962,28.75
08,24,1962,28.75
08,25,1962,28.5
08,26,1962,28.0
08,27,1962,27.75
08,28,1962,28.25
08,29,1962,28.5
08,30,1962,29.0
08,31,1962,28.75
09,01,1962,27.0
09,02,1962,28.0
09,03,1962,27.0
09,04,1962,27.75
09,05,1962,28.75
09,06,1962,27.75
09,07,1962,28.0
09,08,1962,28.75
09,09,1962,29.25
09,10,1962,27.75
09,11,1962,28.25
09,12,1962,27.75
09,13,1962,28.25
09,14,1962,25.75
09,15,1962,26.5
09,16,1962,27.0
09,17,1962,28.0
09,18,1962,27.5
09,19,1962,27.5
09,20,1962,27.0
09,21,1962,28.25
09,22,1962,26.75
09,23,1962,28.75
09,24,1962,27.75
09,25,1962,27.75
09,26,1962,27.75
09,27,1962,28.5
09,28,1962,28.25
09,29,1962,28.25
09,30,1962,28.0
10,01,1962,27.5
10,02,1962,27.75
10,03,1962,28.25
10,04,1962,27.0
10,05,1962,28.25
10,06,1962,28.75
10,07,1962,28.0
10,08,1962,27.75
10,09,1962,28.25
10,10,1962,28.75
10,11,1962,27.75
10,12,1962,28.0
10,13,1962,27.25
10,14,1962,27.0
10,15,1962,28.75
10,16,1962,27.5
10,17,1962,27.5
10,18,1962,28.0
10,19,1962,27.25
10,20,1962,27.0
10,21,1962,27.5
10,22,1962,27.0
10,23,1962,26.75
10,24,1962,24.75
10,25,1962,24.75
10,26,1962,25.5
10,27,1962,24.5
10,28,1962,25.5
10,29,1962,27.0
10,30,1962,26.0
10,31,1962,25.0
11,01,1962,24.25
11,02,1962,25.5
11,03,1962,23.25
11,04,1962,23.0
11,05,1962,22.25
11,06,1962,22.25
11,07,1962,23.0
11,08,1962,23.75
11,09,1962,23.0
11,10,1962,21.75
11,11,1962,24.5
11,12,1962,22.75
11,13,1962,21.25
11,14,1962,22.5
11,15,1962,21.5
11,16,1962,23.25
11,17,1962,25.0
11,18,1962,26.0
11,19,1962,26.5
11,20,1962,26.0
11,21,1962,26.75
11,22,1962,27.0
11,23,1962,25.25
11,24,1962,25.5
11,25,1962,25.0
11,26,1962,25.0
11,27,1962,23.5
11,28,1962,23.5
11,29,1962,23.75
11,30,1962,23.0
12,01,1962,23.0
12,02,1962,22.0
12,03,1962,22.5
12,04,1962,22.25
12,05,1962,23.0
12,06,1962,21.75
12,07,1962,20.0
12,08,1962,23.5
12,09,1962,22.5
12,10,1962,23.0
12,11,1962,20.0
12,12,1962,21.0
12,13,1962,21.25
12,14,1962,21.0
12,15,1962,21.75
12,16,1962,22.5
12,17,1962,23.0
12,18,1962,22.25
12,19,1962,24.0
12,20,1962,23.5
12,21,1962,23.25
12,22,1962,23.5
12,23,1962,24.5
12,24,1962,25.75
12,25,1962,25.25
12,26,1962,24.5
12,27,1962,24.75
12,28,1962,24.75
12,29,1962,25.25
12,30,1962,24.25
12,31,1962,23.25
01,01,1963,23.5
01,02,1963,24.0
01,03,1963,22.5
01,04,1963,20.5
01,05,1963,22.0
01,06,1963,23.0
01,07,1963,21.75
01,08,1963,20.5
01,09,1963,21.25
01,10,1963,24.0
01,11,1963,25.5
01,12,1963,25.0
01,13,1963,25.0
01,14,1963,23.5
01,15,1963,24.0
01,16,1963,23.5
01,17,1963,24.0
01,18,1963,25.0
01,19,1963,25.5
01,20,1963,26.0
01,21,1963,22.5
01,22,1963,22.25
01,23,1963,24.25
01,24,1963,24.5
01,25,1963,23.25
01,26,1963,23.5
01,27,1963,24.0
01,28,1963,24.5
01,29,1963,25.25
01,30,1963,25.0
01,31,1963,25.0
02,01,1963,24.75
02,02,1963,24.5
02,03,1963,24.75
02,04,1963,20.5
02,05,1963,17.75
02,06,1963,20.0
02,07,1963,18.75
02,08,1963,19.5
02,09,1963,21.5
02,10,1963,25.5
02,11,1963,27.0
02,12,1963,23.25
02,13,1963,21.75
02,14,1963,23.25
02,15,1963,23.0
02,16,1963,24.5
02,17,1963,25.75
02,18,1963,26.75
02,19,1963,24.75
02,20,1963,24.0
02,21,1963,22.0
02,22,1963,25.25
02,23,1963,26.25
02,24,1963,25.0
02,25,1963,26.5
02,26,1963,26.25
02,27,1963,23.0
02,28,1963,25.5
03,01,1963,26.5
03,02,1963,28.0
03,03,1963,27.75
03,04,1963,27.25
03,05,1963,28.5
03,06,1963,27.0
03,07,1963,23.0
03,08,1963,26.5
03,09,1963,26.0
03,10,1963,27.5
03,11,1963,28.5
03,12,1963,29.0
03,13,1963,29.25
03,14,1963,28.25
03,15,1963,26.25
03,16,1963,27.5
03,17,1963,28.5
03,18,1963,28.5
03,19,1963,27.5
03,20,1963,27.5
03,21,1963,24.25
03,22,1963,25.0
03,23,1963,24.0
03,24,1963,24.5
03,25,1963,25.25
03,26,1963,26.25
03,27,1963,27.5
03,28,1963,27.0
03,29,1963,26.5
03,30,1963,26.75
03,31,1963,26.5
04,01,1963,26.5
04,02,1963,26.75
04,03,1963,27.75
04,04,1963,28.5
04,05,1963,27.5
04,06,1963,27.75
04,07,1963,26.0
04,08,1963,27.5
04,09,1963,27.5
04,10,1963,29.0
04,11,1963,31.0
04,12,1963,31.5
04,13,1963,29.25
04,14,1963,27.0
04,15,1963,26.75
04,16,1963,25.75
04,17,1963,26.0
04,18,1963,28.0
04,19,1963,28.25
04,20,1963,29.25
04,21,1963,27.75
04,22,1963,29.0
04,23,1963,29.5
04,24,1963,27.25
04,25,1963,28.75
04,26,1963,29.25
04,27,1963,29.5
04,28,1963,29.25
04,29,1963,29.0
04,30,1963,29.5
05,01,1963,28.0
05,02,1963,29.75
05,03,1963,29.75
05,04,1963,29.75
05,05,1963,29.0
05,06,1963,29.0
05,07,1963,28.0
05,08,1963,28.0
05,09,1963,28.0
05,10,1963,28.0
05,11,1963,28.75
05,12,1963,27.75
05,13,1963,29.0
05,14,1963,29.25
05,15,1963,28.5
05,16,1963,28.5
05,17,1963,29.5
05,18,1963,30.25
05,19,1963,29.0
05,20,1963,29.75
05,21,1963,30.5
05,22,1963,29.0
05,23,1963,28.25
05,24,1963,28.0
05,25,1963,28.75
05,26,1963,29.5
05,27,1963,30.0
05,28,1963,30.75
05,29,1963,30.5
05,30,1963,27.5
05,31,1963,27.75
06,01,1963,29.0
06,02,1963,29.75
06,03,1963,29.0
06,04,1963,30.25
06,05,1963,29.75
06,06,1963,30.5
06,07,1963,30.0
06,08,1963,31.25
06,09,1963,29.5
06,10,1963,31.0
06,11,1963,28.25
06,12,1963,29.5
06,13,1963,29.25
06,14,1963,29.25
06,15,1963,28.5
06,16,1963,29.75
06,17,1963,30.0
06,18,1963,29.0
06,19,1963,28.0
06,20,1963,28.5
06,21,1963,29.75
06,22,1963,30.0
06,23,1963,28.25
06,24,1963,27.5
06,25,1963,28.0
06,26,1963,27.25
06,27,1963,27.75
06,28,1963,28.0
06,29,1963,28.75
06,30,1963,27.0
07,01,1963,27.5
07,02,1963,27.5
07,03,1963,26.5
07,04,1963,28.0
07,05,1963,28.5
07,06,1963,27.75
07,07,1963,26.75
07,08,1963,28.25
07,09,1963,28.25
07,10,1963,29.0
07,11,1963,28.25
07,12,1963,27.5
07,13,1963,27.75
07,14,1963,27.75
07,15,1963,28.0
07,16,1963,28.75
07,17,1963,28.5
07,18,1963,27.75
07,19,1963,27.25
07,20,1963,26.0
07,21,1963,26.75
07,22,1963,27.5
07,23,1963,28.0
07,24,1963,27.5
07,25,1963,26.75
07,26,1963,27.0
07,27,1963,27.0
07,28,1963,27.0
07,29,1963,27.25
07,30,1963,27.75
07,31,1963,27.25
08,01,1963,28.5
08,02,1963,28.5
08,03,1963,28.0
08,04,1963,27.5
08,05,1963,27.75
08,06,1963,28.75
08,07,1963,28.5
08,08,1963,28.0
08,09,1963,27.25
08,10,1963,28.5
08,11,1963,28.0
08,12,1963,28.25
08,13,1963,27.5
08,14,1963,27.0
08,15,1963,26.5
08,16,1963,27.5
08,17,1963,27.25
08,18,1963,27.5
08,19,1963,27.5
08,20,1963,27.75
08,21,1963,27.25
08,22,1963,26.5
08,23,1963,28.0
08,24,1963,28.25
08,25,1963,27.75
08,26,1963,28.0
08,27,1963,28.25
08,28,1963,27.5
08,29,1963,28.75
08,30,1963,29.25
08,31,1963,28.5
09,01,1963,27.75
09,02,1963,28.25
09,03,1963,28.0
09,04,1963,27.25
09,05,1963,27.5
09,06,1963,28.0
09,07,1963,26.0
09,08,1963,27.5
09,09,1963,27.5
09,10,1963,26.75
09,11,1963,27.0
09,12,1963,25.5
09,13,1963,27.25
09,14,1963,28.0
09,15,1963,28.0
09,16,1963,28.5
09,17,1963,28.25
09,18,1963,26.5
09,19,1963,27.0
09,20,1963,27.25
09,21,1963,27.0
09,22,1963,27.0
09,23,1963,26.75
09,24,1963,23.25
09,25,1963,23.25
09,26,1963,23.75
09,27,1963,23.25
09,28,1963,23.5
09,29,1963,26.5
09,30,1963,26.0
10,01,1963,26.0
10,02,1963,26.5
10,03,1963,26.0
10,04,1963,27.0
10,05,1963,27.25
10,06,1963,27.0
10,07,1963,27.25
10,08,1963,26.5
10,09,1963,26.25
10,10,1963,26.25
10,11,1963,26.75
10,12,1963,26.0
10,13,1963,25.5
10,14,1963,26.5
10,15,1963,26.25
10,16,1963,26.0
10,17,1963,26.0
10,18,1963,27.25
10,19,1963,27.0
10,20,1963,26.5
10,21,1963,26.5
10,22,1963,27.25
10,23,1963,27.0
10,24,1963,26.5
10,25,1963,27.0
10,26,1963,26.5
10,27,1963,26.75
10,28,1963,25.75
10,29,1963,25.5
10,30,1963,25.5
10,31,1963,24.5
11,01,1963,26.0
11,02,1963,26.75
11,03,1963,25.0
11,04,1963,26.0
11,05,1963,26.75
11,06,1963,27.5
11,07,1963,27.0
11,08,1963,27.25
11,09,1963,28.5
11,10,1963,23.75
11,11,1963,23.0
11,12,1963,22.75
11,13,1963,23.5
11,14,1963,23.5
11,15,1963,21.25
11,16,1963,22.75
11,17,1963,22.5
11,18,1963,23.25
11,19,1963,24.25
11,20,1963,26.0
11,21,1963,26.0
11,22,1963,27.0
11,23,1963,27.5
11,24,1963,24.75
11,25,1963,25.75
11,26,1963,25.75
11,27,1963,26.25
11,28,1963,26.75
11,29,1963,21.75
11,30,1963,17.75
12,01,1963,19.5
12,02,1963,22.0
12,03,1963,23.75
12,04,1963,22.0
12,05,1963,23.25
12,06,1963,21.5
12,07,1963,22.5
12,08,1963,24.75
12,09,1963,24.0
12,10,1963,22.75
12,11,1963,25.0
12,12,1963,26.25
12,13,1963,25.0
12,14,1963,25.0
12,15,1963,22.75
12,16,1963,21.75
12,17,1963,21.0
12,18,1963,19.75
12,19,1963,21.5
12,20,1963,21.5
12,21,1963,22.25
12,22,1963,23.0
12,23,1963,19.0
12,24,1963,17.25
12,25,1963,18.0
12,26,1963,17.0
12,27,1963,18.5
12,28,1963,21.0
12,29,1963,21.0
12,30,1963,21.0
12,31,1963,18.5
01,01,1964,19.0
01,02,1964,19.0
01,03,1964,18.75
01,04,1964,20.0
01,05,1964,22.5
01,06,1964,25.0
01,07,1964,24.5
01,08,1964,24.75
01,09,1964,25.0
01,10,1964,19.5
01,11,1964,20.75
01,12,1964,21.25
01,13,1964,20.5
01,14,1964,17.75
01,15,1964,18.75
01,16,1964,22.25
01,17,1964,18.75
01,18,1964,20.0
01,19,1964,23.0
01,20,1964,24.75
01,21,1964,24.75
01,22,1964,24.25
01,23,1964,24.75
01,24,1964,25.75
01,25,1964,23.25
01,26,1964,20.0
01,27,1964,21.5
01,28,1964,21.5
01,29,1964,24.5
01,30,1964,24.75
01,31,1964,24.0
02,01,1964,25.0
02,02,1964,25.0
02,03,1964,25.0
02,04,1964,26.0
02,05,1964,24.75
02,06,1964,26.5
02,07,1964,26.75
02,08,1964,20.5
02,09,1964,19.0
02,10,1964,22.0
02,11,1964,23.0
02,12,1964,24.25
02,13,1964,24.0
02,14,1964,25.0
02,15,1964,26.75
02,16,1964,25.75
02,17,1964,25.75
02,18,1964,20.75
02,19,1964,21.0
02,20,1964,22.5
02,21,1964,23.75
02,22,1964,22.0
02,23,1964,22.0
02,24,1964,24.0
02,25,1964,25.25
02,26,1964,26.25
02,27,1964,27.5
02,28,1964,23.75
02,29,1964,24.0
03,01,1964,25.75
03,02,1964,27.5
03,03,1964,29.0
03,04,1964,29.5
03,05,1964,24.5
03,06,1964,25.5
03,07,1964,26.5
03,08,1964,26.75
03,09,1964,26.75
03,10,1964,26.0
03,11,1964,27.5
03,12,1964,27.5
03,13,1964,27.0
03,14,1964,27.75
03,15,1964,27.0
03,16,1964,26.0
03,17,1964,27.75
03,18,1964,27.75
03,19,1964,29.75
03,20,1964,30.0
03,21,1964,27.75
03,22,1964,22.25
03,23,1964,27.0
03,24,1964,26.75
03,25,1964,28.75
03,26,1964,29.5
03,27,1964,27.5
03,28,1964,29.0
03,29,1964,28.5
03,30,1964,29.0
03,31,1964,26.5
04,01,1964,27.5
04,02,1964,26.75
04,03,1964,29.25
04,04,1964,30.0
04,05,1964,30.25
04,06,1964,30.0
04,07,1964,30.75
04,08,1964,31.0
04,09,1964,30.25
04,10,1964,29.25
04,11,1964,29.25
04,12,1964,28.75
04,13,1964,29.5
04,14,1964,30.0
04,15,1964,29.25
04,16,1964,29.0
04,17,1964,28.5
04,18,1964,26.75
04,19,1964,27.75
04,20,1964,29.25
04,21,1964,29.0
04,22,1964,30.25
04,23,1964,31.5
04,24,1964,31.75
04,25,1964,31.75
04,26,1964,33.0
04,27,1964,32.5
04,28,1964,33.5
04,29,1964,31.5
04,30,1964,33.0
05,01,1964,33.5
05,02,1964,34.0
05,03,1964,33.5
05,04,1964,34.0
05,05,1964,33.5
05,06,1964,33.25
05,07,1964,32.25
05,08,1964,31.5
05,09,1964,32.0
05,10,1964,30.5
05,11,1964,31.25
05,12,1964,32.0
05,13,1964,31.0
05,14,1964,27.0
05,15,1964,26.5
05,16,1964,28.0
05,17,1964,28.25
05,18,1964,26.0
05,19,1964,25.5
05,20,1964,27.0
05,21,1964,26.75
05,22,1964,27.5
05,23,1964,28.0
05,24,1964,28.75
05,25,1964,28.75
05,26,1964,27.25
05,27,1964,27.5
05,28,1964,27.75
05,29,1964,27.25
05,30,1964,28.0
05,31,1964,27.5
06,01,1964,25.5
06,02,1964,27.75
06,03,1964,27.75
06,04,1964,28.0
06,05,1964,28.5
06,06,1964,27.75
06,07,1964,27.5
06,08,1964,28.0
06,09,1964,29.25
06,10,1964,29.25
06,11,1964,28.5
06,12,1964,27.0
06,13,1964,27.0
06,14,1964,26.25
06,15,1964,28.75
06,16,1964,28.0
06,17,1964,28.0
06,18,1964,28.0
06,19,1964,27.0
06,20,1964,28.0
06,21,1964,27.5
06,22,1964,27.75
06,23,1964,27.25
06,24,1964,27.25
06,25,1964,27.75
06,26,1964,27.25
06,27,1964,27.75
06,28,1964,26.5
06,29,1964,26.5
06,30,1964,27.75
07,01,1964,27.25
07,02,1964,27.0
07,03,1964,27.75
07,04,1964,27.5
07,05,1964,28.25
07,06,1964,28.25
07,07,1964,27.75
07,08,1964,27.5
07,09,1964,27.5
07,10,1964,27.0
07,11,1964,27.5
07,12,1964,27.25
07,13,1964,27.75
07,14,1964,26.75
07,15,1964,27.0
07,16,1964,26.5
07,17,1964,27.25
07,18,1964,28.25
07,19,1964,26.75
07,20,1964,27.0
07,21,1964,26.0
07,22,1964,26.5
07,23,1964,27.0
07,24,1964,27.0
07,25,1964,27.5
07,26,1964,28.0
07,27,1964,28.0
07,28,1964,28.0
07,29,1964,27.5
07,30,1964,27.75
07,31,1964,28.0
08,01,1964,27.75
08,02,1964,27.75
08,03,1964,27.25
08,04,1964,27.75
08,05,1964,28.5
08,06,1964,28.75
08,07,1964,28.5
08,08,1964,29.5
08,09,1964,27.0
08,10,1964,28.25
08,11,1964,28.75
08,12,1964,29.5
08,13,1964,28.25
08,14,1964,28.5
08,15,1964,28.0
08,16,1964,28.0
08,17,1964,28.0
08,18,1964,28.25
08,19,1964,28.5
08,20,1964,29.0
08,21,1964,28.75
08,22,1964,28.0
08,23,1964,29.0
08,24,1964,27.0
08,25,1964,28.0
08,26,1964,28.0
08,27,1964,28.5
08,28,1964,29.75
08,29,1964,28.5
08,30,1964,29.5
08,31,1964,26.25
09,01,1964,27.75
09,02,1964,27.5
09,03,1964,27.25
09,04,1964,27.25
09,05,1964,27.0
09,06,1964,27.5
09,07,1964,28.5
09,08,1964,27.25
09,09,1964,26.25
09,10,1964,27.75
09,11,1964,27.0
09,12,1964,28.5
09,13,1964,26.75
09,14,1964,27.5
09,15,1964,27.5
09,16,1964,28.5
09,17,1964,27.75
09,18,1964,28.5
09,19,1964,28.0
09,20,1964,27.0
09,21,1964,28.25
09,22,1964,27.75
09,23,1964,29.25
09,24,1964,27.5
09,25,1964,27.0
09,26,1964,27.5
09,27,1964,28.25
09,28,1964,27.5
09,29,1964,27.5
09,30,1964,27.75
10,01,1964,27.75
10,02,1964,29.25
10,03,1964,27.0
10,04,1964,26.5
10,05,1964,26.0
10,06,1964,23.5
10,07,1964,21.75
10,08,1964,23.0
10,09,1964,22.75
10,10,1964,24.0
10,11,1964,24.25
10,12,1964,24.25
10,13,1964,25.5
10,14,1964,24.5
10,15,1964,24.25
10,16,1964,25.25
10,17,1964,25.5
10,18,1964,25.5
10,19,1964,26.25
10,20,1964,25.75
10,21,1964,22.5
10,22,1964,22.0
10,23,1964,21.5
10,24,1964,22.25
10,25,1964,24.75
10,26,1964,24.75
10,27,1964,26.5
10,28,1964,24.5
10,29,1964,24.0
10,30,1964,25.0
10,31,1964,24.0
11,01,1964,23.5
11,02,1964,23.25
11,03,1964,23.5
11,04,1964,25.25
11,05,1964,24.75
11,06,1964,24.5
11,07,1964,24.0
11,08,1964,23.75
11,09,1964,23.25
11,10,1964,22.0
11,11,1964,23.25
11,12,1964,25.5
11,13,1964,27.25
11,14,1964,26.75
11,15,1964,26.25
11,16,1964,24.75
11,17,1964,26.5
11,18,1964,25.0
11,19,1964,26.25
11,20,1964,26.0
11,21,1964,26.25
11,22,1964,24.0
11,23,1964,23.25
11,24,1964,23.75
11,25,1964,25.0
11,26,1964,25.25
11,27,1964,25.5
11,28,1964,25.25
11,29,1964,25.75
11,30,1964,24.0
12,01,1964,20.5
12,02,1964,22.25
12,03,1964,25.0
12,04,1964,26.75
12,05,1964,28.0
12,06,1964,23.5
12,07,1964,22.0
12,08,1964,22.0
12,09,1964,21.75
12,10,1964,23.5
12,11,1964,23.75
12,12,1964,24.75
12,13,1964,25.0
12,14,1964,24.5
12,15,1964,21.0
12,16,1964,22.5
12,17,1964,24.5
12,18,1964,23.75
12,19,1964,24.0
12,20,1964,24.0
12,21,1964,23.25
12,22,1964,23.0
12,23,1964,24.0
12,24,1964,24.25
12,25,1964,26.25
12,26,1964,27.25
12,27,1964,24.5
12,28,1964,24.75
12,29,1964,24.5
12,30,1964,24.0
12,31,1964,23.25
01,01,1965,24.25
01,02,1965,23.5
01,03,1965,21.75
01,04,1965,23.25
01,05,1965,22.5
01,06,1965,22.75
01,07,1965,22.25
01,08,1965,22.5
01,09,1965,22.25
01,10,1965,23.75
01,11,1965,24.25
01,12,1965,24.0
01,13,1965,24.25
01,14,1965,22.25
01,15,1965,23.75
01,16,1965,23.5
01,17,1965,18.75
01,18,1965,17.5
01,19,1965,17.25
01,20,1965,19.0
01,21,1965,21.25
01,22,1965,25.0
01,23,1965,25.75
01,24,1965,24.5
01,25,1965,25.5
01,26,1965,25.25
01,27,1965,22.5
01,28,1965,23.5
01,29,1965,23.5
01,30,1965,24.5
01,31,1965,23.5
02,01,1965,24.5
02,02,1965,23.75
02,03,1965,24.5
02,04,1965,25.75
02,05,1965,25.0
02,06,1965,25.75
02,07,1965,27.0
02,08,1965,26.5
02,09,1965,25.0
02,10,1965,26.0
02,11,1965,26.0
02,12,1965,26.5
02,13,1965,27.25
02,14,1965,24.25
02,15,1965,23.5
02,16,1965,25.25
02,17,1965,25.75
02,18,1965,27.0
02,19,1965,23.5
02,20,1965,21.5
02,21,1965,25.0
02,22,1965,24.5
02,23,1965,25.5
02,24,1965,27.5
02,25,1965,21.75
02,26,1965,18.5
02,27,1965,21.0
02,28,1965,23.75
03,01,1965,28.25
03,02,1965,25.5
03,03,1965,24.5
03,04,1965,24.75
03,05,1965,20.25
03,06,1965,20.0
03,07,1965,19.5
03,08,1965,18.0
03,09,1965,22.5
03,10,1965,24.25
03,11,1965,25.75
03,12,1965,27.75
03,13,1965,27.25
03,14,1965,26.5
03,15,1965,27.75
03,16,1965,27.0
03,17,1965,28.5
03,18,1965,28.75
03,19,1965,27.25
03,20,1965,28.0
03,21,1965,26.75
03,22,1965,24.5
03,23,1965,25.75
03,24,1965,27.0
03,25,1965,28.0
03,26,1965,29.0
03,27,1965,28.5
03,28,1965,27.0
03,29,1965,27.5
03,30,1965,27.0
03,31,1965,27.5
04,01,1965,28.0
04,02,1965,27.75
04,03,1965,27.5
04,04,1965,27.5
04,05,1965,28.0
04,06,1965,29.0
04,07,1965,28.0
04,08,1965,28.0
04,09,1965,29.75
04,10,1965,29.25
04,11,1965,29.5
04,12,1965,30.0
04,13,1965,28.75
04,14,1965,28.75
04,15,1965,29.0
04,16,1965,28.5
04,17,1965,29.25
04,18,1965,28.5
04,19,1965,29.25
04,20,1965,28.5
04,21,1965,26.75
04,22,1965,26.0
04,23,1965,25.75
04,24,1965,27.0
04,25,1965,29.0
04,26,1965,31.5
04,27,1965,31.0
04,28,1965,28.75
04,29,1965,29.5
04,30,1965,27.5
05,01,1965,23.75
05,02,1965,27.25
05,03,1965,28.25
05,04,1965,29.0
05,05,1965,31.0
05,06,1965,31.0
05,07,1965,30.25
05,08,1965,30.25
05,09,1965,30.75
05,10,1965,30.25
05,11,1965,30.75
05,12,1965,30.5
05,13,1965,29.5
05,14,1965,30.5
05,15,1965,31.25
05,16,1965,31.0
05,17,1965,30.25
05,18,1965,29.25
05,19,1965,30.5
05,20,1965,31.5
05,21,1965,29.25
05,22,1965,28.5
05,23,1965,29.1
05,24,1965,29.25
05,25,1965,29.75
05,26,1965,29.25
05,27,1965,30.25
05,28,1965,30.5
05,29,1965,30.25
05,30,1965,30.25
05,31,1965,30.25
06,01,1965,31.0
06,02,1965,31.0
06,03,1965,31.5
06,04,1965,30.0
06,05,1965,31.5
06,06,1965,31.25
06,07,1965,29.5
06,08,1965,28.75
06,09,1965,29.0
06,10,1965,29.0
06,11,1965,27.5
06,12,1965,26.75
06,13,1965,27.5
06,14,1965,28.25
06,15,1965,29.0
06,16,1965,28.25
06,17,1965,27.75
06,18,1965,28.0
06,19,1965,27.0
06,20,1965,26.25
06,21,1965,27.0
06,22,1965,28.25
06,23,1965,27.0
06,24,1965,27.5
06,25,1965,26.5
06,26,1965,27.0
06,27,1965,26.25
06,28,1965,25.5
06,29,1965,25.5
06,30,1965,24.25
07,01,1965,25.25
07,02,1965,25.75
07,03,1965,27.25
07,04,1965,27.75
07,05,1965,26.5
07,06,1965,27.0
07,07,1965,26.25
07,08,1965,27.5
07,09,1965,27.0
07,10,1965,27.5
07,11,1965,27.75
07,12,1965,26.0
07,13,1965,27.25
07,14,1965,27.0
07,15,1965,27.5
07,16,1965,27.75
07,17,1965,27.5
07,18,1965,28.0
07,19,1965,28.5
07,20,1965,26.25
07,21,1965,27.0
07,22,1965,27.5
07,23,1965,27.0
07,24,1965,26.0
07,25,1965,26.5
07,26,1965,27.0
07,27,1965,27.5
07,28,1965,27.5
07,29,1965,27.5
07,30,1965,27.0
07,31,1965,28.0
08,01,1965,28.5
08,02,1965,28.5
08,03,1965,28.75
08,04,1965,27.75
08,05,1965,28.75
08,06,1965,28.5
08,07,1965,27.25
08,08,1965,27.5
08,09,1965,28.5
08,10,1965,26.75
08,11,1965,26.75
08,12,1965,27.75
08,13,1965,26.75
08,14,1965,26.75
08,15,1965,26.0
08,16,1965,27.25
08,17,1965,26.75
08,18,1965,27.0
08,19,1965,27.75
08,20,1965,27.25
08,21,1965,27.0
08,22,1965,28.5
08,23,1965,27.5
08,24,1965,27.0
08,25,1965,26.0
08,26,1965,27.5
08,27,1965,26.5
08,28,1965,26.75
08,29,1965,27.25
08,30,1965,27.75
08,31,1965,28.25
09,01,1965,29.0
09,02,1965,28.5
09,03,1965,28.5
09,04,1965,28.5
09,05,1965,28.5
09,06,1965,28.25
09,07,1965,27.0
09,08,1965,28.5
09,09,1965,27.75
09,10,1965,28.25
09,11,1965,28.75
09,12,1965,26.75
09,13,1965,27.0
09,14,1965,27.25
09,15,1965,27.0
09,16,1965,27.75
09,17,1965,28.0
09,18,1965,26.0
09,19,1965,27.5
09,20,1965,27.25
09,21,1965,26.5
09,22,1965,27.25
09,23,1965,27.0
09,24,1965,27.0
09,25,1965,27.0
09,26,1965,28.5
09,27,1965,27.5
09,28,1965,28.0
09,29,1965,27.0
09,30,1965,28.5
10,01,1965,27.75
10,02,1965,26.5
10,03,1965,26.5
10,04,1965,27.25
10,05,1965,28.25
10,06,1965,28.0
10,07,1965,26.75
10,08,1965,26.75
10,09,1965,28.0
10,10,1965,27.75
10,11,1965,27.0
10,12,1965,27.5
10,13,1965,26.5
10,14,1965,26.5
10,15,1965,27.25
10,16,1965,27.25
10,17,1965,28.0
10,18,1965,28.25
10,19,1965,28.5
10,20,1965,26.25
10,21,1965,26.5
10,22,1965,23.25
10,23,1965,22.5
10,24,1965,23.5
10,25,1965,22.75
10,26,1965,23.25
10,27,1965,24.5
10,28,1965,25.0
10,29,1965,26.25
10,30,1965,24.75
10,31,1965,25.0
11,01,1965,26.0
11,02,1965,25.5
11,03,1965,26.0
11,04,1965,26.0
11,05,1965,25.25
11,06,1965,24.0
11,07,1965,25.25
11,08,1965,26.0
11,09,1965,25.75
11,10,1965,26.25
11,11,1965,27.0
11,12,1965,26.5
11,13,1965,27.25
11,14,1965,25.75
11,15,1965,24.75
11,16,1965,25.25
11,17,1965,25.5
11,18,1965,25.0
11,19,1965,25.75
11,20,1965,25.0
11,21,1965,25.5
11,22,1965,26.5
11,23,1965,26.0
11,24,1965,25.75
11,25,1965,25.0
11,26,1965,25.25
11,27,1965,25.25
11,28,1965,25.0
11,29,1965,25.25
11,30,1965,25.0
12,01,1965,23.25
12,02,1965,24.5
12,03,1965,26.0
12,04,1965,24.5
12,05,1965,22.0
12,06,1965,24.25
12,07,1965,23.25
12,08,1965,24.0
12,09,1965,22.75
12,10,1965,24.0
12,11,1965,23.25
12,12,1965,25.0
12,13,1965,26.0
12,14,1965,26.75
12,15,1965,27.5
12,16,1965,27.5
12,17,1965,27.25
12,18,1965,26.25
12,19,1965,25.75
12,20,1965,20.5
12,21,1965,20.5
12,22,1965,20.5
12,23,1965,22.5
12,24,1965,25.0
12,25,1965,25.75
12,26,1965,23.25
12,27,1965,22.25
12,28,1965,20.5
12,29,1965,23.25
12,30,1965,21.5
12,31,1965,24.0
01,01,1966,23.75
01,02,1966,25.5
01,03,1966,25.5
01,04,1966,25.25
01,05,1966,23.5
01,06,1966,23.25
01,07,1966,20.75
01,08,1966,21.75
01,09,1966,21.0
01,10,1966,22.5
01,11,1966,22.75
01,12,1966,23.5
01,13,1966,23.5
01,14,1966,22.75
01,15,1966,23.0
01,16,1966,24.0
01,17,1966,23.5
01,18,1966,24.25
01,19,1966,24.5
01,20,1966,23.0
01,21,1966,24.75
01,22,1966,24.5
01,23,1966,20.25
01,24,1966,23.25
01,25,1966,21.75
01,26,1966,22.5
01,27,1966,20.5
01,28,1966,19.5
01,29,1966,20.25
01,30,1966,17.25
01,31,1966,18.75
02,01,1966,23.0
02,02,1966,23.5
02,03,1966,22.75
02,04,1966,18.0
02,05,1966,19.5
02,06,1966,19.5
02,07,1966,22.0
02,08,1966,24.0
02,09,1966,26.5
02,10,1966,27.0
02,11,1966,25.75
02,12,1966,27.75
02,13,1966,24.75
02,14,1966,25.5
02,15,1966,26.5
02,16,1966,25.5
02,17,1966,27.75
02,18,1966,23.25
02,19,1966,24.25
02,20,1966,24.0
02,21,1966,23.25
02,22,1966,25.0
02,23,1966,22.5
02,24,1966,22.75
02,25,1966,23.5
02,26,1966,25.75
02,27,1966,27.75
02,28,1966,25.0
03,01,1966,22.0
03,02,1966,25.25
03,03,1966,26.75
03,04,1966,28.0
03,05,1966,23.0
03,06,1966,18.5
03,07,1966,19.5
03,08,1966,21.0
03,09,1966,23.25
03,10,1966,24.5
03,11,1966,24.5
03,12,1966,25.25
03,13,1966,25.25
03,14,1966,24.75
03,15,1966,24.75
03,16,1966,24.75
03,17,1966,25.75
03,18,1966,26.5
03,19,1966,25.25
03,20,1966,25.0
03,21,1966,24.25
03,22,1966,25.5
03,23,1966,26.5
03,24,1966,27.0
03,25,1966,23.5
03,26,1966,25.0
03,27,1966,27.25
03,28,1966,27.75
03,29,1966,28.75
03,30,1966,27.25
03,31,1966,26.0
04,01,1966,27.5
04,02,1966,27.25
04,03,1966,29.0
04,04,1966,27.75
04,05,1966,25.5
04,06,1966,24.75
04,07,1966,26.5
04,08,1966,27.25
04,09,1966,29.25
04,10,1966,27.25
04,11,1966,27.25
04,12,1966,29.75
04,13,1966,30.0
04,14,1966,28.75
04,15,1966,29.0
04,16,1966,27.75
04,17,1966,27.75
04,18,1966,28.25
04,19,1966,30.25
04,20,1966,28.25
04,21,1966,29.25
04,22,1966,29.5
04,23,1966,28.75
04,24,1966,28.75
04,25,1966,29.0
04,26,1966,29.0
04,27,1966,28.75
04,28,1966,30.75
04,29,1966,29.25
04,30,1966,27.75
05,01,1966,27.75
05,02,1966,27.25
05,03,1966,26.0
05,04,1966,26.0
05,05,1966,25.25
05,06,1966,26.75
05,07,1966,27.5
05,08,1966,27.75
05,09,1966,28.5
05,10,1966,29.0
05,11,1966,28.5
05,12,1966,29.25
05,13,1966,29.75
05,14,1966,29.5
05,15,1966,29.0
05,16,1966,29.25
05,17,1966,30.0
05,18,1966,30.0
05,19,1966,30.5
05,20,1966,30.25
05,21,1966,30.25
05,22,1966,31.25
05,23,1966,31.75
05,24,1966,30.5
05,25,1966,28.5
05,26,1966,28.5
05,27,1966,28.75
05,28,1966,29.75
05,29,1966,29.0
05,30,1966,28.5
05,31,1966,28.25
06,01,1966,28.0
06,02,1966,27.0
06,03,1966,26.25
06,04,1966,26.75
06,05,1966,27.75
06,06,1966,29.0
06,07,1966,28.5
06,08,1966,28.75
06,09,1966,28.75
06,10,1966,28.5
06,11,1966,30.0
06,12,1966,29.25
06,13,1966,28.5
06,14,1966,26.25
06,15,1966,26.0
06,16,1966,25.5
06,17,1966,28.25
06,18,1966,27.75
06,19,1966,28.75
06,20,1966,28.5
06,21,1966,28.0
06,22,1966,26.75
06,23,1966,27.0
06,24,1966,26.75
06,25,1966,28.0
06,26,1966,27.0
06,27,1966,26.75
06,28,1966,25.75
06,29,1966,26.25
06,30,1966,27.5
07,01,1966,27.5
07,02,1966,29.0
07,03,1966,28.5
07,04,1966,29.0
07,05,1966,28.75
07,06,1966,28.5
07,07,1966,28.0
07,08,1966,28.25
07,09,1966,27.5
07,10,1966,26.5
07,11,1966,27.5
07,12,1966,27.25
07,13,1966,27.25
07,14,1966,26.5
07,15,1966,27.75
07,16,1966,27.5
07,17,1966,28.0
07,18,1966,28.0
07,19,1966,28.25
07,20,1966,28.0
07,21,1966,27.75
07,22,1966,27.75
07,23,1966,29.5
07,24,1966,28.25
07,25,1966,27.75
07,26,1966,29.25
07,27,1966,28.75
07,28,1966,29.0
07,29,1966,29.25
07,30,1966,28.5
07,31,1966,29.25
08,01,1966,29.0
08,02,1966,29.0
08,03,1966,28.0
08,04,1966,29.5
08,05,1966,28.75
08,06,1966,30.25
08,07,1966,29.25
08,08,1966,29.5
08,09,1966,29.5
08,10,1966,29.25
08,11,1966,29.0
08,12,1966,29.5
08,13,1966,28.5
08,14,1966,28.75
08,15,1966,28.5
08,16,1966,29.0
08,17,1966,27.75
08,18,1966,28.25
08,19,1966,27.75
08,20,1966,28.25
08,21,1966,27.75
08,22,1966,27.25
08,23,1966,28.25
08,24,1966,28.5
08,25,1966,28.5
08,26,1966,28.0
08,27,1966,28.25
08,28,1966,28.0
08,29,1966,28.0
08,30,1966,28.0
08,31,1966,28.75
09,01,1966,28.75
09,02,1966,28.0
09,03,1966,27.5
09,04,1966,28.0
09,05,1966,26.0
09,06,1966,27.25
09,07,1966,27.25
09,08,1966,26.75
09,09,1966,27.25
09,10,1966,27.75
09,11,1966,26.75
09,12,1966,26.75
09,13,1966,27.75
09,14,1966,28.0
09,15,1966,27.0
09,16,1966,27.0
09,17,1966,27.5
09,18,1966,27.25
09,19,1966,28.5
09,20,1966,28.25
09,21,1966,28.0
09,22,1966,25.5
09,23,1966,26.75
09,24,1966,27.75
09,25,1966,29.0
09,26,1966,26.5
09,27,1966,28.75
09,28,1966,28.5
09,29,1966,27.75
09,30,1966,26.5
10,01,1966,29.0
10,02,1966,26.25
10,03,1966,28.5
10,04,1966,29.0
10,05,1966,28.5
10,06,1966,29.25
10,07,1966,26.25
10,08,1966,27.5
10,09,1966,29.0
10,10,1966,29.0
10,11,1966,29.5
10,12,1966,29.0
10,13,1966,29.25
10,14,1966,29.25
10,15,1966,29.25
10,16,1966,29.5
10,17,1966,29.0
10,18,1966,28.25
10,19,1966,28.0
10,20,1966,21.0
10,21,1966,22.0
10,22,1966,25.0
10,23,1966,26.0
10,24,1966,25.25
10,25,1966,24.75
10,26,1966,23.5
10,27,1966,22.0
10,28,1966,22.25
10,29,1966,24.25
10,30,1966,25.5
10,31,1966,23.75
11,01,1966,25.0
11,02,1966,21.25
11,03,1966,20.75
11,04,1966,20.75
11,05,1966,22.25
11,06,1966,21.75
11,07,1966,25.75
11,08,1966,26.0
11,09,1966,27.75
11,10,1966,26.75
11,11,1966,27.0
11,12,1966,26.75
11,13,1966,26.25
11,14,1966,26.75
11,15,1966,25.0
11,16,1966,23.5
11,17,1966,25.25
11,18,1966,24.5
11,19,1966,23.5
11,20,1966,24.0
11,21,1966,24.5
11,22,1966,24.5
11,23,1966,24.0
11,24,1966,22.75
11,25,1966,23.5
11,26,1966,23.75
11,27,1966,24.0
11,28,1966,22.5
11,29,1966,21.0
11,30,1966,21.0
12,01,1966,22.75
12,02,1966,23.25
12,03,1966,21.75
12,04,1966,23.0
12,05,1966,24.5
12,06,1966,23.5
12,07,1966,24.5
12,08,1966,26.0
12,09,1966,27.25
12,10,1966,24.5
12,11,1966,20.75
12,12,1966,21.5
12,13,1966,21.25
12,14,1966,20.0
12,15,1966,22.25
12,16,1966,23.5
12,17,1966,23.75
12,18,1966,19.0
12,19,1966,20.75
12,20,1966,20.0
12,21,1966,21.25
12,22,1966,23.0
12,23,1966,21.75
12,24,1966,18.75
12,25,1966,19.75
12,26,1966,19.5
12,27,1966,22.75
12,28,1966,24.75
12,29,1966,24.75
12,30,1966,25.5
12,31,1966,25.5
01,01,1967,25.75
01,02,1967,25.25
01,03,1967,25.25
01,04,1967,21.5
01,05,1967,18.0
01,06,1967,19.25
01,07,1967,22.25
01,08,1967,23.75
01,09,1967,22.25
01,10,1967,19.25
01,11,1967,18.0
01,12,1967,19.0
01,13,1967,21.5
01,14,1967,23.25
01,15,1967,24.5
01,16,1967,22.75
01,17,1967,21.75
01,18,1967,22.75
01,19,1967,23.0
01,20,1967,24.25
01,21,1967,24.5
01,22,1967,25.25
01,23,1967,24.0
01,24,1967,24.5
01,25,1967,24.75
01,26,1967,24.75
01,27,1967,24.0
01,28,1967,21.25
01,29,1967,20.5
01,30,1967,20.75
01,31,1967,24.25
02,01,1967,24.75
02,02,1967,25.25
02,03,1967,24.75
02,04,1967,26.0
02,05,1967,24.5
02,06,1967,25.5
02,07,1967,19.75
02,08,1967,21.75
02,09,1967,20.75
02,10,1967,23.25
02,11,1967,24.5
02,12,1967,21.75
02,13,1967,19.75
02,14,1967,20.5
02,15,1967,21.75
02,16,1967,23.75
02,17,1967,25.5
02,18,1967,24.5
02,19,1967,25.0
02,20,1967,26.75
02,21,1967,26.0
02,22,1967,23.0
02,23,1967,21.25
02,24,1967,22.25
02,25,1967,22.0
02,26,1967,22.0
02,27,1967,22.25
02,28,1967,22.5
03,01,1967,21.75
03,02,1967,24.75
03,03,1967,25.75
03,04,1967,25.0
03,05,1967,25.5
03,06,1967,27.25
03,07,1967,23.0
03,08,1967,24.0
03,09,1967,26.25
03,10,1967,27.25
03,11,1967,25.0
03,12,1967,25.0
03,13,1967,26.0
03,14,1967,25.75
03,15,1967,25.75
03,16,1967,25.75
03,17,1967,26.5
03,18,1967,26.0
03,19,1967,26.25
03,20,1967,25.5
03,21,1967,27.0
03,22,1967,27.25
03,23,1967,26.75
03,24,1967,26.5
03,25,1967,27.0
03,26,1967,28.25
03,27,1967,28.5
03,28,1967,28.25
03,29,1967,26.0
03,30,1967,25.25
03,31,1967,26.75
04,01,1967,26.75
04,02,1967,27.25
04,03,1967,25.25
04,04,1967,26.25
04,05,1967,26.5
04,06,1967,26.25
04,07,1967,25.0
04,08,1967,27.0
04,09,1967,28.0
04,10,1967,28.5
04,11,1967,28.0
04,12,1967,27.5
04,13,1967,28.25
04,14,1967,29.0
04,15,1967,29.25
04,16,1967,27.25
04,17,1967,27.75
04,18,1967,28.25
04,19,1967,27.5
04,20,1967,28.5
04,21,1967,28.75
04,22,1967,29.5
04,23,1967,29.75
04,24,1967,29.75
04,25,1967,28.5
04,26,1967,28.25
04,27,1967,27.75
04,28,1967,28.0
04,29,1967,28.25
04,30,1967,28.25
05,01,1967,29.25
05,02,1967,29.5
05,03,1967,29.75
05,04,1967,29.5
05,05,1967,30.0
05,06,1967,29.0
05,07,1967,30.25
05,08,1967,30.5
05,09,1967,31.25
05,10,1967,31.25
05,11,1967,30.0
05,12,1967,30.5
05,13,1967,31.75
05,14,1967,30.5
05,15,1967,30.25
05,16,1967,29.0
05,17,1967,28.0
05,18,1967,29.0
05,19,1967,28.75
05,20,1967,29.25
05,21,1967,29.5
05,22,1967,29.5
05,23,1967,26.75
05,24,1967,26.75
05,25,1967,26.75
05,26,1967,28.0
05,27,1967,28.75
05,28,1967,29.5
05,29,1967,30.5
05,30,1967,32.25
05,31,1967,33.25
06,01,1967,32.5
06,02,1967,31.75
06,03,1967,29.0
06,04,1967,27.75
06,05,1967,27.75
06,06,1967,28.5
06,07,1967,28.25
06,08,1967,29.25
06,09,1967,30.5
06,10,1967,28.75
06,11,1967,29.5
06,12,1967,30.5
06,13,1967,30.0
06,14,1967,28.0
06,15,1967,26.75
06,16,1967,30.25
06,17,1967,29.25
06,18,1967,28.5
06,19,1967,27.25
06,20,1967,27.0
06,21,1967,27.75
06,22,1967,26.25
06,23,1967,28.5
06,24,1967,29.0
06,25,1967,27.5
06,26,1967,28.5
06,27,1967,29.0
06,28,1967,27.5
06,29,1967,28.5
06,30,1967,28.75
07,01,1967,28.25
07,02,1967,28.5
07,03,1967,28.75
07,04,1967,28.0
07,05,1967,28.0
07,06,1967,28.0
07,07,1967,27.0
07,08,1967,28.5
07,09,1967,27.5
07,10,1967,29.5
07,11,1967,26.5
07,12,1967,27.5
07,13,1967,27.75
07,14,1967,28.25
07,15,1967,29.0
07,16,1967,27.25
07,17,1967,27.25
07,18,1967,27.5
07,19,1967,26.25
07,20,1967,26.75
07,21,1967,28.0
07,22,1967,27.25
07,23,1967,28.0
07,24,1967,26.5
07,25,1967,27.75
07,26,1967,28.0
07,27,1967,27.75
07,28,1967,27.0
07,29,1967,26.5
07,30,1967,27.75
07,31,1967,28.25
08,01,1967,27.5
08,02,1967,27.75
08,03,1967,27.75
08,04,1967,29.0
08,05,1967,27.75
08,06,1967,26.0
08,07,1967,27.5
08,08,1967,28.5
08,09,1967,28.75
08,10,1967,28.0
08,11,1967,28.25
08,12,1967,28.25
08,13,1967,28.0
08,14,1967,28.75
08,15,1967,28.0
08,16,1967,28.25
08,17,1967,28.0
08,18,1967,28.25
08,19,1967,27.25
08,20,1967,28.75
08,21,1967,28.75
08,22,1967,28.5
08,23,1967,28.75
08,24,1967,28.75
08,25,1967,28.5
08,26,1967,28.25
08,27,1967,28.5
08,28,1967,28.0
08,29,1967,29.25
08,30,1967,27.75
08,31,1967,28.0
09,01,1967,27.75
09,02,1967,28.0
09,03,1967,28.75
09,04,1967,29.25
09,05,1967,29.0
09,06,1967,29.25
09,07,1967,29.0
09,08,1967,28.0
09,09,1967,28.0
09,10,1967,28.5
09,11,1967,28.25
09,12,1967,27.75
09,13,1967,27.5
09,14,1967,28.5
09,15,1967,28.25
09,16,1967,28.5
09,17,1967,27.75
09,18,1967,27.0
09,19,1967,29.25
09,20,1967,29.75
09,21,1967,29.75
09,22,1967,30.25
09,23,1967,28.25
09,24,1967,27.25
09,25,1967,27.0
09,26,1967,26.75
09,27,1967,27.5
09,28,1967,27.5
09,29,1967,21.75
09,30,1967,22.25
10,01,1967,25.5
10,02,1967,26.5
10,03,1967,28.0
10,04,1967,27.5
10,05,1967,26.75
10,06,1967,27.25
10,07,1967,26.75
10,08,1967,27.5
10,09,1967,26.5
10,10,1967,26.0
10,11,1967,26.5
10,12,1967,26.5
10,13,1967,26.5
10,14,1967,26.25
10,15,1967,26.75
10,16,1967,26.75
10,17,1967,25.5
10,18,1967,22.75
10,19,1967,23.75
10,20,1967,24.25
10,21,1967,22.75
10,22,1967,23.25
10,23,1967,24.0
10,24,1967,26.0
10,25,1967,26.5
10,26,1967,25.5
10,27,1967,27.25
10,28,1967,28.0
10,29,1967,27.0
10,30,1967,27.0
10,31,1967,24.75
11,01,1967,24.0
11,02,1967,26.5
11,03,1967,26.75
11,04,1967,26.5
11,05,1967,25.0
11,06,1967,25.75
11,07,1967,24.0
11,08,1967,22.75
11,09,1967,22.5
11,10,1967,22.5
11,11,1967,24.5
11,12,1967,25.25
11,13,1967,23.75
11,14,1967,24.0
11,15,1967,24.25
11,16,1967,23.75
11,17,1967,22.5
11,18,1967,23.5
11,19,1967,22.25
11,20,1967,23.25
11,21,1967,24.25
11,22,1967,25.25
11,23,1967,26.25
11,24,1967,26.25
11,25,1967,26.5
11,26,1967,26.5
11,27,1967,26.0
11,28,1967,25.75
11,29,1967,25.75
11,30,1967,26.5
12,01,1967,27.0
12,02,1967,26.75
12,03,1967,24.5
12,04,1967,24.5
12,05,1967,24.0
12,06,1967,25.25
12,07,1967,24.0
12,08,1967,25.5
12,09,1967,25.5
12,10,1967,26.25
12,11,1967,24.25
12,12,1967,24.0
12,13,1967,25.75
12,14,1967,26.75
12,15,1967,26.25
12,16,1967,26.0
12,17,1967,26.0
12,18,1967,26.25
12,19,1967,26.5
12,20,1967,25.75
12,21,1967,26.25
12,22,1967,26.25
12,23,1967,23.0
12,24,1967,18.5
12,25,1967,21.5
12,26,1967,22.25
12,27,1967,22.5
12,28,1967,23.75
12,29,1967,24.25
12,30,1967,25.25
12,31,1967,25.25
01,01,1968,24.5
01,02,1968,24.0
01,03,1968,23.75
01,04,1968,24.75
01,05,1968,24.75
01,06,1968,24.25
01,07,1968,23.0
01,08,1968,24.0
01,09,1968,22.25
01,10,1968,22.5
01,11,1968,23.75
01,12,1968,24.25
01,13,1968,21.25
01,14,1968,18.5
01,15,1968,19.0
01,16,1968,20.5
01,17,1968,22.0
01,18,1968,23.25
01,19,1968,24.0
01,20,1968,23.75
01,21,1968,22.25
01,22,1968,23.25
01,23,1968,24.0
01,24,1968,20.25
01,25,1968,20.25
01,26,1968,22.0
01,27,1968,23.0
01,28,1968,22.5
01,29,1968,23.0
01,30,1968,21.75
01,31,1968,23.5
02,01,1968,22.5
02,02,1968,23.75
02,03,1968,20.75
02,04,1968,23.0
02,05,1968,23.25
02,06,1968,21.5
02,07,1968,20.75
02,08,1968,19.75
02,09,1968,18.75
02,10,1968,19.0
02,11,1968,21.75
02,12,1968,22.75
02,13,1968,24.0
02,14,1968,24.75
02,15,1968,23.75
02,16,1968,24.5
02,17,1968,25.0
02,18,1968,23.5
02,19,1968,23.5
02,20,1968,22.75
02,21,1968,23.75
02,22,1968,24.0
02,23,1968,23.0
02,24,1968,18.5
02,25,1968,20.25
02,26,1968,20.25
02,27,1968,21.25
02,28,1968,22.25
02,29,1968,22.0
03,01,1968,21.0
03,02,1968,21.5
03,03,1968,24.75
03,04,1968,24.25
03,05,1968,25.75
03,06,1968,27.0
03,07,1968,25.75
03,08,1968,28.0
03,09,1968,28.5
03,10,1968,29.0
03,11,1968,30.0
03,12,1968,24.5
03,13,1968,19.5
03,14,1968,20.25
03,15,1968,22.25
03,16,1968,24.5
03,17,1968,25.25
03,18,1968,25.5
03,19,1968,27.0
03,20,1968,26.5
03,21,1968,27.75
03,22,1968,21.5
03,23,1968,18.75
03,24,1968,20.0
03,25,1968,21.5
03,26,1968,24.5
03,27,1968,24.25
03,28,1968,23.25
03,29,1968,26.0
03,30,1968,27.0
03,31,1968,26.5
04,01,1968,26.5
04,02,1968,26.25
04,03,1968,28.25
04,04,1968,28.75
04,05,1968,26.5
04,06,1968,28.0
04,07,1968,27.75
04,08,1968,28.25
04,09,1968,29.0
04,10,1968,29.0
04,11,1968,26.25
04,12,1968,26.0
04,13,1968,27.25
04,14,1968,27.25
04,15,1968,27.75
04,16,1968,28.0
04,17,1968,27.25
04,18,1968,28.0
04,19,1968,27.75
04,20,1968,27.5
04,21,1968,27.25
04,22,1968,28.25
04,23,1968,28.75
04,24,1968,26.75
04,25,1968,28.75
04,26,1968,28.25
04,27,1968,28.75
04,28,1968,29.5
04,29,1968,28.75
04,30,1968,26.25
05,01,1968,28.5
05,02,1968,29.25
05,03,1968,29.5
05,04,1968,30.25
05,05,1968,27.5
05,06,1968,29.75
05,07,1968,30.0
05,08,1968,29.5
05,09,1968,29.25
05,10,1968,30.0
05,11,1968,30.25
05,12,1968,29.0
05,13,1968,30.5
05,14,1968,29.25
05,15,1968,29.5
05,16,1968,29.5
05,17,1968,30.5
05,18,1968,31.5
05,19,1968,27.5
05,20,1968,29.0
05,21,1968,27.25
05,22,1968,28.5
05,23,1968,28.25
05,24,1968,28.75
05,25,1968,28.25
05,26,1968,29.5
05,27,1968,29.75
05,28,1968,29.25
05,29,1968,29.25
05,30,1968,29.0
05,31,1968,28.25
06,01,1968,28.25
06,02,1968,28.5
06,03,1968,28.75
06,04,1968,29.0
06,05,1968,29.75
06,06,1968,30.5
06,07,1968,29.75
06,08,1968,29.75
06,09,1968,28.25
06,10,1968,28.25
06,11,1968,28.25
06,12,1968,28.75
06,13,1968,27.75
06,14,1968,28.0
06,15,1968,27.75
06,16,1968,27.5
06,17,1968,27.5
06,18,1968,28.0
06,19,1968,28.0
06,20,1968,29.0
06,21,1968,27.75
06,22,1968,27.25
06,23,1968,28.0
06,24,1968,27.75
06,25,1968,28.5
06,26,1968,29.25
06,27,1968,29.25
06,28,1968,27.75
06,29,1968,27.5
06,30,1968,27.0
07,01,1968,28.0
07,02,1968,28.5
07,03,1968,28.0
07,04,1968,27.25
07,05,1968,26.75
07,06,1968,27.75
07,07,1968,28.5
07,08,1968,28.0
07,09,1968,28.0
07,10,1968,28.5
07,11,1968,29.5
07,12,1968,28.25
07,13,1968,26.75
07,14,1968,27.75
07,15,1968,27.25
07,16,1968,26.75
07,17,1968,26.5
07,18,1968,27.75
07,19,1968,27.75
07,20,1968,27.0
07,21,1968,27.25
07,22,1968,27.0
07,23,1968,28.0
07,24,1968,26.5
07,25,1968,26.0
07,26,1968,25.5
07,27,1968,26.5
07,28,1968,26.75
07,29,1968,27.0
07,30,1968,27.25
07,31,1968,26.75
08,01,1968,27.5
08,02,1968,27.0
08,03,1968,27.0
08,04,1968,27.25
08,05,1968,25.25
08,06,1968,26.75
08,07,1968,26.75
08,08,1968,27.5
08,09,1968,27.0
08,10,1968,28.0
08,11,1968,28.75
08,12,1968,29.25
08,13,1968,28.0
08,14,1968,27.75
08,15,1968,28.0
08,16,1968,27.0
08,17,1968,27.0
08,18,1968,27.25
08,19,1968,27.25
08,20,1968,27.25
08,21,1968,26.75
08,22,1968,27.25
08,23,1968,28.0
08,24,1968,28.0
08,25,1968,28.0
08,26,1968,28.25
08,27,1968,27.5
08,28,1968,27.5
08,29,1968,27.25
08,30,1968,27.5
08,31,1968,27.0
09,01,1968,28.0
09,02,1968,27.5
09,03,1968,28.65
09,04,1968,28.0
09,05,1968,28.0
09,06,1968,27.5
09,07,1968,27.25
09,08,1968,25.75
09,09,1968,27.25
09,10,1968,26.75
09,11,1968,27.25
09,12,1968,27.7
09,13,1968,27.85
09,14,1968,28.3
09,15,1968,28.6
09,16,1968,29.0
09,17,1968,29.3
09,18,1968,29.75
09,19,1968,29.0
09,20,1968,28.5
09,21,1968,28.3
09,22,1968,27.5
09,23,1968,27.35
09,24,1968,27.25
09,25,1968,26.6
09,26,1968,27.15
09,27,1968,26.85
09,28,1968,28.0
09,29,1968,27.6
09,30,1968,28.5
10,01,1968,28.0
10,02,1968,27.5
10,03,1968,28.0
10,04,1968,27.05
10,05,1968,26.5
10,06,1968,27.75
10,07,1968,27.3
10,08,1968,28.0
10,09,1968,28.5
10,10,1968,28.0
10,11,1968,26.5
10,12,1968,27.75
10,13,1968,26.25
10,14,1968,27.5
10,15,1968,26.5
10,16,1968,28.0
10,17,1968,27.25
10,18,1968,26.75
10,19,1968,26.25
10,20,1968,26.0
10,21,1968,26.5
10,22,1968,26.5
10,23,1968,26.0
10,24,1968,26.6
10,25,1968,26.25
10,26,1968,25.85
10,27,1968,24.35
10,28,1968,23.5
10,29,1968,23.5
10,30,1968,23.4
10,31,1968,25.85
11,01,1968,26.5
11,02,1968,26.65
11,03,1968,26.65
11,04,1968,25.5
11,05,1968,26.15
11,06,1968,28.0
11,07,1968,27.5
11,08,1968,27.5
11,09,1968,26.5
11,10,1968,26.5
11,11,1968,26.5
11,12,1968,22.0
11,13,1968,21.5
11,14,1968,22.4
11,15,1968,24.7
11,16,1968,26.0
11,17,1968,26.75
11,18,1968,27.5
11,19,1968,23.95
11,20,1968,22.5
11,21,1968,21.6
11,22,1968,21.75
11,23,1968,21.0
11,24,1968,21.5
11,25,1968,23.9
11,26,1968,23.5
11,27,1968,24.75
11,28,1968,26.0
11,29,1968,26.0
11,30,1968,25.0
12,01,1968,26.5
12,02,1968,26.1
12,03,1968,27.0
12,04,1968,20.6
12,05,1968,20.0
12,06,1968,22.9
12,07,1968,23.6
12,08,1968,23.0
12,09,1968,24.5
12,10,1968,23.0
12,11,1968,23.0
12,12,1968,23.1
12,13,1968,24.5
12,14,1968,23.5
12,15,1968,20.65
12,16,1968,20.5
12,17,1968,20.25
12,18,1968,22.25
12,19,1968,24.0
12,20,1968,25.0
12,21,1968,26.0
12,22,1968,27.25
12,23,1968,23.5
12,24,1968,20.25
12,25,1968,21.0
12,26,1968,22.0
12,27,1968,25.0
12,28,1968,25.25
12,29,1968,25.5
12,30,1968,25.6
12,31,1968,25.0
01,01,1969,25.5
01,02,1969,23.0
01,03,1969,23.0
01,04,1969,22.15
01,05,1969,20.25
01,06,1969,20.5
01,07,1969,21.0
01,08,1969,22.0
01,09,1969,23.9
01,10,1969,22.0
01,11,1969,22.75
01,12,1969,21.9
01,13,1969,21.75
01,14,1969,21.6
01,15,1969,23.0
01,16,1969,23.5
01,17,1969,23.75
01,18,1969,24.4
01,19,1969,23.5
01,20,1969,24.0
01,21,1969,24.9
01,22,1969,25.25
01,23,1969,26.0
01,24,1969,25.0
01,25,1969,24.5
01,26,1969,24.25
01,27,1969,24.75
01,28,1969,24.35
01,29,1969,25.1
01,30,1969,25.5
01,31,1969,24.15
02,01,1969,24.0
02,02,1969,24.5
02,03,1969,24.65
02,04,1969,24.75
02,05,1969,22.6
02,06,1969,24.5
02,07,1969,26.0
02,08,1969,26.5
02,09,1969,26.6
02,10,1969,25.75
02,11,1969,26.5
02,12,1969,26.5
02,13,1969,27.3
02,14,1969,28.0
02,15,1969,27.9
02,16,1969,26.0
02,17,1969,25.0
02,18,1969,23.75
02,19,1969,23.25
02,20,1969,24.75
02,21,1969,25.25
02,22,1969,25.5
02,23,1969,26.45
02,24,1969,27.0
02,25,1969,26.25
02,26,1969,26.65
02,27,1969,27.1
02,28,1969,26.75
03,01,1969,27.75
03,02,1969,28.5
03,03,1969,27.9
03,04,1969,22.9
03,05,1969,23.5
03,06,1969,27.75
03,07,1969,27.0
03,08,1969,29.4
03,09,1969,25.55
03,10,1969,24.6
03,11,1969,24.25
03,12,1969,26.4
03,13,1969,23.65
03,14,1969,25.4
03,15,1969,28.25
03,16,1969,28.25
03,17,1969,22.75
03,18,1969,20.4
03,19,1969,22.9
03,20,1969,25.0
03,21,1969,27.5
03,22,1969,29.15
03,23,1969,31.25
03,24,1969,30.65
03,25,1969,25.9
03,26,1969,21.35
03,27,1969,20.6
03,28,1969,23.75
03,29,1969,22.5
03,30,1969,24.95
03,31,1969,24.0
04,01,1969,24.5
04,02,1969,25.25
04,03,1969,27.5
04,04,1969,27.4
04,05,1969,27.65
04,06,1969,28.9
04,07,1969,27.7
04,08,1969,29.1
04,09,1969,28.85
04,10,1969,29.65
04,11,1969,29.0
04,12,1969,29.9
04,13,1969,29.75
04,14,1969,29.1
04,15,1969,30.0
04,16,1969,32.0
04,17,1969,32.25
04,18,1969,30.0
04,19,1969,29.85
04,20,1969,31.1
04,21,1969,28.5
04,22,1969,28.4
04,23,1969,27.75
04,24,1969,28.1
04,25,1969,27.45
04,26,1969,28.45
04,27,1969,30.4
04,28,1969,31.5
04,29,1969,29.45
04,30,1969,30.5
05,01,1969,30.5
05,02,1969,31.15
05,03,1969,31.3
05,04,1969,32.5
05,05,1969,32.25
05,06,1969,33.15
05,07,1969,33.55
05,08,1969,32.7
05,09,1969,31.0
05,10,1969,29.35
05,11,1969,31.4
05,12,1969,28.3
05,13,1969,30.25
05,14,1969,31.0
05,15,1969,31.65
05,16,1969,32.55
05,17,1969,31.9
05,18,1969,27.9
05,19,1969,29.75
05,20,1969,29.5
05,21,1969,28.0
05,22,1969,25.15
05,23,1969,27.25
05,24,1969,27.75
05,25,1969,27.75
05,26,1969,27.55
05,27,1969,27.0
05,28,1969,28.75
05,29,1969,28.0
05,30,1969,28.75
05,31,1969,29.3
06,01,1969,30.25
06,02,1969,31.0
06,03,1969,29.75
06,04,1969,31.0
06,05,1969,30.0
06,06,1969,29.0
06,07,1969,29.25
06,08,1969,29.25
06,09,1969,30.0
06,10,1969,29.5
06,11,1969,30.9
06,12,1969,32.1
06,13,1969,30.75
06,14,1969,30.0
06,15,1969,30.05
06,16,1969,29.5
06,17,1969,30.5
06,18,1969,30.25
06,19,1969,29.1
06,20,1969,28.65
06,21,1969,30.1
06,22,1969,30.0
06,23,1969,30.0
06,24,1969,30.4
06,25,1969,30.8
06,26,1969,30.25
06,27,1969,29.75
06,28,1969,27.5
06,29,1969,28.5
06,30,1969,28.4
07,01,1969,27.05
07,02,1969,27.0
07,03,1969,27.9
07,04,1969,28.25
07,05,1969,27.5
07,06,1969,28.1
07,07,1969,27.4
07,08,1969,27.5
07,09,1969,27.8
07,10,1969,28.0
07,11,1969,28.0
07,12,1969,28.0
07,13,1969,28.5
07,14,1969,28.9
07,15,1969,28.65
07,16,1969,29.0
07,17,1969,28.25
07,18,1969,28.0
07,19,1969,28.5
07,20,1969,27.25
07,21,1969,27.35
07,22,1969,29.5
07,23,1969,28.3
07,24,1969,28.5
07,25,1969,29.3
07,26,1969,29.5
07,27,1969,30.0
07,28,1969,29.5
07,29,1969,29.5
07,30,1969,28.0
07,31,1969,27.15
08,01,1969,28.1
08,02,1969,28.15
08,03,1969,28.0
08,04,1969,27.65
08,05,1969,28.0
08,06,1969,28.2
08,07,1969,28.25
08,08,1969,28.0
08,09,1969,26.75
08,10,1969,27.05
08,11,1969,26.75
08,12,1969,27.1
08,13,1969,29.0
08,14,1969,28.5
08,15,1969,27.75
08,16,1969,28.75
08,17,1969,28.15
08,18,1969,29.35
08,19,1969,28.15
08,20,1969,26.5
08,21,1969,28.5
08,22,1969,26.85
08,23,1969,27.5
08,24,1969,27.9
08,25,1969,27.75
08,26,1969,28.0
08,27,1969,27.25
08,28,1969,27.65
08,29,1969,28.4
08,30,1969,27.0
08,31,1969,27.5
09,01,1969,28.45
09,02,1969,28.25
09,03,1969,27.4
09,04,1969,26.0
09,05,1969,26.75
09,06,1969,27.0
09,07,1969,27.2
09,08,1969,27.0
09,09,1969,27.4
09,10,1969,28.0
09,11,1969,27.25
09,12,1969,27.0
09,13,1969,28.25
09,14,1969,27.5
09,15,1969,27.95
09,16,1969,28.45
09,17,1969,28.0
09,18,1969,27.75
09,19,1969,27.5
09,20,1969,27.25
09,21,1969,27.0
09,22,1969,29.25
09,23,1969,28.3
09,24,1969,26.0
09,25,1969,26.0
09,26,1969,28.0
09,27,1969,27.0
09,28,1969,27.15
09,29,1969,26.1
09,30,1969,25.25
10,01,1969,26.5
10,02,1969,27.0
10,03,1969,27.5
10,04,1969,28.0
10,05,1969,28.25
10,06,1969,29.0
10,07,1969,27.65
10,08,1969,27.25
10,09,1969,27.25
10,10,1969,27.25
10,11,1969,28.5
10,12,1969,29.0
10,13,1969,28.75
10,14,1969,28.5
10,15,1969,26.6
10,16,1969,27.25
10,17,1969,27.25
10,18,1969,26.0
10,19,1969,25.75
10,20,1969,27.4
10,21,1969,27.0
10,22,1969,27.4
10,23,1969,27.0
10,24,1969,27.0
10,25,1969,26.5
10,26,1969,26.0
10,27,1969,27.0
10,28,1969,26.5
10,29,1969,26.5
10,30,1969,26.6
10,31,1969,27.0
11,01,1969,25.25
11,02,1969,26.0
11,03,1969,26.8
11,04,1969,25.0
11,05,1969,25.25
11,06,1969,25.5
11,07,1969,25.4
11,08,1969,23.75
11,09,1969,23.0
11,10,1969,23.0
11,11,1969,24.15
11,12,1969,24.85
11,13,1969,26.0
11,14,1969,24.75
11,15,1969,22.5
11,16,1969,23.4
11,17,1969,25.25
11,18,1969,25.35
11,19,1969,22.0
11,20,1969,18.5
11,21,1969,20.0
11,22,1969,20.5
11,23,1969,22.65
11,24,1969,23.9
11,25,1969,24.25
11,26,1969,24.75
11,27,1969,25.0
11,28,1969,23.6
11,29,1969,23.0
11,30,1969,22.25
12,01,1969,22.75
12,02,1969,21.75
12,03,1969,22.5
12,04,1969,22.75
12,05,1969,22.55
12,06,1969,24.65
12,07,1969,22.75
12,08,1969,23.0
12,09,1969,24.5
12,10,1969,24.75
12,11,1969,24.25
12,12,1969,22.0
12,13,1969,22.0
12,14,1969,20.8
12,15,1969,21.0
12,16,1969,21.5
12,17,1969,21.75
12,18,1969,21.5
12,19,1969,21.9
12,20,1969,22.0
12,21,1969,22.0
12,22,1969,23.25
12,23,1969,23.15
12,24,1969,25.0
12,25,1969,24.5
12,26,1969,23.25
12,27,1969,24.5
12,28,1969,25.15
12,29,1969,26.25
12,30,1969,25.0
12,31,1969,23.0
01,01,1970,22.0
01,02,1970,22.5
01,03,1970,23.5
01,04,1970,22.15
01,05,1970,23.4
01,06,1970,23.4
01,07,1970,17.25
01,08,1970,18.0
01,09,1970,19.0
01,10,1970,21.5
01,11,1970,21.4
01,12,1970,21.75
01,13,1970,21.0
01,14,1970,21.75
01,15,1970,22.0
01,16,1970,21.75
01,17,1970,22.25
01,18,1970,23.25
01,19,1970,23.5
01,20,1970,24.5
01,21,1970,24.5
01,22,1970,25.25
01,23,1970,24.0
01,24,1970,24.5
01,25,1970,24.25
01,26,1970,24.9
01,27,1970,25.0
01,28,1970,25.5
01,29,1970,25.75
01,30,1970,23.65
01,31,1970,22.5
02,01,1970,23.5
02,02,1970,25.5
02,03,1970,19.0
02,04,1970,17.0
02,05,1970,18.25
02,06,1970,19.75
02,07,1970,21.75
02,08,1970,21.75
02,09,1970,22.0
02,10,1970,20.75
02,11,1970,19.25
02,12,1970,20.25
02,13,1970,23.0
02,14,1970,24.0
02,15,1970,25.85
02,16,1970,22.25
02,17,1970,21.25
02,18,1970,22.0
02,19,1970,24.5
02,20,1970,26.25
02,21,1970,22.0
02,22,1970,22.65
02,23,1970,23.75
02,24,1970,24.75
02,25,1970,24.25
02,26,1970,21.75
02,27,1970,20.75
02,28,1970,23.15
03,01,1970,25.5
03,02,1970,25.5
03,03,1970,26.25
03,04,1970,27.4
03,05,1970,27.5
03,06,1970,27.75
03,07,1970,27.5
03,08,1970,23.25
03,09,1970,24.0
03,10,1970,24.5
03,11,1970,25.25
03,12,1970,25.25
03,13,1970,21.25
03,14,1970,19.5
03,15,1970,19.5
03,16,1970,22.0
03,17,1970,25.5
03,18,1970,26.5
03,19,1970,27.5
03,20,1970,25.9
03,21,1970,26.75
03,22,1970,24.75
03,23,1970,23.75
03,24,1970,25.5
03,25,1970,28.0
03,26,1970,28.0
03,27,1970,27.45
03,28,1970,28.75
03,29,1970,28.5
03,30,1970,31.5
03,31,1970,31.9
04,01,1970,31.75
04,02,1970,29.75
04,03,1970,24.25
04,04,1970,28.0
04,05,1970,27.25
04,06,1970,25.0
04,07,1970,25.5
04,08,1970,28.15
04,09,1970,28.25
04,10,1970,28.9
04,11,1970,30.75
04,12,1970,30.75
04,13,1970,30.5
04,14,1970,28.75
04,15,1970,29.5
04,16,1970,30.45
04,17,1970,30.0
04,18,1970,30.75
04,19,1970,30.25
04,20,1970,30.75
04,21,1970,30.15
04,22,1970,31.15
04,23,1970,31.5
04,24,1970,29.5
04,25,1970,29.0
04,26,1970,30.0
04,27,1970,31.0
04,28,1970,30.5
04,29,1970,31.65
04,30,1970,33.0
05,01,1970,32.0
05,02,1970,29.3
05,03,1970,27.95
05,04,1970,24.0
05,05,1970,23.7
05,06,1970,24.75
05,07,1970,26.0
05,08,1970,26.6
05,09,1970,28.25
05,10,1970,29.5
05,11,1970,31.0
05,12,1970,30.0
05,13,1970,29.5
05,14,1970,30.0
05,15,1970,29.75
05,16,1970,25.5
05,17,1970,25.5
05,18,1970,24.7
05,19,1970,25.5
05,20,1970,26.5
05,21,1970,27.5
05,22,1970,28.0
05,23,1970,28.5
05,24,1970,28.75
05,25,1970,30.0
05,26,1970,30.5
05,27,1970,31.5
05,28,1970,33.0
05,29,1970,32.4
05,30,1970,32.0
05,31,1970,31.5
06,01,1970,31.75
06,02,1970,29.5
06,03,1970,27.1
06,04,1970,27.65
06,05,1970,27.25
06,06,1970,28.4
06,07,1970,28.8
06,08,1970,28.0
06,09,1970,29.0
06,10,1970,29.5
06,11,1970,29.75
06,12,1970,30.25
06,13,1970,30.25
06,14,1970,28.4
06,15,1970,28.25
06,16,1970,28.65
06,17,1970,29.5
06,18,1970,29.25
06,19,1970,28.75
06,20,1970,28.0
06,21,1970,27.75
06,22,1970,29.55
06,23,1970,29.25
06,24,1970,28.85
06,25,1970,29.25
06,26,1970,29.0
06,27,1970,29.25
06,28,1970,28.9
06,29,1970,29.5
06,30,1970,27.75
07,01,1970,27.0
07,02,1970,26.75
07,03,1970,27.0
07,04,1970,26.75
07,05,1970,27.25
07,06,1970,26.75
07,07,1970,28.0
07,08,1970,28.25
07,09,1970,28.25
07,10,1970,28.5
07,11,1970,28.75
07,12,1970,28.25
07,13,1970,26.75
07,14,1970,27.5
07,15,1970,27.75
07,16,1970,28.25
07,17,1970,28.0
07,18,1970,28.25
07,19,1970,28.0
07,20,1970,28.25
07,21,1970,28.0
07,22,1970,27.75
07,23,1970,27.5
07,24,1970,27.5
07,25,1970,28.25
07,26,1970,28.5
07,27,1970,27.25
07,28,1970,26.35
07,29,1970,27.4
07,30,1970,27.25
07,31,1970,28.25
08,01,1970,28.75
08,02,1970,27.75
08,03,1970,27.65
08,04,1970,27.5
08,05,1970,27.4
08,06,1970,28.25
08,07,1970,28.0
08,08,1970,28.0
08,09,1970,28.9
08,10,1970,29.5
08,11,1970,30.0
08,12,1970,29.0
08,13,1970,29.1
08,14,1970,28.75
08,15,1970,29.0
08,16,1970,27.95
08,17,1970,27.9
08,18,1970,27.45
08,19,1970,28.4
08,20,1970,29.25
08,21,1970,29.75
08,22,1970,29.4
08,23,1970,28.5
08,24,1970,28.15
08,25,1970,28.75
08,26,1970,27.25
08,27,1970,26.75
08,28,1970,27.75
08,29,1970,28.0
08,30,1970,28.0
08,31,1970,28.25
09,01,1970,28.75
09,02,1970,28.5
09,03,1970,28.0
09,04,1970,27.5
09,05,1970,28.75
09,06,1970,27.5
09,07,1970,27.25
09,08,1970,25.5
09,09,1970,27.9
09,10,1970,28.5
09,11,1970,27.15
09,12,1970,26.75
09,13,1970,27.75
09,14,1970,28.5
09,15,1970,28.0
09,16,1970,28.0
09,17,1970,27.25
09,18,1970,27.25
09,19,1970,26.0
09,20,1970,27.0
09,21,1970,26.4
09,22,1970,27.15
09,23,1970,26.75
09,24,1970,26.65
09,25,1970,27.45
09,26,1970,27.65
09,27,1970,27.6
09,28,1970,27.4
09,29,1970,27.5
09,30,1970,27.0
10,01,1970,26.0
10,02,1970,25.75
10,03,1970,26.9
10,04,1970,27.4
10,05,1970,27.5
10,06,1970,28.0
10,07,1970,28.25
10,08,1970,29.0
10,09,1970,28.75
10,10,1970,28.25
10,11,1970,28.0
10,12,1970,28.65
10,13,1970,28.25
10,14,1970,28.0
10,15,1970,26.7
10,16,1970,25.7
10,17,1970,26.5
10,18,1970,26.4
10,19,1970,26.65
10,20,1970,26.5
10,21,1970,26.75
10,22,1970,26.8
10,23,1970,27.25
10,24,1970,27.25
10,25,1970,27.75
10,26,1970,28.25
10,27,1970,28.0
10,28,1970,26.5
10,29,1970,22.75
10,30,1970,23.0
10,31,1970,24.75
11,01,1970,25.25
11,02,1970,26.1
11,03,1970,25.9
11,04,1970,23.1
11,05,1970,19.25
11,06,1970,21.25
11,07,1970,22.5
11,08,1970,22.5
11,09,1970,24.65
11,10,1970,24.65
11,11,1970,24.25
11,12,1970,24.5
11,13,1970,25.75
11,14,1970,25.0
11,15,1970,20.0
11,16,1970,18.25
11,17,1970,20.75
11,18,1970,19.0
11,19,1970,22.0
11,20,1970,24.0
11,21,1970,23.25
11,22,1970,23.0
11,23,1970,23.5
11,24,1970,20.75
11,25,1970,21.0
11,26,1970,21.5
11,27,1970,22.75
11,28,1970,23.65
11,29,1970,25.0
11,30,1970,24.0
12,01,1970,23.5
12,02,1970,24.0
12,03,1970,23.65
12,04,1970,24.25
12,05,1970,23.75
12,06,1970,22.0
12,07,1970,23.25
12,08,1970,23.5
12,09,1970,23.75
12,10,1970,24.0
12,11,1970,23.15
12,12,1970,25.0
12,13,1970,23.75
12,14,1970,24.75
12,15,1970,24.3
12,16,1970,25.0
12,17,1970,23.5
12,18,1970,26.25
12,19,1970,25.75
12,20,1970,25.5
12,21,1970,25.6
12,22,1970,25.0
12,23,1970,25.0
12,24,1970,24.5
12,25,1970,26.0
12,26,1970,24.0
12,27,1970,24.25
12,28,1970,23.0
12,29,1970,23.95
12,30,1970,25.0
12,31,1970,23.75
01,01,1971,24.0
01,02,1971,23.5
01,03,1971,25.75
01,04,1971,26.25
01,05,1971,22.25
01,06,1971,22.9
01,07,1971,22.0
01,08,1971,21.25
01,09,1971,23.75
01,10,1971,25.0
01,11,1971,23.75
01,12,1971,24.5
01,13,1971,25.0
01,14,1971,25.0
01,15,1971,24.1
01,16,1971,23.15
01,17,1971,24.25
01,18,1971,22.75
01,19,1971,22.75
01,20,1971,21.25
01,21,1971,22.25
01,22,1971,21.75
01,23,1971,22.25
01,24,1971,24.0
01,25,1971,24.0
01,26,1971,24.0
01,27,1971,24.5
01,28,1971,24.0
01,29,1971,23.5
01,30,1971,23.25
01,31,1971,25.25
02,01,1971,25.0
02,02,1971,25.25
02,03,1971,24.75
02,04,1971,26.0
02,05,1971,25.0
02,06,1971,26.0
02,07,1971,26.75
02,08,1971,24.75
02,09,1971,19.25
02,10,1971,20.75
02,11,1971,23.5
02,12,1971,24.0
02,13,1971,21.95
02,14,1971,19.0
02,15,1971,21.5
02,16,1971,22.9
02,17,1971,24.0
02,18,1971,25.5
02,19,1971,27.5
02,20,1971,26.5
02,21,1971,28.0
02,22,1971,25.75
02,23,1971,26.5
02,24,1971,27.75
02,25,1971,28.0
02,26,1971,29.0
02,27,1971,27.5
02,28,1971,28.5
03,01,1971,28.5
03,02,1971,29.0
03,03,1971,25.0
03,04,1971,18.25
03,05,1971,23.25
03,06,1971,25.5
03,07,1971,24.5
03,08,1971,20.25
03,09,1971,23.0
03,10,1971,25.5
03,11,1971,26.25
03,12,1971,26.25
03,13,1971,27.0
03,14,1971,28.0
03,15,1971,28.5
03,16,1971,27.0
03,17,1971,26.85
03,18,1971,26.0
03,19,1971,25.5
03,20,1971,23.5
03,21,1971,25.0
03,22,1971,25.75
03,23,1971,26.5
03,24,1971,27.0
03,25,1971,26.75
03,26,1971,28.0
03,27,1971,27.0
03,28,1971,29.0
03,29,1971,29.0
03,30,1971,27.0
03,31,1971,26.0
04,01,1971,27.4
04,02,1971,25.0
04,03,1971,26.75
04,04,1971,27.25
04,05,1971,24.75
04,06,1971,23.0
04,07,1971,21.75
04,08,1971,22.25
04,09,1971,21.9
04,10,1971,23.1
04,11,1971,25.0
04,12,1971,24.75
04,13,1971,25.25
04,14,1971,26.0
04,15,1971,27.25
04,16,1971,27.9
04,17,1971,28.7
04,18,1971,28.0
04,19,1971,28.75
04,20,1971,29.5
04,21,1971,29.25
04,22,1971,29.5
04,23,1971,29.5
04,24,1971,29.5
04,25,1971,29.0
04,26,1971,29.5
04,27,1971,32.0
04,28,1971,32.0
04,29,1971,33.0
04,30,1971,31.75
05,01,1971,29.5
05,02,1971,30.25
05,03,1971,29.5
05,04,1971,29.25
05,05,1971,29.5
05,06,1971,29.25
05,07,1971,29.75
05,08,1971,30.25
05,09,1971,31.25
05,10,1971,30.5
05,11,1971,30.45
05,12,1971,28.0
05,13,1971,28.5
05,14,1971,28.85
05,15,1971,29.35
05,16,1971,29.0
05,17,1971,28.25
05,18,1971,31.25
05,19,1971,31.75
05,20,1971,31.3
05,21,1971,30.45
05,22,1971,31.15
05,23,1971,31.5
05,24,1971,32.75
05,25,1971,31.75
05,26,1971,31.0
05,27,1971,30.5
05,28,1971,31.5
05,29,1971,32.0
05,30,1971,32.0
05,31,1971,32.0
06,01,1971,33.0
06,02,1971,32.0
06,03,1971,32.0
06,04,1971,28.8
06,05,1971,27.9
06,06,1971,28.5
06,07,1971,29.5
06,08,1971,27.15
06,09,1971,29.0
06,10,1971,29.15
06,11,1971,29.5
06,12,1971,29.6
06,13,1971,29.5
06,14,1971,29.5
06,15,1971,27.5
06,16,1971,27.65
06,17,1971,29.0
06,18,1971,28.5
06,19,1971,28.65
06,20,1971,29.8
06,21,1971,29.5
06,22,1971,28.65
06,23,1971,30.0
06,24,1971,30.0
06,25,1971,29.5
06,26,1971,29.5
06,27,1971,29.5
06,28,1971,30.25
06,29,1971,29.75
06,30,1971,29.25
07,01,1971,29.25
07,02,1971,28.5
07,03,1971,28.5
07,04,1971,29.0
07,05,1971,29.0
07,06,1971,30.0
07,07,1971,29.25
07,08,1971,31.25
07,09,1971,27.0
07,10,1971,27.5
07,11,1971,27.5
07,12,1971,27.25
07,13,1971,27.0
07,14,1971,28.25
07,15,1971,27.0
07,16,1971,27.0
07,17,1971,26.0
07,18,1971,27.25
07,19,1971,28.25
07,20,1971,28.0
07,21,1971,26.25
07,22,1971,28.25
07,23,1971,28.5
07,24,1971,29.5
07,25,1971,27.75
07,26,1971,28.75
07,27,1971,28.5
07,28,1971,27.25
07,29,1971,27.25
07,30,1971,27.25
07,31,1971,27.0
08,01,1971,27.0
08,02,1971,27.5
08,03,1971,28.5
08,04,1971,28.0
08,05,1971,27.5
08,06,1971,27.8
08,07,1971,27.5
08,08,1971,28.5
08,09,1971,28.0
08,10,1971,28.0
08,11,1971,28.5
08,12,1971,28.75
08,13,1971,29.0
08,14,1971,29.75
08,15,1971,29.75
08,16,1971,28.4
08,17,1971,28.1
08,18,1971,27.15
08,19,1971,27.15
08,20,1971,28.65
08,21,1971,28.0
08,22,1971,27.0
08,23,1971,27.0
08,24,1971,26.7
08,25,1971,26.65
08,26,1971,27.5
08,27,1971,27.5
08,28,1971,26.9
08,29,1971,27.5
08,30,1971,26.9
08,31,1971,27.5
09,01,1971,27.0
09,02,1971,27.75
09,03,1971,28.0
09,04,1971,28.0
09,05,1971,28.15
09,06,1971,27.65
09,07,1971,27.65
09,08,1971,26.5
09,09,1971,27.95
09,10,1971,27.25
09,11,1971,28.65
09,12,1971,28.15
09,13,1971,29.0
09,14,1971,29.5
09,15,1971,29.5
09,16,1971,29.5
09,17,1971,29.2
09,18,1971,28.25
09,19,1971,28.25
09,20,1971,28.15
09,21,1971,26.85
09,22,1971,27.35
09,23,1971,27.1
09,24,1971,26.7
09,25,1971,27.95
09,26,1971,27.65
09,27,1971,27.5
09,28,1971,28.0
09,29,1971,27.7
09,30,1971,27.45
10,01,1971,27.5
10,02,1971,27.25
10,03,1971,28.5
10,04,1971,28.0
10,05,1971,27.0
10,06,1971,27.5
10,07,1971,28.1
10,08,1971,27.5
10,09,1971,27.85
10,10,1971,26.35
10,11,1971,25.15
10,12,1971,25.55
10,13,1971,26.85
10,14,1971,27.9
10,15,1971,28.0
10,16,1971,28.2
10,17,1971,28.75
10,18,1971,29.0
10,19,1971,29.0
10,20,1971,28.5
10,21,1971,27.35
10,22,1971,26.5
10,23,1971,25.75
10,24,1971,25.25
10,25,1971,26.0
10,26,1971,26.25
10,27,1971,27.75
10,28,1971,27.9
10,29,1971,27.15
10,30,1971,26.45
10,31,1971,25.5
11,01,1971,26.5
11,02,1971,27.15
11,03,1971,26.5
11,04,1971,25.75
11,05,1971,24.75
11,06,1971,25.5
11,07,1971,26.3
11,08,1971,25.75
11,09,1971,25.6
11,10,1971,25.35
11,11,1971,25.45
11,12,1971,23.9
11,13,1971,23.75
11,14,1971,23.0
11,15,1971,23.5
11,16,1971,24.45
11,17,1971,26.4
11,18,1971,26.75
11,19,1971,26.8
11,20,1971,25.5
11,21,1971,25.35
11,22,1971,24.75
11,23,1971,25.0
11,24,1971,25.4
11,25,1971,24.75
11,26,1971,25.5
11,27,1971,25.5
11,28,1971,25.5
11,29,1971,27.0
11,30,1971,26.95
12,01,1971,26.4
12,02,1971,26.0
12,03,1971,25.0
12,04,1971,25.5
12,05,1971,26.0
12,06,1971,26.0
12,07,1971,25.75
12,08,1971,26.25
12,09,1971,26.0
12,10,1971,27.05
12,11,1971,26.5
12,12,1971,25.75
12,13,1971,26.25
12,14,1971,26.4
12,15,1971,26.0
12,16,1971,25.65
12,17,1971,26.75
12,18,1971,26.0
12,19,1971,25.25
12,20,1971,24.25
12,21,1971,25.25
12,22,1971,24.65
12,23,1971,23.5
12,24,1971,22.75
12,25,1971,23.0
12,26,1971,24.25
12,27,1971,24.75
12,28,1971,25.25
12,29,1971,24.4
12,30,1971,24.65
12,31,1971,24.0
01,01,1972,24.75
01,02,1972,25.0
01,03,1972,25.55
01,04,1972,26.9
01,05,1972,23.75
01,06,1972,21.0
01,07,1972,24.2
01,08,1972,24.0
01,09,1972,25.0
01,10,1972,24.6
01,11,1972,25.25
01,12,1972,25.25
01,13,1972,25.75
01,14,1972,25.0
01,15,1972,23.75
01,16,1972,21.5
01,17,1972,20.75
01,18,1972,22.5
01,19,1972,23.1
01,20,1972,24.75
01,21,1972,26.0
01,22,1972,26.25
01,23,1972,26.1
01,24,1972,25.75
01,25,1972,25.1
01,26,1972,24.65
01,27,1972,25.05
01,28,1972,24.7
01,29,1972,24.65
01,30,1972,25.0
01,31,1972,25.5
02,01,1972,25.5
02,02,1972,27.0
02,03,1972,26.0
02,04,1972,19.7
02,05,1972,23.3
02,06,1972,23.25
02,07,1972,24.25
02,08,1972,25.0
02,09,1972,22.75
02,10,1972,23.5
02,11,1972,24.5
02,12,1972,25.25
02,13,1972,25.0
02,14,1972,25.25
02,15,1972,26.25
02,16,1972,27.85
02,17,1972,26.25
02,18,1972,22.9
02,19,1972,21.25
02,20,1972,20.5
02,21,1972,20.75
02,22,1972,21.75
02,23,1972,22.15
02,24,1972,24.45
02,25,1972,26.0
02,26,1972,26.75
02,27,1972,26.0
02,28,1972,26.25
02,29,1972,26.0
03,01,1972,27.75
03,02,1972,27.75
03,03,1972,28.0
03,04,1972,28.25
03,05,1972,27.25
03,06,1972,26.75
03,07,1972,26.0
03,08,1972,25.5
03,09,1972,26.5
03,10,1972,25.5
03,11,1972,25.0
03,12,1972,26.0
03,13,1972,25.25
03,14,1972,26.75
03,15,1972,26.5
03,16,1972,27.0
03,17,1972,27.0
03,18,1972,27.5
03,19,1972,27.25
03,20,1972,28.5
03,21,1972,28.75
03,22,1972,27.5
03,23,1972,26.25
03,24,1972,27.5
03,25,1972,28.75
03,26,1972,29.75
03,27,1972,28.75
03,28,1972,30.5
03,29,1972,32.0
03,30,1972,32.0
03,31,1972,30.0
04,01,1972,28.0
04,02,1972,24.5
04,03,1972,28.6
04,04,1972,29.45
04,05,1972,29.0
04,06,1972,29.25
04,07,1972,28.5
04,08,1972,29.75
04,09,1972,30.25
04,10,1972,29.5
04,11,1972,29.25
04,12,1972,28.25
04,13,1972,29.0
04,14,1972,31.0
04,15,1972,31.0
04,16,1972,30.5
04,17,1972,29.25
04,18,1972,29.0
04,19,1972,28.25
04,20,1972,29.15
04,21,1972,29.95
04,22,1972,30.6
04,23,1972,30.0
04,24,1972,30.25
04,25,1972,29.5
04,26,1972,30.2
04,27,1972,30.25
04,28,1972,30.5
04,29,1972,29.5
04,30,1972,29.5
05,01,1972,30.75
05,02,1972,31.0
05,03,1972,30.75
05,04,1972,30.0
05,05,1972,30.25
05,06,1972,31.0
05,07,1972,31.25
05,08,1972,32.5
05,09,1972,30.75
05,10,1972,32.25
05,11,1972,32.25
05,12,1972,32.25
05,13,1972,31.25
05,14,1972,30.25
05,15,1972,30.75
05,16,1972,30.0
05,17,1972,31.25
05,18,1972,30.5
05,19,1972,30.0
05,20,1972,28.75
05,21,1972,27.0
05,22,1972,27.5
05,23,1972,30.0
05,24,1972,32.0
05,25,1972,28.5
05,26,1972,31.0
05,27,1972,29.75
05,28,1972,30.25
05,29,1972,29.25
05,30,1972,29.0
05,31,1972,29.0
06,01,1972,28.0
06,02,1972,30.0
06,03,1972,28.75
06,04,1972,27.25
06,05,1972,27.5
06,06,1972,27.75
06,07,1972,28.5
06,08,1972,28.5
06,09,1972,28.5
06,10,1972,28.5
06,11,1972,28.5
06,12,1972,28.25
06,13,1972,29.25
06,14,1972,29.0
06,15,1972,28.0
06,16,1972,26.5
06,17,1972,26.75
06,18,1972,27.25
06,19,1972,28.25
06,20,1972,29.0
06,21,1972,29.25
06,22,1972,29.5
06,23,1972,29.5
06,24,1972,29.5
06,25,1972,30.0
06,26,1972,29.75
06,27,1972,29.75
06,28,1972,29.5
06,29,1972,29.0
06,30,1972,28.5
07,01,1972,29.25
07,02,1972,29.75
07,03,1972,29.75
07,04,1972,29.25
07,05,1972,28.5
07,06,1972,27.25
07,07,1972,27.25
07,08,1972,26.75
07,09,1972,26.75
07,10,1972,26.75
07,11,1972,27.5
07,12,1972,27.75
07,13,1972,28.5
07,14,1972,28.5
07,15,1972,28.75
07,16,1972,29.0
07,17,1972,28.75
07,18,1972,29.0
07,19,1972,27.75
07,20,1972,28.25
07,21,1972,28.25
07,22,1972,28.5
07,23,1972,28.25
07,24,1972,27.0
07,25,1972,27.25
07,26,1972,27.0
07,27,1972,27.0
07,28,1972,27.0
07,29,1972,27.0
07,30,1972,27.75
07,31,1972,27.0
08,01,1972,27.2
08,02,1972,28.5
08,03,1972,28.45
08,04,1972,27.5
08,05,1972,28.0
08,06,1972,27.25
08,07,1972,26.5
08,08,1972,27.25
08,09,1972,27.5
08,10,1972,28.0
08,11,1972,26.9
08,12,1972,26.9
08,13,1972,26.75
08,14,1972,27.0
08,15,1972,26.75
08,16,1972,26.75
08,17,1972,28.0
08,18,1972,27.5
08,19,1972,27.25
08,20,1972,26.75
08,21,1972,27.5
08,22,1972,27.75
08,23,1972,28.25
08,24,1972,28.75
08,25,1972,28.0
08,26,1972,27.75
08,27,1972,28.25
08,28,1972,27.75
08,29,1972,28.5
08,30,1972,27.5
08,31,1972,28.5
09,01,1972,28.25
09,02,1972,27.75
09,03,1972,27.5
09,04,1972,26.75
09,05,1972,27.75
09,06,1972,27.25
09,07,1972,29.0
09,08,1972,28.5
09,09,1972,28.0
09,10,1972,27.25
09,11,1972,27.75
09,12,1972,26.25
09,13,1972,26.75
09,14,1972,27.75
09,15,1972,28.5
09,16,1972,28.0
09,17,1972,28.25
09,18,1972,28.25
09,19,1972,27.75
09,20,1972,27.0
09,21,1972,28.25
09,22,1972,27.75
09,23,1972,28.25
09,24,1972,28.5
09,25,1972,28.5
09,26,1972,27.5
09,27,1972,26.75
09,28,1972,27.5
09,29,1972,27.5
09,30,1972,28.25
10,01,1972,27.6
10,02,1972,27.0
10,03,1972,26.75
10,04,1972,26.25
10,05,1972,27.25
10,06,1972,27.5
10,07,1972,27.9
10,08,1972,28.0
10,09,1972,28.0
10,10,1972,27.75
10,11,1972,27.0
10,12,1972,27.0
10,13,1972,24.9
10,14,1972,26.75
10,15,1972,27.45
10,16,1972,27.15
10,17,1972,27.0
10,18,1972,27.0
10,19,1972,27.0
10,20,1972,26.75
10,21,1972,26.5
10,22,1972,27.25
10,23,1972,27.5
10,24,1972,28.0
10,25,1972,27.4
10,26,1972,27.75
10,27,1972,27.9
10,28,1972,28.5
10,29,1972,28.75
10,30,1972,28.5
10,31,1972,28.25
11,01,1972,27.75
11,02,1972,28.0
11,03,1972,28.0
11,04,1972,28.0
11,05,1972,27.25
11,06,1972,27.5
11,07,1972,27.75
11,08,1972,25.75
11,09,1972,26.5
11,10,1972,26.75
11,11,1972,27.0
11,12,1972,27.0
11,13,1972,28.0
11,14,1972,27.5
11,15,1972,25.75
11,16,1972,25.25
11,17,1972,26.85
11,18,1972,27.0
11,19,1972,26.75
11,20,1972,26.75
11,21,1972,26.25
11,22,1972,26.25
11,23,1972,23.75
11,24,1972,23.5
11,25,1972,25.75
11,26,1972,22.75
11,27,1972,21.75
11,28,1972,26.0
11,29,1972,24.5
11,30,1972,24.75
12,01,1972,24.5
12,02,1972,25.0
12,03,1972,26.0
12,04,1972,27.0
12,05,1972,25.75
12,06,1972,26.0
12,07,1972,26.5
12,08,1972,26.4
12,09,1972,26.75
12,10,1972,25.75
12,11,1972,25.75
12,12,1972,26.0
12,13,1972,25.75
12,14,1972,25.25
12,15,1972,25.25
12,16,1972,19.75
12,17,1972,21.0
12,18,1972,21.0
12,19,1972,23.0
12,20,1972,23.75
12,21,1972,23.75
12,22,1972,22.5
12,23,1972,20.25
12,24,1972,19.75
12,25,1972,20.75
12,26,1972,21.25
12,27,1972,21.75
12,28,1972,21.75
12,29,1972,23.0
12,30,1972,23.0
12,31,1972,24.75
01,01,1973,24.5
01,02,1973,26.0
01,03,1973,25.75
01,04,1973,25.0
01,05,1973,26.5
01,06,1973,26.25
01,07,1973,24.5
01,08,1973,25.5
01,09,1973,23.5
01,10,1973,22.0
01,11,1973,21.75
01,12,1973,17.5
01,13,1973,18.75
01,14,1973,19.25
01,15,1973,18.75
01,16,1973,21.0
01,17,1973,22.25
01,18,1973,22.5
01,19,1973,23.75
01,20,1973,25.25
01,21,1973,25.75
01,22,1973,25.0
01,23,1973,25.75
01,24,1973,22.75
01,25,1973,23.5
01,26,1973,25.0
01,27,1973,26.5
01,28,1973,22.75
01,29,1973,17.0
01,30,1973,18.25
01,31,1973,21.0
02,01,1973,24.25
02,02,1973,22.5
02,03,1973,21.5
02,04,1973,21.0
02,05,1973,22.25
02,06,1973,23.0
02,07,1973,24.0
02,08,1973,24.45
02,09,1973,20.75
02,10,1973,18.0
02,11,1973,18.25
02,12,1973,20.5
02,13,1973,23.0
02,14,1973,24.5
02,15,1973,24.25
02,16,1973,25.0
02,17,1973,24.75
02,18,1973,25.5
02,19,1973,23.5
02,20,1973,23.75
02,21,1973,25.75
02,22,1973,25.25
02,23,1973,24.75
02,24,1973,25.25
02,25,1973,27.0
02,26,1973,26.5
02,27,1973,24.5
02,28,1973,24.25
03,01,1973,25.5
03,02,1973,26.0
03,03,1973,27.25
03,04,1973,27.4
03,05,1973,27.15
03,06,1973,27.75
03,07,1973,29.25
03,08,1973,28.75
03,09,1973,28.75
03,10,1973,30.5
03,11,1973,28.25
03,12,1973,28.0
03,13,1973,28.5
03,14,1973,29.6
03,15,1973,30.0
03,16,1973,28.4
03,17,1973,21.15
03,18,1973,23.75
03,19,1973,26.0
03,20,1973,28.25
03,21,1973,28.5
03,22,1973,29.5
03,23,1973,29.5
03,24,1973,31.75
03,25,1973,29.0
03,26,1973,27.5
03,27,1973,29.25
03,28,1973,32.0
03,29,1973,32.25
03,30,1973,33.25
03,31,1973,30.75
04,01,1973,29.75
04,02,1973,30.25
04,03,1973,32.0
04,04,1973,26.0
04,05,1973,22.5
04,06,1973,28.0
04,07,1973,27.5
04,08,1973,28.75
04,09,1973,25.25
04,10,1973,21.5
04,11,1973,23.0
04,12,1973,25.25
04,13,1973,27.75
04,14,1973,27.75
04,15,1973,29.0
04,16,1973,29.5
04,17,1973,29.25
04,18,1973,30.1
04,19,1973,31.5
04,20,1973,31.0
04,21,1973,30.5
04,22,1973,29.5
04,23,1973,28.75
04,24,1973,29.5
04,25,1973,31.25
04,26,1973,30.75
04,27,1973,29.0
04,28,1973,26.0
04,29,1973,27.25
04,30,1973,29.5
05,01,1973,30.25
05,02,1973,30.25
05,03,1973,30.0
05,04,1973,28.25
05,05,1973,29.0
05,06,1973,30.5
05,07,1973,30.25
05,08,1973,31.25
05,09,1973,30.5
05,10,1973,30.5
05,11,1973,30.5
05,12,1973,30.25
05,13,1973,27.75
05,14,1973,27.75
05,15,1973,26.75
05,16,1973,25.0
05,17,1973,25.5
05,18,1973,27.75
05,19,1973,27.75
05,20,1973,30.0
05,21,1973,29.75
05,22,1973,29.75
05,23,1973,29.75
05,24,1973,31.5
05,25,1973,32.5
05,26,1973,33.0
05,27,1973,33.25
05,28,1973,32.25
05,29,1973,28.5
05,30,1973,26.5
05,31,1973,27.25
06,01,1973,27.75
06,02,1973,28.75
06,03,1973,29.0
06,04,1973,29.5
06,05,1973,29.5
06,06,1973,28.75
06,07,1973,28.0
06,08,1973,28.5
06,09,1973,28.0
06,10,1973,28.75
06,11,1973,29.25
06,12,1973,29.5
06,13,1973,30.25
06,14,1973,30.25
06,15,1973,29.5
06,16,1973,30.25
06,17,1973,30.0
06,18,1973,29.5
06,19,1973,29.5
06,20,1973,29.5
06,21,1973,28.75
06,22,1973,29.25
06,23,1973,29.25
06,24,1973,30.5
06,25,1973,30.0
06,26,1973,30.5
06,27,1973,29.25
06,28,1973,29.0
06,29,1973,29.5
06,30,1973,27.75
07,01,1973,28.7
07,02,1973,28.75
07,03,1973,28.5
07,04,1973,28.0
07,05,1973,28.1
07,06,1973,28.9
07,07,1973,29.25
07,08,1973,28.5
07,09,1973,28.75
07,10,1973,28.5
07,11,1973,28.5
07,12,1973,29.0
07,13,1973,28.9
07,14,1973,29.0
07,15,1973,30.0
07,16,1973,29.5
07,17,1973,28.95
07,18,1973,28.75
07,19,1973,28.25
07,20,1973,28.0
07,21,1973,27.75
07,22,1973,27.75
07,23,1973,27.75
07,24,1973,26.5
07,25,1973,25.75
07,26,1973,27.5
07,27,1973,27.5
07,28,1973,29.0
07,29,1973,29.4
07,30,1973,29.25
07,31,1973,29.25
08,01,1973,28.75
08,02,1973,28.75
08,03,1973,28.25
08,04,1973,27.25
08,05,1973,28.0
08,06,1973,27.5
08,07,1973,27.9
08,08,1973,28.5
08,09,1973,28.75
08,10,1973,28.0
08,11,1973,28.0
08,12,1973,28.5
08,13,1973,28.0
08,14,1973,27.5
08,15,1973,27.5
08,16,1973,28.0
08,17,1973,28.25
08,18,1973,29.0
08,19,1973,28.0
08,20,1973,27.0
08,21,1973,22.65
08,22,1973,24.75
08,23,1973,26.0
08,24,1973,26.5
08,25,1973,26.5
08,26,1973,26.75
08,27,1973,27.7
08,28,1973,27.25
08,29,1973,27.0
08,30,1973,27.75
08,31,1973,26.25
09,01,1973,26.25
09,02,1973,27.25
09,03,1973,28.95
09,04,1973,29.15
09,05,1973,28.65
09,06,1973,27.75
09,07,1973,28.0
09,08,1973,28.75
09,09,1973,27.75
09,10,1973,29.0
09,11,1973,29.5
09,12,1973,29.5
09,13,1973,29.5
09,14,1973,29.0
09,15,1973,29.5
09,16,1973,28.5
09,17,1973,28.4
09,18,1973,28.75
09,19,1973,28.25
09,20,1973,27.75
09,21,1973,28.0
09,22,1973,28.0
09,23,1973,29.0
09,24,1973,29.0
09,25,1973,29.5
09,26,1973,29.25
09,27,1973,29.75
09,28,1973,28.5
09,29,1973,27.25
09,30,1973,27.5
10,01,1973,27.75
10,02,1973,27.25
10,03,1973,27.5
10,04,1973,27.0
10,05,1973,26.75
10,06,1973,27.0
10,07,1973,27.0
10,08,1973,27.25
10,09,1973,28.5
10,10,1973,28.75
10,11,1973,28.25
10,12,1973,28.5
10,13,1973,28.75
10,14,1973,28.0
10,15,1973,27.0
10,16,1973,25.25
10,17,1973,26.0
10,18,1973,25.5
10,19,1973,26.0
10,20,1973,26.25
10,21,1973,25.5
10,22,1973,23.5
10,23,1973,24.0
10,24,1973,24.5
10,25,1973,26.0
10,26,1973,27.0
10,27,1973,26.5
10,28,1973,25.25
10,29,1973,25.75
10,30,1973,27.0
10,31,1973,27.75
11,01,1973,27.9
11,02,1973,27.9
11,03,1973,27.75
11,04,1973,27.75
11,05,1973,27.25
11,06,1973,27.0
11,07,1973,27.25
11,08,1973,27.5
11,09,1973,27.0
11,10,1973,26.5
11,11,1973,25.25
11,12,1973,25.5
11,13,1973,25.5
11,14,1973,26.0
11,15,1973,26.0
11,16,1973,27.0
11,17,1973,26.25
11,18,1973,26.0
11,19,1973,26.5
11,20,1973,26.75
11,21,1973,27.0
11,22,1973,27.25
11,23,1973,27.75
11,24,1973,26.5
11,25,1973,26.85
11,26,1973,27.3
11,27,1973,28.5
11,28,1973,26.75
11,29,1973,25.75
11,30,1973,20.75
12,01,1973,22.25
12,02,1973,22.0
12,03,1973,24.75
12,04,1973,25.0
12,05,1973,24.75
12,06,1973,26.75
12,07,1973,23.25
12,08,1973,21.75
12,09,1973,19.75
12,10,1973,19.5
12,11,1973,19.75
12,12,1973,18.5
12,13,1973,21.25
12,14,1973,21.5
12,15,1973,22.5
12,16,1973,22.25
12,17,1973,20.5
12,18,1973,19.25
12,19,1973,21.5
12,20,1973,18.5
12,21,1973,17.75
12,22,1973,18.5
12,23,1973,19.25
12,24,1973,21.75
12,25,1973,23.5
12,26,1973,22.75
12,27,1973,23.75
12,28,1973,25.25
12,29,1973,24.5
12,30,1973,25.25
12,31,1973,25.5
01,01,1974,25.5
01,02,1974,24.75
01,03,1974,24.25
01,04,1974,24.75
01,05,1974,24.0
01,06,1974,25.0
01,07,1974,25.0
01,08,1974,25.0
01,09,1974,25.0
01,10,1974,25.0
01,11,1974,24.5
01,12,1974,25.0
01,13,1974,24.5
01,14,1974,23.5
01,15,1974,23.25
01,16,1974,23.5
01,17,1974,23.5
01,18,1974,24.75
01,19,1974,25.0
01,20,1974,24.75
01,21,1974,25.25
01,22,1974,25.5
01,23,1974,24.25
01,24,1974,25.25
01,25,1974,24.75
01,26,1974,25.0
01,27,1974,25.25
01,28,1974,26.25
01,29,1974,25.75
01,30,1974,26.5
01,31,1974,25.5
02,01,1974,25.75
02,02,1974,25.75
02,03,1974,26.5
02,04,1974,26.5
02,05,1974,24.75
02,06,1974,26.25
02,07,1974,25.5
02,08,1974,24.5
02,09,1974,19.75
02,10,1974,18.25
02,11,1974,20.0
02,12,1974,20.5
02,13,1974,23.0
02,14,1974,24.75
02,15,1974,25.25
02,16,1974,24.75
02,17,1974,24.5
02,18,1974,25.0
02,19,1974,25.25
02,20,1974,26.0
02,21,1974,27.25
02,22,1974,23.75
02,23,1974,21.0
02,24,1974,23.25
02,25,1974,20.0
02,26,1974,19.25
02,27,1974,19.25
02,28,1974,20.5
03,01,1974,21.95
03,02,1974,22.5
03,03,1974,25.0
03,04,1974,25.0
03,05,1974,27.0
03,06,1974,27.0
03,07,1974,26.5
03,08,1974,27.5
03,09,1974,27.25
03,10,1974,27.25
03,11,1974,27.25
03,12,1974,27.5
03,13,1974,26.5
03,14,1974,26.0
03,15,1974,26.5
03,16,1974,25.75
03,17,1974,24.25
03,18,1974,26.0
03,19,1974,27.0
03,20,1974,28.5
03,21,1974,29.0
03,22,1974,28.75
03,23,1974,29.5
03,24,1974,29.75
03,25,1974,29.0
03,26,1974,28.65
03,27,1974,28.25
03,28,1974,28.5
03,29,1974,28.0
03,30,1974,28.25
03,31,1974,28.75
04,01,1974,29.5
04,02,1974,29.75
04,03,1974,31.25
04,04,1974,31.25
04,05,1974,26.75
04,06,1974,21.25
04,07,1974,25.25
04,08,1974,27.75
04,09,1974,27.5
04,10,1974,27.0
04,11,1974,28.0
04,12,1974,28.5
04,13,1974,28.75
04,14,1974,29.75
04,15,1974,28.5
04,16,1974,27.75
04,17,1974,27.75
04,18,1974,28.5
04,19,1974,28.5
04,20,1974,28.0
04,21,1974,28.5
04,22,1974,28.25
04,23,1974,28.5
04,24,1974,27.5
04,25,1974,28.0
04,26,1974,27.25
04,27,1974,27.25
04,28,1974,27.0
04,29,1974,27.0
04,30,1974,28.0
05,01,1974,28.5
05,02,1974,28.75
05,03,1974,28.75
05,04,1974,29.5
05,05,1974,29.75
05,06,1974,29.0
05,07,1974,28.75
05,08,1974,30.75
05,09,1974,30.5
05,10,1974,33.0
05,11,1974,33.0
05,12,1974,31.75
05,13,1974,29.5
05,14,1974,30.5
05,15,1974,31.25
05,16,1974,31.0
05,17,1974,29.5
05,18,1974,27.5
05,19,1974,26.25
05,20,1974,27.25
05,21,1974,28.5
05,22,1974,27.75
05,23,1974,28.25
05,24,1974,28.5
05,25,1974,28.25
05,26,1974,28.75
05,27,1974,29.0
05,28,1974,27.75
05,29,1974,29.0
05,30,1974,29.75
05,31,1974,30.25
06,01,1974,30.75
06,02,1974,29.5
06,03,1974,28.0
06,04,1974,29.0
06,05,1974,29.25
06,06,1974,30.5
06,07,1974,31.0
06,08,1974,31.75
06,09,1974,31.75
06,10,1974,31.0
06,11,1974,28.25
06,12,1974,28.75
06,13,1974,28.5
06,14,1974,28.75
06,15,1974,27.75
06,16,1974,25.75
06,17,1974,26.75
06,18,1974,27.25
06,19,1974,27.5
06,20,1974,27.25
06,21,1974,26.75
06,22,1974,26.75
06,23,1974,26.5
06,24,1974,25.5
06,25,1974,26.25
06,26,1974,26.0
06,27,1974,25.0
06,28,1974,26.5
06,29,1974,26.75
06,30,1974,27.5
07,01,1974,27.25
07,02,1974,28.0
07,03,1974,26.25
07,04,1974,28.25
07,05,1974,28.25
07,06,1974,27.75
07,07,1974,27.5
07,08,1974,27.75
07,09,1974,27.5
07,10,1974,27.0
07,11,1974,27.5
07,12,1974,27.25
07,13,1974,26.75
07,14,1974,27.25
07,15,1974,26.75
07,16,1974,28.5
07,17,1974,28.0
07,18,1974,27.75
07,19,1974,27.0
07,20,1974,27.0
07,21,1974,27.25
07,22,1974,27.0
07,23,1974,26.75
07,24,1974,27.5
07,25,1974,27.75
07,26,1974,28.25
07,27,1974,28.4
07,28,1974,27.9
07,29,1974,29.0
07,30,1974,29.0
07,31,1974,29.0
08,01,1974,29.0
08,02,1974,27.5
08,03,1974,27.0
08,04,1974,27.25
08,05,1974,27.75
08,06,1974,27.5
08,07,1974,28.75
08,08,1974,28.75
08,09,1974,28.0
08,10,1974,28.5
08,11,1974,27.25
08,12,1974,27.75
08,13,1974,28.0
08,14,1974,28.25
08,15,1974,28.25
08,16,1974,27.0
08,17,1974,28.5
08,18,1974,27.75
08,19,1974,28.75
08,20,1974,27.75
08,21,1974,28.5
08,22,1974,28.0
08,23,1974,27.25
08,24,1974,27.75
08,25,1974,28.25
08,26,1974,28.5
08,27,1974,28.0
08,28,1974,26.75
08,29,1974,28.0
08,30,1974,27.75
08,31,1974,28.75
09,01,1974,29.25
09,02,1974,27.0
09,03,1974,26.25
09,04,1974,26.0
09,05,1974,26.5
09,06,1974,26.25
09,07,1974,26.5
09,08,1974,26.0
09,09,1974,27.75
09,10,1974,28.75
09,11,1974,27.75
09,12,1974,29.25
09,13,1974,29.25
09,14,1974,28.0
09,15,1974,28.0
09,16,1974,28.0
09,17,1974,28.0
09,18,1974,27.75
09,19,1974,25.6
09,20,1974,26.4
09,21,1974,28.0
09,22,1974,28.9
09,23,1974,28.25
09,24,1974,29.5
09,25,1974,28.65
09,26,1974,28.0
09,27,1974,29.0
09,28,1974,29.5
09,29,1974,28.5
09,30,1974,27.0
10,01,1974,26.25
10,02,1974,25.5
10,03,1974,24.5
10,04,1974,25.75
10,05,1974,25.0
10,06,1974,25.0
10,07,1974,25.5
10,08,1974,26.0
10,09,1974,25.25
10,10,1974,25.0
10,11,1974,25.25
10,12,1974,23.5
10,13,1974,24.5
10,14,1974,26.0
10,15,1974,27.25
10,16,1974,26.5
10,17,1974,24.75
10,18,1974,24.75
10,19,1974,23.75
10,20,1974,24.5
10,21,1974,24.75
10,22,1974,24.0
10,23,1974,24.25
10,24,1974,25.25
10,25,1974,25.75
10,26,1974,25.25
10,27,1974,25.75
10,28,1974,26.5
10,29,1974,27.5
10,30,1974,27.75
10,31,1974,26.75
11,01,1974,27.0
11,02,1974,26.75
11,03,1974,27.25
11,04,1974,26.75
11,05,1974,26.75
11,06,1974,26.0
11,07,1974,26.25
11,08,1974,26.25
11,09,1974,26.25
11,10,1974,26.75
11,11,1974,26.75
11,12,1974,21.75
11,13,1974,22.0
11,14,1974,23.0
11,15,1974,24.0
11,16,1974,25.25
11,17,1974,25.75
11,18,1974,26.0
11,19,1974,26.0
11,20,1974,26.75
11,21,1974,26.25
11,22,1974,25.75
11,23,1974,26.25
11,24,1974,25.25
11,25,1974,22.5
11,26,1974,20.25
11,27,1974,23.0
11,28,1974,22.0
11,29,1974,23.25
11,30,1974,23.0
12,01,1974,20.25
12,02,1974,20.75
12,03,1974,22.0
12,04,1974,21.55
12,05,1974,22.0
12,06,1974,22.75
12,07,1974,23.25
12,08,1974,23.75
12,09,1974,23.25
12,10,1974,22.0
12,11,1974,24.75
12,12,1974,24.25
12,13,1974,25.0
12,14,1974,25.25
12,15,1974,26.25
12,16,1974,26.0
12,17,1974,24.25
12,18,1974,22.25
12,19,1974,21.25
12,20,1974,23.5
12,21,1974,24.75
12,22,1974,25.15
12,23,1974,24.5
12,24,1974,26.25
12,25,1974,25.0
12,26,1974,24.0
12,27,1974,25.5
12,28,1974,26.9
12,29,1974,23.5
12,30,1974,24.75
12,31,1974,24.5
01,01,1975,25.0
01,02,1975,23.55
01,03,1975,24.5
01,04,1975,24.75
01,05,1975,21.75
01,06,1975,23.75
01,07,1975,24.0
01,08,1975,24.25
01,09,1975,24.25
01,10,1975,26.25
01,11,1975,25.9
01,12,1975,24.75
01,13,1975,20.25
01,14,1975,18.0
01,15,1975,17.75
01,16,1975,20.0
01,17,1975,23.0
01,18,1975,23.75
01,19,1975,24.0
01,20,1975,21.75
01,21,1975,21.0
01,22,1975,22.0
01,23,1975,23.5
01,24,1975,23.5
01,25,1975,24.0
01,26,1975,23.5
01,27,1975,24.25
01,28,1975,25.0
01,29,1975,25.25
01,30,1975,26.0
01,31,1975,25.25
02,01,1975,25.25
02,02,1975,24.75
02,03,1975,25.75
02,04,1975,25.0
02,05,1975,25.25
02,06,1975,25.45
02,07,1975,22.5
02,08,1975,24.5
02,09,1975,25.35
02,10,1975,25.75
02,11,1975,26.0
02,12,1975,25.5
02,13,1975,24.25
02,14,1975,25.5
02,15,1975,25.25
02,16,1975,25.75
02,17,1975,25.75
02,18,1975,26.25
02,19,1975,25.75
02,20,1975,24.75
02,21,1975,27.0
02,22,1975,26.75
02,23,1975,26.75
02,24,1975,19.5
02,25,1975,21.0
02,26,1975,22.25
02,27,1975,22.75
02,28,1975,24.75
03,01,1975,26.25
03,02,1975,26.75
03,03,1975,25.75
03,04,1975,26.25
03,05,1975,27.0
03,06,1975,26.25
03,07,1975,27.25
03,08,1975,27.25
03,09,1975,26.5
03,10,1975,26.25
03,11,1975,26.75
03,12,1975,27.5
03,13,1975,27.25
03,14,1975,22.25
03,15,1975,24.75
03,16,1975,27.25
03,17,1975,28.0
03,18,1975,27.25
03,19,1975,27.5
03,20,1975,27.75
03,21,1975,27.75
03,22,1975,27.5
03,23,1975,28.25
03,24,1975,28.75
03,25,1975,28.5
03,26,1975,28.75
03,27,1975,29.25
03,28,1975,29.25
03,29,1975,29.25
03,30,1975,25.75
03,31,1975,27.0
04,01,1975,28.5
04,02,1975,29.75
04,03,1975,27.5
04,04,1975,28.75
04,05,1975,29.5
04,06,1975,29.25
04,07,1975,30.5
04,08,1975,29.5
04,09,1975,30.25
04,10,1975,31.0
04,11,1975,29.5
04,12,1975,29.0
04,13,1975,31.0
04,14,1975,31.0
04,15,1975,30.0
04,16,1975,29.0
04,17,1975,29.25
04,18,1975,29.5
04,19,1975,29.5
04,20,1975,30.5
04,21,1975,29.75
04,22,1975,28.5
04,23,1975,29.5
04,24,1975,28.5
04,25,1975,29.75
04,26,1975,30.5
04,27,1975,30.5
04,28,1975,29.75
04,29,1975,30.75
04,30,1975,32.25
05,01,1975,30.25
05,02,1975,31.0
05,03,1975,30.5
05,04,1975,31.0
05,05,1975,31.75
05,06,1975,34.0
05,07,1975,31.75
05,08,1975,32.0
05,09,1975,31.75
05,10,1975,30.5
05,11,1975,30.25
05,12,1975,29.5
05,13,1975,28.5
05,14,1975,30.5
05,15,1975,31.0
05,16,1975,30.75
05,17,1975,30.25
05,18,1975,30.75
05,19,1975,31.25
05,20,1975,32.0
05,21,1975,31.25
05,22,1975,31.5
05,23,1975,30.25
05,24,1975,31.5
05,25,1975,30.0
05,26,1975,28.25
05,27,1975,29.25
05,28,1975,30.75
05,29,1975,32.25
05,30,1975,32.0
05,31,1975,30.5
06,01,1975,28.25
06,02,1975,27.25
06,03,1975,28.0
06,04,1975,28.5
06,05,1975,29.75
06,06,1975,30.25
06,07,1975,31.5
06,08,1975,32.0
06,09,1975,30.75
06,10,1975,30.75
06,11,1975,31.25
06,12,1975,29.75
06,13,1975,29.0
06,14,1975,29.5
06,15,1975,30.0
06,16,1975,29.5
06,17,1975,29.5
06,18,1975,30.25
06,19,1975,29.75
06,20,1975,29.5
06,21,1975,30.5
06,22,1975,30.0
06,23,1975,29.0
06,24,1975,28.0
06,25,1975,29.0
06,26,1975,28.75
06,27,1975,28.7
06,28,1975,28.5
06,29,1975,28.75
06,30,1975,28.75
07,01,1975,28.5
07,02,1975,27.35
07,03,1975,26.05
07,04,1975,27.0
07,05,1975,28.5
07,06,1975,28.0
07,07,1975,28.25
07,08,1975,28.25
07,09,1975,28.75
07,10,1975,27.5
07,11,1975,27.65
07,12,1975,29.25
07,13,1975,29.15
07,14,1975,29.5
07,15,1975,29.0
07,16,1975,28.75
07,17,1975,28.5
07,18,1975,29.25
07,19,1975,29.0
07,20,1975,29.0
07,21,1975,29.75
07,22,1975,28.75
07,23,1975,29.25
07,24,1975,28.0
07,25,1975,28.0
07,26,1975,25.5
07,27,1975,27.65
07,28,1975,28.25
07,29,1975,28.0
07,30,1975,29.0
07,31,1975,29.0
08,01,1975,28.75
08,02,1975,29.5
08,03,1975,28.65
08,04,1975,27.85
08,05,1975,27.5
08,06,1975,29.0
08,07,1975,29.25
08,08,1975,28.5
08,09,1975,28.0
08,10,1975,28.0
08,11,1975,28.25
08,12,1975,28.25
08,13,1975,29.5
08,14,1975,27.5
08,15,1975,27.75
08,16,1975,28.75
08,17,1975,27.5
08,18,1975,28.5
08,19,1975,28.5
08,20,1975,27.4
08,21,1975,27.0
08,22,1975,27.5
08,23,1975,28.0
08,24,1975,28.0
08,25,1975,28.4
08,26,1975,28.25
08,27,1975,28.25
08,28,1975,28.75
08,29,1975,28.5
08,30,1975,29.0
08,31,1975,29.0
09,01,1975,29.5
09,02,1975,28.4
09,03,1975,27.9
09,04,1975,27.75
09,05,1975,28.5
09,06,1975,28.75
09,07,1975,28.5
09,08,1975,27.25
09,09,1975,28.0
09,10,1975,28.15
09,11,1975,28.4
09,12,1975,28.25
09,13,1975,27.9
09,14,1975,28.5
09,15,1975,27.25
09,16,1975,28.75
09,17,1975,28.5
09,18,1975,29.25
09,19,1975,29.75
09,20,1975,29.25
09,21,1975,28.0
09,22,1975,27.75
09,23,1975,23.25
09,24,1975,22.2
09,25,1975,25.0
09,26,1975,25.5
09,27,1975,25.5
09,28,1975,25.25
09,29,1975,26.5
09,30,1975,26.5
10,01,1975,26.0
10,02,1975,24.75
10,03,1975,26.4
10,04,1975,26.5
10,05,1975,26.5
10,06,1975,25.5
10,07,1975,26.0
10,08,1975,26.5
10,09,1975,26.9
10,10,1975,26.5
10,11,1975,26.0
10,12,1975,26.0
10,13,1975,26.5
10,14,1975,26.75
10,15,1975,27.65
10,16,1975,28.0
10,17,1975,27.0
10,18,1975,24.5
10,19,1975,25.5
10,20,1975,24.5
10,21,1975,24.5
10,22,1975,26.75
10,23,1975,27.5
10,24,1975,28.25
10,25,1975,28.0
10,26,1975,27.75
10,27,1975,27.0
10,28,1975,27.25
10,29,1975,22.75
10,30,1975,24.5
10,31,1975,26.0
11,01,1975,26.5
11,02,1975,27.25
11,03,1975,27.25
11,04,1975,26.75
11,05,1975,26.25
11,06,1975,26.0
11,07,1975,26.5
11,08,1975,26.5
11,09,1975,26.45
11,10,1975,26.75
11,11,1975,24.0
11,12,1975,26.0
11,13,1975,22.75
11,14,1975,22.25
11,15,1975,21.9
11,16,1975,21.0
11,17,1975,23.75
11,18,1975,22.5
11,19,1975,24.5
11,20,1975,25.75
11,21,1975,26.5
11,22,1975,25.25
11,23,1975,25.25
11,24,1975,24.0
11,25,1975,23.5
11,26,1975,24.75
11,27,1975,25.25
11,28,1975,26.25
11,29,1975,26.5
11,30,1975,26.0
12,01,1975,26.0
12,02,1975,25.4
12,03,1975,24.75
12,04,1975,24.25
12,05,1975,24.5
12,06,1975,24.25
12,07,1975,25.0
12,08,1975,23.0
12,09,1975,23.5
12,10,1975,23.25
12,11,1975,23.0
12,12,1975,21.25
12,13,1975,22.25
12,14,1975,23.25
12,15,1975,24.5
12,16,1975,24.75
12,17,1975,25.0
12,18,1975,25.5
12,19,1975,22.75
12,20,1975,21.9
12,21,1975,22.0
12,22,1975,21.5
12,23,1975,21.0
12,24,1975,22.0
12,25,1975,22.5
12,26,1975,19.75
12,27,1975,21.5
12,28,1975,23.75
12,29,1975,24.25
12,30,1975,22.9
12,31,1975,23.75
01,01,1976,24.25
01,02,1976,24.25
01,03,1976,23.65
01,04,1976,21.5
01,05,1976,21.0
01,06,1976,22.75
01,07,1976,23.75
01,08,1976,21.5
01,09,1976,17.75
01,10,1976,20.0
01,11,1976,24.0
01,12,1976,22.25
01,13,1976,24.25
01,14,1976,24.25
01,15,1976,24.25
01,16,1976,24.25
01,17,1976,21.75
01,18,1976,18.5
01,19,1976,16.75
01,20,1976,19.0
01,21,1976,21.0
01,22,1976,20.75
01,23,1976,20.0
01,24,1976,20.75
01,25,1976,24.5
01,26,1976,24.0
01,27,1976,22.25
01,28,1976,19.0
01,29,1976,19.75
01,30,1976,22.0
01,31,1976,21.0
02,01,1976,21.0
02,02,1976,19.5
02,03,1976,21.25
02,04,1976,22.0
02,05,1976,24.0
02,06,1976,25.0
02,07,1976,24.5
02,08,1976,23.5
02,09,1976,21.75
02,10,1976,22.0
02,11,1976,22.75
02,12,1976,22.75
02,13,1976,23.0
02,14,1976,24.5
02,15,1976,25.75
02,16,1976,25.25
02,17,1976,25.5
02,18,1976,24.75
02,19,1976,24.5
02,20,1976,25.25
02,21,1976,26.5
02,22,1976,21.75
02,23,1976,17.0
02,24,1976,16.5
02,25,1976,21.0
02,26,1976,20.25
02,27,1976,21.25
02,28,1976,22.75
02,29,1976,24.0
03,01,1976,25.5
03,02,1976,26.0
03,03,1976,25.75
03,04,1976,26.0
03,05,1976,26.25
03,06,1976,26.25
03,07,1976,26.25
03,08,1976,26.5
03,09,1976,26.75
03,10,1976,27.75
03,11,1976,27.0
03,12,1976,27.0
03,13,1976,27.0
03,14,1976,26.5
03,15,1976,27.25
03,16,1976,26.25
03,17,1976,26.0
03,18,1976,27.4
03,19,1976,25.75
03,20,1976,26.75
03,21,1976,27.25
03,22,1976,27.0
03,23,1976,27.5
03,24,1976,26.75
03,25,1976,27.5
03,26,1976,27.5
03,27,1976,27.5
03,28,1976,28.75
03,29,1976,28.25
03,30,1976,28.25
03,31,1976,26.75
04,01,1976,23.75
04,02,1976,25.75
04,03,1976,26.5
04,04,1976,27.5
04,05,1976,28.0
04,06,1976,27.5
04,07,1976,28.25
04,08,1976,27.5
04,09,1976,26.25
04,10,1976,26.0
04,11,1976,26.25
04,12,1976,28.0
04,13,1976,27.5
04,14,1976,27.75
04,15,1976,28.75
04,16,1976,28.25
04,17,1976,28.0
04,18,1976,29.75
04,19,1976,29.0
04,20,1976,28.0
04,21,1976,28.25
04,22,1976,28.75
04,23,1976,28.5
04,24,1976,28.5
04,25,1976,28.0
04,26,1976,27.75
04,27,1976,30.5
04,28,1976,30.25
04,29,1976,29.75
04,30,1976,28.0
05,01,1976,27.75
05,02,1976,26.25
05,03,1976,27.25
05,04,1976,27.75
05,05,1976,27.25
05,06,1976,28.0
05,07,1976,30.25
05,08,1976,29.5
05,09,1976,29.25
05,10,1976,29.5
05,11,1976,28.75
05,12,1976,29.0
05,13,1976,30.0
05,14,1976,27.5
05,15,1976,29.25
05,16,1976,31.0
05,17,1976,29.5
05,18,1976,27.5
05,19,1976,27.5
05,20,1976,27.75
05,21,1976,27.75
05,22,1976,29.0
05,23,1976,29.75
05,24,1976,30.0
05,25,1976,31.0
05,26,1976,30.25
05,27,1976,31.5
05,28,1976,29.75
05,29,1976,30.5
05,30,1976,31.5
05,31,1976,31.75
06,01,1976,31.25
06,02,1976,30.75
06,03,1976,28.25
06,04,1976,28.5
06,05,1976,28.25
06,06,1976,27.75
06,07,1976,26.75
06,08,1976,28.25
06,09,1976,27.5
06,10,1976,27.5
06,11,1976,28.75
06,12,1976,29.75
06,13,1976,28.75
06,14,1976,28.25
06,15,1976,29.5
06,16,1976,29.75
06,17,1976,30.0
06,18,1976,29.75
06,19,1976,28.5
06,20,1976,27.0
06,21,1976,26.5
06,22,1976,26.25
06,23,1976,27.5
06,24,1976,29.0
06,25,1976,27.5
06,26,1976,27.25
06,27,1976,26.75
06,28,1976,25.0
06,29,1976,27.25
06,30,1976,26.25
07,01,1976,28.25
07,02,1976,27.75
07,03,1976,28.5
07,04,1976,27.5
07,05,1976,27.75
07,06,1976,28.0
07,07,1976,28.5
07,08,1976,29.25
07,09,1976,28.25
07,10,1976,28.0
07,11,1976,28.0
07,12,1976,28.5
07,13,1976,29.25
07,14,1976,28.5
07,15,1976,27.5
07,16,1976,29.25
07,17,1976,28.25
07,18,1976,28.0
07,19,1976,27.25
07,20,1976,27.5
07,21,1976,27.25
07,22,1976,28.0
07,23,1976,28.0
07,24,1976,25.75
07,25,1976,26.5
07,26,1976,27.0
07,27,1976,27.25
07,28,1976,27.5
07,29,1976,27.5
07,30,1976,28.25
07,31,1976,27.75
08,01,1976,28.0
08,02,1976,28.25
08,03,1976,29.0
08,04,1976,28.5
08,05,1976,27.75
08,06,1976,28.0
08,07,1976,27.75
08,08,1976,26.75
08,09,1976,27.75
08,10,1976,27.25
08,11,1976,27.75
08,12,1976,28.0
08,13,1976,28.0
08,14,1976,27.75
08,15,1976,28.25
08,16,1976,27.75
08,17,1976,27.5
08,18,1976,28.75
08,19,1976,27.75
08,20,1976,27.5
08,21,1976,27.25
08,22,1976,27.0
08,23,1976,28.0
08,24,1976,28.0
08,25,1976,27.75
08,26,1976,27.25
08,27,1976,27.75
08,28,1976,28.5
08,29,1976,26.75
08,30,1976,26.75
08,31,1976,27.25
09,01,1976,27.5
09,02,1976,27.75
09,03,1976,27.75
09,04,1976,27.5
09,05,1976,28.0
09,06,1976,27.9
09,07,1976,27.5
09,08,1976,26.5
09,09,1976,27.75
09,10,1976,27.5
09,11,1976,28.25
09,12,1976,27.5
09,13,1976,28.0
09,14,1976,28.5
09,15,1976,28.25
09,16,1976,27.5
09,17,1976,27.25
09,18,1976,28.0
09,19,1976,28.5
09,20,1976,28.75
09,21,1976,29.0
09,22,1976,27.5
09,23,1976,28.75
09,24,1976,29.0
09,25,1976,28.5
09,26,1976,29.15
09,27,1976,29.0
09,28,1976,29.5
09,29,1976,29.0
09,30,1976,27.75
10,01,1976,29.0
10,02,1976,29.25
10,03,1976,28.75
10,04,1976,28.5
10,05,1976,29.0
10,06,1976,27.75
10,07,1976,26.75
10,08,1976,27.5
10,09,1976,22.5
10,10,1976,21.5
10,11,1976,23.0
10,12,1976,24.75
10,13,1976,25.0
10,14,1976,26.5
10,15,1976,26.75
10,16,1976,27.5
10,17,1976,27.75
10,18,1976,25.75
10,19,1976,25.75
10,20,1976,26.0
10,21,1976,24.0
10,22,1976,23.5
10,23,1976,24.75
10,24,1976,25.25
10,25,1976,27.75
10,26,1976,28.5
10,27,1976,28.5
10,28,1976,27.75
10,29,1976,28.25
10,30,1976,27.75
10,31,1976,28.25
11,01,1976,23.25
11,02,1976,23.0
11,03,1976,23.0
11,04,1976,20.0
11,05,1976,22.5
11,06,1976,22.0
11,07,1976,22.5
11,08,1976,22.25
11,09,1976,22.0
11,10,1976,24.0
11,11,1976,24.0
11,12,1976,25.25
11,13,1976,26.0
11,14,1976,24.5
11,15,1976,24.75
11,16,1976,26.0
11,17,1976,23.25
11,18,1976,22.75
11,19,1976,23.5
11,20,1976,23.5
11,21,1976,26.25
11,22,1976,22.5
11,23,1976,21.5
11,24,1976,21.0
11,25,1976,22.5
11,26,1976,24.75
11,27,1976,26.25
11,28,1976,27.25
11,29,1976,24.5
11,30,1976,20.25
12,01,1976,21.25
12,02,1976,22.25
12,03,1976,19.75
12,04,1976,22.0
12,05,1976,22.25
12,06,1976,23.75
12,07,1976,22.75
12,08,1976,21.0
12,09,1976,19.75
12,10,1976,21.0
12,11,1976,21.75
12,12,1976,24.0
12,13,1976,24.0
12,14,1976,21.75
12,15,1976,23.0
12,16,1976,23.0
12,17,1976,21.25
12,18,1976,23.0
12,19,1976,24.75
12,20,1976,24.5
12,21,1976,21.75
12,22,1976,20.0
12,23,1976,20.5
12,24,1976,23.0
12,25,1976,24.0
12,26,1976,22.0
12,27,1976,19.5
12,28,1976,21.0
12,29,1976,21.5
12,30,1976,23.0
12,31,1976,24.5
01,01,1977,24.0
01,02,1977,25.0
01,03,1977,24.0
01,04,1977,25.0
01,05,1977,23.5
01,06,1977,24.5
01,07,1977,24.75
01,08,1977,25.25
01,09,1977,20.5
01,10,1977,21.75
01,11,1977,19.0
01,12,1977,21.5
01,13,1977,22.5
01,14,1977,23.5
01,15,1977,23.0
01,16,1977,24.0
01,17,1977,20.5
01,18,1977,21.0
01,19,1977,19.0
01,20,1977,18.75
01,21,1977,18.5
01,22,1977,19.75
01,23,1977,21.0
01,24,1977,22.25
01,25,1977,22.0
01,26,1977,23.75
01,27,1977,25.0
01,28,1977,26.0
01,29,1977,24.25
01,30,1977,25.5
01,31,1977,24.5
02,01,1977,22.25
02,02,1977,22.0
02,03,1977,25.5
02,04,1977,24.25
02,05,1977,22.5
02,06,1977,22.0
02,07,1977,23.5
02,08,1977,22.5
02,09,1977,23.5
02,10,1977,24.5
02,11,1977,24.5
02,12,1977,26.0
02,13,1977,23.75
02,14,1977,21.0
02,15,1977,22.0
02,16,1977,19.75
02,17,1977,19.5
02,18,1977,19.5
02,19,1977,21.75
02,20,1977,23.75
02,21,1977,22.5
02,22,1977,23.0
02,23,1977,25.75
02,24,1977,27.25
02,25,1977,26.0
02,26,1977,27.0
02,27,1977,22.5
02,28,1977,19.75
03,01,1977,20.5
03,02,1977,23.75
03,03,1977,26.25
03,04,1977,26.0
03,05,1977,25.5
03,06,1977,25.0
03,07,1977,21.65
03,08,1977,19.5
03,09,1977,22.5
03,10,1977,24.5
03,11,1977,28.0
03,12,1977,25.0
03,13,1977,25.25
03,14,1977,27.5
03,15,1977,27.75
03,16,1977,27.25
03,17,1977,26.75
03,18,1977,27.25
03,19,1977,27.75
03,20,1977,27.9
03,21,1977,28.25
03,22,1977,28.0
03,23,1977,27.75
03,24,1977,28.5
03,25,1977,27.5
03,26,1977,28.4
03,27,1977,29.0
03,28,1977,29.75
03,29,1977,29.75
03,30,1977,30.25
03,31,1977,29.0
04,01,1977,28.75
04,02,1977,29.5
04,03,1977,30.0
04,04,1977,30.5
04,05,1977,23.55
04,06,1977,22.75
04,07,1977,21.75
04,08,1977,22.25
04,09,1977,23.5
04,10,1977,23.5
04,11,1977,25.25
04,12,1977,26.25
04,13,1977,26.5
04,14,1977,27.5
04,15,1977,27.25
04,16,1977,26.25
04,17,1977,28.75
04,18,1977,29.25
04,19,1977,29.25
04,20,1977,29.25
04,21,1977,30.0
04,22,1977,28.75
04,23,1977,26.5
04,24,1977,25.25
04,25,1977,23.5
04,26,1977,24.5
04,27,1977,25.75
04,28,1977,27.75
04,29,1977,28.75
04,30,1977,29.5
05,01,1977,28.75
05,02,1977,29.0
05,03,1977,29.0
05,04,1977,28.75
05,05,1977,30.25
05,06,1977,30.0
05,07,1977,29.75
05,08,1977,29.5
05,09,1977,29.25
05,10,1977,30.0
05,11,1977,30.5
05,12,1977,30.25
05,13,1977,27.25
05,14,1977,28.5
05,15,1977,30.5
05,16,1977,30.0
05,17,1977,30.25
05,18,1977,30.25
05,19,1977,30.25
05,20,1977,30.25
05,21,1977,30.25
05,22,1977,31.0
05,23,1977,29.5
05,24,1977,29.75
05,25,1977,29.5
05,26,1977,29.0
05,27,1977,29.0
05,28,1977,30.0
05,29,1977,30.5
05,30,1977,30.5
05,31,1977,29.75
06,01,1977,28.25
06,02,1977,27.75
06,03,1977,28.25
06,04,1977,28.5
06,05,1977,28.0
06,06,1977,27.5
06,07,1977,26.75
06,08,1977,27.5
06,09,1977,28.0
06,10,1977,28.0
06,11,1977,28.75
06,12,1977,30.25
06,13,1977,30.25
06,14,1977,29.5
06,15,1977,29.75
06,16,1977,27.75
06,17,1977,27.0
06,18,1977,28.25
06,19,1977,29.25
06,20,1977,28.25
06,21,1977,28.0
06,22,1977,29.75
06,23,1977,29.75
06,24,1977,30.0
06,25,1977,29.25
06,26,1977,27.75
06,27,1977,29.5
06,28,1977,30.0
06,29,1977,30.0
06,30,1977,29.5
07,01,1977,29.25
07,02,1977,28.75
07,03,1977,28.0
07,04,1977,28.25
07,05,1977,27.25
07,06,1977,28.0
07,07,1977,28.25
07,08,1977,28.5
07,09,1977,27.5
07,10,1977,27.5
07,11,1977,29.0
07,12,1977,28.25
07,13,1977,28.25
07,14,1977,27.25
07,15,1977,29.0
07,16,1977,27.5
07,17,1977,28.25
07,18,1977,28.0
07,19,1977,29.25
07,20,1977,29.25
07,21,1977,29.0
07,22,1977,28.0
07,23,1977,27.5
07,24,1977,27.25
07,25,1977,27.75
07,26,1977,28.0
07,27,1977,29.0
07,28,1977,29.0
07,29,1977,28.75
07,30,1977,27.5
07,31,1977,28.25
08,01,1977,29.5
08,02,1977,29.25
08,03,1977,28.75
08,04,1977,27.75
08,05,1977,29.0
08,06,1977,27.75
08,07,1977,27.5
08,08,1977,27.5
08,09,1977,26.5
08,10,1977,28.5
08,11,1977,28.75
08,12,1977,29.25
08,13,1977,28.75
08,14,1977,28.5
08,15,1977,28.5
08,16,1977,28.5
08,17,1977,27.75
08,18,1977,27.0
08,19,1977,27.0
08,20,1977,28.25
08,21,1977,29.25
08,22,1977,28.25
08,23,1977,29.25
08,24,1977,29.25
08,25,1977,29.5
08,26,1977,28.5
08,27,1977,28.75
08,28,1977,29.25
08,29,1977,28.75
08,30,1977,30.25
08,31,1977,31.25
09,01,1977,30.0
09,02,1977,30.5
09,03,1977,28.5
09,04,1977,27.25
09,05,1977,29.0
09,06,1977,29.5
09,07,1977,29.5
09,08,1977,28.75
09,09,1977,28.25
09,10,1977,28.25
09,11,1977,28.25
09,12,1977,28.75
09,13,1977,28.0
09,14,1977,29.25
09,15,1977,28.75
09,16,1977,28.75
09,17,1977,28.25
09,18,1977,27.5
09,19,1977,27.5
09,20,1977,25.5
09,21,1977,26.5
09,22,1977,27.0
09,23,1977,28.5
09,24,1977,28.0
09,25,1977,29.0
09,26,1977,28.5
09,27,1977,28.25
09,28,1977,27.75
09,29,1977,27.75
09,30,1977,28.5
10,01,1977,28.75
10,02,1977,29.25
10,03,1977,28.25
10,04,1977,26.5
10,05,1977,27.75
10,06,1977,27.75
10,07,1977,29.0
10,08,1977,29.0
10,09,1977,29.5
10,10,1977,29.25
10,11,1977,29.25
10,12,1977,27.75
10,13,1977,24.25
10,14,1977,23.75
10,15,1977,23.75
10,16,1977,23.75
10,17,1977,24.5
10,18,1977,23.75
10,19,1977,25.0
10,20,1977,29.75
10,21,1977,27.0
10,22,1977,27.0
10,23,1977,27.25
10,24,1977,28.0
10,25,1977,27.5
10,26,1977,27.75
10,27,1977,27.75
10,28,1977,28.0
10,29,1977,27.0
10,30,1977,26.5
10,31,1977,27.75
11,01,1977,27.25
11,02,1977,28.5
11,03,1977,26.25
11,04,1977,25.75
11,05,1977,24.0
11,06,1977,23.75
11,07,1977,25.5
11,08,1977,27.5
11,09,1977,28.75
11,10,1977,25.0
11,11,1977,22.0
11,12,1977,20.75
11,13,1977,22.25
11,14,1977,22.75
11,15,1977,23.75
11,16,1977,25.0
11,17,1977,26.0
11,18,1977,26.75
11,19,1977,25.5
11,20,1977,26.0
11,21,1977,27.25
11,22,1977,27.0
11,23,1977,27.0
11,24,1977,26.5
11,25,1977,26.0
11,26,1977,24.5
11,27,1977,23.5
11,28,1977,25.0
11,29,1977,26.0
11,30,1977,26.0
12,01,1977,27.5
12,02,1977,26.0
12,03,1977,26.0
12,04,1977,26.5
12,05,1977,27.5
12,06,1977,26.75
12,07,1977,21.5
12,08,1977,24.25
12,09,1977,25.25
12,10,1977,25.0
12,11,1977,24.25
12,12,1977,24.5
12,13,1977,24.75
12,14,1977,24.75
12,15,1977,23.0
12,16,1977,25.5
12,17,1977,27.0
12,18,1977,26.0
12,19,1977,25.75
12,20,1977,26.25
12,21,1977,20.25
12,22,1977,18.75
12,23,1977,19.0
12,24,1977,22.25
12,25,1977,23.0
12,26,1977,24.0
12,27,1977,23.25
12,28,1977,23.75
12,29,1977,24.0
12,30,1977,23.25
12,31,1977,24.0
01,01,1978,29.25
01,02,1978,24.75
01,03,1978,23.75
01,04,1978,22.5
01,05,1978,24.5
01,06,1978,24.5
01,07,1978,25.0
01,08,1978,25.0
01,09,1978,20.75
01,10,1978,20.5
01,11,1978,21.0
01,12,1978,22.75
01,13,1978,22.75
01,14,1978,22.25
01,15,1978,18.0
01,16,1978,21.25
01,17,1978,22.75
01,18,1978,24.5
01,19,1978,22.75
01,20,1978,19.5
01,21,1978,21.25
01,22,1978,21.5
01,23,1978,23.75
01,24,1978,25.0
01,25,1978,26.0
01,26,1978,21.0
01,27,1978,20.75
01,28,1978,19.75
01,29,1978,22.5
01,30,1978,21.75
01,31,1978,20.75
02,01,1978,22.5
02,02,1978,23.0
02,03,1978,24.25
02,04,1978,21.5
02,05,1978,20.25
02,06,1978,19.75
02,07,1978,20.0
02,08,1978,20.0
02,09,1978,23.0
02,10,1978,23.75
02,11,1978,23.0
02,12,1978,24.5
02,13,1978,24.25
02,14,1978,25.25
02,15,1978,25.0
02,16,1978,24.25
02,17,1978,25.5
02,18,1978,24.0
02,19,1978,21.5
02,20,1978,21.5
02,21,1978,20.25
02,22,1978,17.75
02,23,1978,18.75
02,24,1978,20.75
02,25,1978,23.0
02,26,1978,25.0
02,27,1978,26.0
02,28,1978,27.5
03,01,1978,27.5
03,02,1978,28.0
03,03,1978,28.5
03,04,1978,27.5
03,05,1978,23.0
03,06,1978,25.5
03,07,1978,27.5
03,08,1978,26.5
03,09,1978,22.0
03,10,1978,21.5
03,11,1978,24.25
03,12,1978,25.75
03,13,1978,28.0
03,14,1978,27.75
03,15,1978,28.0
03,16,1978,25.75
03,17,1978,17.0
03,18,1978,18.5
03,19,1978,21.5
03,20,1978,23.75
03,21,1978,25.75
03,22,1978,26.5
03,23,1978,27.25
03,24,1978,28.75
03,25,1978,29.0
03,26,1978,25.75
03,27,1978,21.0
03,28,1978,22.5
03,29,1978,23.0
03,30,1978,22.75
03,31,1978,23.75
04,01,1978,25.5
04,02,1978,25.0
04,03,1978,26.25
04,04,1978,26.75
04,05,1978,26.5
04,06,1978,26.0
04,07,1978,27.0
04,08,1978,27.5
04,09,1978,28.5
04,10,1978,24.5
04,11,1978,30.0
04,12,1978,28.0
04,13,1978,24.75
04,14,1978,26.25
04,15,1978,27.25
04,16,1978,27.5
04,17,1978,28.5
04,18,1978,29.5
04,19,1978,30.0
04,20,1978,30.25
04,21,1978,29.5
04,22,1978,30.5
04,23,1978,30.75
04,24,1978,29.75
04,25,1978,28.0
04,26,1978,27.5
04,27,1978,27.0
04,28,1978,27.0
04,29,1978,28.0
04,30,1978,28.0
05,01,1978,31.75
05,02,1978,32.0
05,03,1978,32.5
05,04,1978,30.0
05,05,1978,31.25
05,06,1978,33.25
05,07,1978,33.0
05,08,1978,32.75
05,09,1978,31.5
05,10,1978,31.75
05,11,1978,31.5
05,12,1978,30.75
05,13,1978,31.5
05,14,1978,31.5
05,15,1978,31.25
05,16,1978,32.25
05,17,1978,32.0
05,18,1978,31.75
05,19,1978,32.25
05,20,1978,29.25
05,21,1978,29.25
05,22,1978,28.75
05,23,1978,28.5
05,24,1978,29.0
05,25,1978,29.5
05,26,1978,28.75
05,27,1978,30.0
05,28,1978,28.75
05,29,1978,29.0
05,30,1978,29.0
05,31,1978,29.5
06,01,1978,29.75
06,02,1978,29.25
06,03,1978,29.5
06,04,1978,29.25
06,05,1978,29.0
06,06,1978,28.75
06,07,1978,30.0
06,08,1978,29.0
06,09,1978,28.0
06,10,1978,27.75
06,11,1978,28.0
06,12,1978,28.5
06,13,1978,28.25
06,14,1978,27.75
06,15,1978,28.5
06,16,1978,27.75
06,17,1978,28.0
06,18,1978,28.0
06,19,1978,29.0
06,20,1978,29.25
06,21,1978,27.75
06,22,1978,27.75
06,23,1978,27.25
06,24,1978,29.0
06,25,1978,28.5
06,26,1978,28.25
06,27,1978,28.0
06,28,1978,28.25
06,29,1978,28.5
06,30,1978,27.5
07,01,1978,28.0
07,02,1978,28.25
07,03,1978,28.5
07,04,1978,28.5
07,05,1978,27.0
07,06,1978,28.5
07,07,1978,27.5
07,08,1978,27.25
07,09,1978,27.0
07,10,1978,27.5
07,11,1978,28.0
07,12,1978,28.5
07,13,1978,28.25
07,14,1978,27.75
07,15,1978,28.5
07,16,1978,27.5
07,17,1978,28.0
07,18,1978,28.75
07,19,1978,28.75
07,20,1978,28.5
07,21,1978,27.25
07,22,1978,28.0
07,23,1978,27.5
07,24,1978,27.5
07,25,1978,28.5
07,26,1978,28.5
07,27,1978,28.25
07,28,1978,27.75
07,29,1978,28.5
07,30,1978,29.25
07,31,1978,30.0
08,01,1978,28.25
08,02,1978,27.75
08,03,1978,28.25
08,04,1978,28.25
08,05,1978,29.0
08,06,1978,28.75
08,07,1978,28.5
08,08,1978,27.75
08,09,1978,27.75
08,10,1978,28.75
08,11,1978,29.0
08,12,1978,28.75
08,13,1978,28.0
08,14,1978,28.5
08,15,1978,29.0
08,16,1978,28.5
08,17,1978,28.25
08,18,1978,28.5
08,19,1978,27.75
08,20,1978,28.0
08,21,1978,27.75
08,22,1978,27.75
08,23,1978,27.75
08,24,1978,28.25
08,25,1978,27.5
08,26,1978,28.0
08,27,1978,28.5
08,28,1978,28.5
08,29,1978,29.25
08,30,1978,28.5
08,31,1978,28.0
09,01,1978,28.0
09,02,1978,22.75
09,03,1978,27.0
09,04,1978,27.25
09,05,1978,26.25
09,06,1978,27.0
09,07,1978,30.5
09,08,1978,26.75
09,09,1978,28.0
09,10,1978,30.5
09,11,1978,29.0
09,12,1978,29.0
09,13,1978,30.25
09,14,1978,29.0
09,15,1978,29.0
09,16,1978,29.0
09,17,1978,28.25
09,18,1978,28.75
09,19,1978,30.25
09,20,1978,27.25
09,21,1978,27.0
09,22,1978,27.5
09,23,1978,28.0
09,24,1978,28.25
09,25,1978,27.25
09,26,1978,28.0
09,27,1978,27.25
09,28,1978,27.75
09,29,1978,27.75
09,30,1978,27.75
10,01,1978,28.75
10,02,1978,28.0
10,03,1978,28.25
10,04,1978,28.0
10,05,1978,28.5
10,06,1978,29.25
10,07,1978,26.75
10,08,1978,28.0
10,09,1978,27.5
10,10,1978,27.25
10,11,1978,27.75
10,12,1978,27.0
10,13,1978,27.75
10,14,1978,26.25
10,15,1978,25.5
10,16,1978,23.5
10,17,1978,24.25
10,18,1978,22.0
10,19,1978,24.25
10,20,1978,24.75
10,21,1978,24.5
10,22,1978,24.25
10,23,1978,26.0
10,24,1978,25.75
10,25,1978,25.75
10,26,1978,25.5
10,27,1978,26.25
10,28,1978,26.0
10,29,1978,26.25
10,30,1978,26.5
10,31,1978,27.0
11,01,1978,25.5
11,02,1978,26.0
11,03,1978,25.5
11,04,1978,24.5
11,05,1978,25.0
11,06,1978,26.0
11,07,1978,27.0
11,08,1978,23.75
11,09,1978,24.75
11,10,1978,25.5
11,11,1978,26.5
11,12,1978,26.75
11,13,1978,26.5
11,14,1978,26.75
11,15,1978,27.0
11,16,1978,27.5
11,17,1978,27.5
11,18,1978,26.0
11,19,1978,26.5
11,20,1978,26.0
11,21,1978,25.75
11,22,1978,24.75
11,23,1978,25.25
11,24,1978,26.0
11,25,1978,25.75
11,26,1978,26.5
11,27,1978,27.0
11,28,1978,26.75
11,29,1978,26.5
11,30,1978,26.75
12,01,1978,27.0
12,02,1978,27.0
12,03,1978,27.0
12,04,1978,27.75
12,05,1978,26.75
12,06,1978,27.0
12,07,1978,27.75
12,08,1978,27.75
12,09,1978,25.25
12,10,1978,20.25
12,11,1978,20.5
12,12,1978,20.5
12,13,1978,21.5
12,14,1978,22.5
12,15,1978,21.25
12,16,1978,23.25
12,17,1978,24.5
12,18,1978,24.75
12,19,1978,24.5
12,20,1978,24.75
12,21,1978,25.25
12,22,1978,22.5
12,23,1978,24.25
12,24,1978,25.0
12,25,1978,25.0
12,26,1978,25.5
12,27,1978,24.5
12,28,1978,24.5
12,29,1978,24.75
12,30,1978,25.0
12,31,1978,25.75
01,01,1979,25.25
01,02,1979,24.0
01,03,1979,18.0
01,04,1979,17.5
01,05,1979,19.5
01,06,1979,23.25
01,07,1979,24.25
01,08,1979,23.5
01,09,1979,19.5
01,10,1979,21.5
01,11,1979,21.5
01,12,1979,22.5
01,13,1979,23.25
01,14,1979,23.0
01,15,1979,21.25
01,16,1979,21.5
01,17,1979,23.5
01,18,1979,24.5
01,19,1979,24.0
01,20,1979,25.75
01,21,1979,21.5
01,22,1979,20.75
01,23,1979,24.25
01,24,1979,21.5
01,25,1979,22.5
01,26,1979,25.5
01,27,1979,25.75
01,28,1979,24.5
01,29,1979,26.25
01,30,1979,26.0
01,31,1979,25.0
02,01,1979,20.25
02,02,1979,24.25
02,03,1979,25.0
02,04,1979,25.0
02,05,1979,25.25
02,06,1979,26.0
02,07,1979,25.75
02,08,1979,20.5
02,09,1979,19.75
02,10,1979,20.75
02,11,1979,20.25
02,12,1979,21.75
02,13,1979,21.75
02,14,1979,23.0
02,15,1979,25.25
02,16,1979,25.75
02,17,1979,25.25
02,18,1979,26.25
02,19,1979,21.25
02,20,1979,23.25
02,21,1979,24.75
02,22,1979,26.5
02,23,1979,26.75
02,24,1979,27.75
02,25,1979,25.25
02,26,1979,21.25
02,27,1979,21.5
02,28,1979,24.5
03,01,1979,24.25
03,02,1979,27.75
03,03,1979,27.5
03,04,1979,24.75
03,05,1979,24.0
03,06,1979,23.0
03,07,1979,21.25
03,08,1979,21.25
03,09,1979,24.5
03,10,1979,26.25
03,11,1979,26.5
03,12,1979,25.0
03,13,1979,25.5
03,14,1979,26.25
03,15,1979,26.25
03,16,1979,26.5
03,17,1979,26.0
03,18,1979,26.25
03,19,1979,27.25
03,20,1979,27.75
03,21,1979,28.5
03,22,1979,29.0
03,23,1979,29.0
03,24,1979,27.5
03,25,1979,22.75
03,26,1979,25.5
03,27,1979,25.5
03,28,1979,27.75
03,29,1979,28.0
03,30,1979,29.0
03,31,1979,29.5
04,01,1979,29.25
04,02,1979,30.25
04,03,1979,30.25
04,04,1979,30.0
04,05,1979,29.5
04,06,1979,28.5
04,07,1979,28.5
04,08,1979,28.5
04,09,1979,28.5
04,10,1979,29.75
04,11,1979,30.0
04,12,1979,32.0
04,13,1979,30.5
04,14,1979,29.0
04,15,1979,30.25
04,16,1979,29.5
04,17,1979,30.25
04,18,1979,29.0
04,19,1979,30.25
04,20,1979,30.25
04,21,1979,29.5
04,22,1979,26.0
04,23,1979,27.0
04,24,1979,28.0
04,25,1979,29.0
04,26,1979,29.75
04,27,1979,30.25
04,28,1979,29.5
04,29,1979,29.25
04,30,1979,29.75
05,01,1979,30.25
05,02,1979,31.5
05,03,1979,32.25
05,04,1979,32.5
05,05,1979,26.75
05,06,1979,27.5
05,07,1979,30.75
05,08,1979,31.5
05,09,1979,31.75
05,10,1979,31.5
05,11,1979,31.5
05,12,1979,30.5
05,13,1979,26.0
05,14,1979,28.25
05,15,1979,28.0
05,16,1979,28.5
05,17,1979,28.5
05,18,1979,28.25
05,19,1979,28.25
05,20,1979,29.75
05,21,1979,29.25
05,22,1979,29.75
05,23,1979,30.0
05,24,1979,30.75
05,25,1979,28.5
05,26,1979,27.75
05,27,1979,28.25
05,28,1979,30.0
05,29,1979,30.75
05,30,1979,30.75
05,31,1979,31.0
06,01,1979,30.0
06,02,1979,29.0
06,03,1979,29.75
06,04,1979,29.5
06,05,1979,30.25
06,06,1979,30.5
06,07,1979,31.25
06,08,1979,30.5
06,09,1979,29.75
06,10,1979,29.0
06,11,1979,27.5
06,12,1979,27.0
06,13,1979,26.75
06,14,1979,27.5
06,15,1979,27.0
06,16,1979,26.5
06,17,1979,28.75
06,18,1979,29.5
06,19,1979,29.75
06,20,1979,29.5
06,21,1979,28.75
06,22,1979,28.25
06,23,1979,28.25
06,24,1979,27.75
06,25,1979,26.75
06,26,1979,28.0
06,27,1979,27.75
06,28,1979,28.0
06,29,1979,27.0
06,30,1979,27.25
07,01,1979,27.75
07,02,1979,27.75
07,03,1979,29.5
07,04,1979,29.75
07,05,1979,28.75
07,06,1979,28.0
07,07,1979,27.25
07,08,1979,28.0
07,09,1979,29.5
07,10,1979,29.5
07,11,1979,29.5
07,12,1979,29.0
07,13,1979,28.25
07,14,1979,28.75
07,15,1979,29.0
07,16,1979,28.75
07,17,1979,28.25
07,18,1979,28.0
07,19,1979,28.75
07,20,1979,28.0
07,21,1979,28.0
07,22,1979,28.0
07,23,1979,28.0
07,24,1979,28.25
07,25,1979,30.0
07,26,1979,29.25
07,27,1979,28.75
07,28,1979,29.0
07,29,1979,29.75
07,30,1979,29.0
07,31,1979,27.75
08,01,1979,28.25
08,02,1979,28.75
08,03,1979,27.25
08,04,1979,28.0
08,05,1979,27.25
08,06,1979,28.25
08,07,1979,28.0
08,08,1979,28.0
08,09,1979,27.25
08,10,1979,27.75
08,11,1979,28.0
08,12,1979,28.5
08,13,1979,29.0
08,14,1979,27.75
08,15,1979,28.25
08,16,1979,27.75
08,17,1979,27.5
08,18,1979,28.0
08,19,1979,28.25
08,20,1979,28.5
08,21,1979,28.0
08,22,1979,27.5
08,23,1979,26.75
08,24,1979,27.5
08,25,1979,26.5
08,26,1979,27.5
08,27,1979,29.5
08,28,1979,29.25
08,29,1979,28.5
08,30,1979,28.25
08,31,1979,28.5
09,01,1979,29.0
09,02,1979,28.5
09,03,1979,29.75
09,04,1979,27.5
09,05,1979,28.75
09,06,1979,27.5
09,07,1979,28.75
09,08,1979,29.0
09,09,1979,27.3
09,10,1979,27.25
09,11,1979,28.75
09,12,1979,27.9
09,13,1979,28.15
09,14,1979,27.9
09,15,1979,26.0
09,16,1979,26.0
09,17,1979,25.25
09,18,1979,27.5
09,19,1979,28.5
09,20,1979,27.0
09,21,1979,28.25
09,22,1979,26.0
09,23,1979,26.75
09,24,1979,25.5
09,25,1979,25.75
09,26,1979,23.5
09,27,1979,25.25
09,28,1979,26.0
09,29,1979,27.5
09,30,1979,26.75
10,01,1979,23.75
10,02,1979,25.5
10,03,1979,26.5
10,04,1979,27.5
10,05,1979,26.25
10,06,1979,27.25
10,07,1979,26.75
10,08,1979,27.0
10,09,1979,27.0
10,10,1979,27.25
10,11,1979,26.75
10,12,1979,27.4
10,13,1979,27.25
10,14,1979,27.5
10,15,1979,26.9
10,16,1979,28.0
10,17,1979,27.75
10,18,1979,27.0
10,19,1979,28.0
10,20,1979,28.75
10,21,1979,28.65
10,22,1979,29.0
10,23,1979,28.0
10,24,1979,26.0
10,25,1979,29.0
10,26,1979,25.5
10,27,1979,26.15
10,28,1979,27.5
10,29,1979,28.5
10,30,1979,28.0
10,31,1979,30.0
11,01,1979,28.0
11,02,1979,26.75
11,03,1979,23.75
11,04,1979,24.0
11,05,1979,23.5
11,06,1979,23.25
11,07,1979,25.0
11,08,1979,25.5
11,09,1979,25.75
11,10,1979,27.5
11,11,1979,28.0
11,12,1979,26.0
11,13,1979,25.5
11,14,1979,22.75
11,15,1979,22.0
11,16,1979,22.75
11,17,1979,23.25
11,18,1979,24.25
11,19,1979,26.0
11,20,1979,25.75
11,21,1979,26.0
11,22,1979,26.5
11,23,1979,24.75
11,24,1979,23.25
11,25,1979,24.75
11,26,1979,26.5
11,27,1979,26.25
11,28,1979,27.25
11,29,1979,23.25
11,30,1979,19.25
12,01,1979,19.0
12,02,1979,19.25
12,03,1979,20.5
12,04,1979,21.5
12,05,1979,21.75
12,06,1979,23.5
12,07,1979,24.5
12,08,1979,23.75
12,09,1979,25.0
12,10,1979,25.0
12,11,1979,26.0
12,12,1979,26.25
12,13,1979,25.75
12,14,1979,25.75
12,15,1979,26.5
12,16,1979,25.25
12,17,1979,26.0
12,18,1979,22.0
12,19,1979,22.5
12,20,1979,21.75
12,21,1979,23.25
12,22,1979,24.5
12,23,1979,25.25
12,24,1979,25.75
12,25,1979,22.5
12,26,1979,23.25
12,27,1979,21.0
12,28,1979,23.25
12,29,1979,23.75
12,30,1979,23.25
12,31,1979,23.5
01,01,1980,21.75
01,02,1980,21.0
01,03,1980,23.25
01,04,1980,19.55
01,05,1980,20.25
01,06,1980,19.0
01,07,1980,21.5
01,08,1980,25.0
01,09,1980,24.75
01,10,1980,24.75
01,11,1980,26.75
01,12,1980,24.5
01,13,1980,24.75
01,14,1980,25.5
01,15,1980,24.75
01,16,1980,26.75
01,17,1980,26.25
01,18,1980,26.0
01,19,1980,25.0
01,20,1980,26.0
01,21,1980,26.0
01,22,1980,26.0
01,23,1980,22.75
01,24,1980,21.0
01,25,1980,21.75
01,26,1980,23.5
01,27,1980,24.5
01,28,1980,25.5
01,29,1980,27.25
01,30,1980,26.5
01,31,1980,26.0
02,01,1980,24.75
02,02,1980,20.75
02,03,1980,22.25
02,04,1980,24.2
02,05,1980,24.5
02,06,1980,22.0
02,07,1980,23.5
02,08,1980,23.0
02,09,1980,25.25
02,10,1980,23.25
02,11,1980,21.5
02,12,1980,23.25
02,13,1980,25.75
02,14,1980,27.25
02,15,1980,26.25
02,16,1980,26.0
02,17,1980,23.25
02,18,1980,23.75
02,19,1980,24.5
02,20,1980,26.0
02,21,1980,26.75
02,22,1980,27.0
02,23,1980,27.5
02,24,1980,27.5
02,25,1980,26.0
02,26,1980,22.25
02,27,1980,20.0
02,28,1980,23.0
02,29,1980,25.25
03,01,1980,28.0
03,02,1980,21.8
03,03,1980,20.0
03,04,1980,21.25
03,05,1980,24.5
03,06,1980,26.75
03,07,1980,26.55
03,08,1980,26.5
03,09,1980,27.0
03,10,1980,27.25
03,11,1980,28.25
03,12,1980,28.75
03,13,1980,28.75
03,14,1980,29.75
03,15,1980,27.25
03,16,1980,27.15
03,17,1980,27.75
03,18,1980,26.75
03,19,1980,27.0
03,20,1980,26.75
03,21,1980,26.75
03,22,1980,28.5
03,23,1980,28.5
03,24,1980,28.5
03,25,1980,28.75
03,26,1980,29.0
03,27,1980,29.0
03,28,1980,30.0
03,29,1980,30.0
03,30,1980,29.0
03,31,1980,30.75
04,01,1980,32.0
04,02,1980,31.25
04,03,1980,31.5
04,04,1980,31.0
04,05,1980,29.75
04,06,1980,30.5
04,07,1980,29.25
04,08,1980,30.5
04,09,1980,26.5
04,10,1980,29.0
04,11,1980,28.9
04,12,1980,30.75
04,13,1980,30.0
04,14,1980,20.75
04,15,1980,24.25
04,16,1980,24.0
04,17,1980,27.0
04,18,1980,26.5
04,19,1980,29.75
04,20,1980,24.75
04,21,1980,23.25
04,22,1980,23.5
04,23,1980,26.25
04,24,1980,28.5
04,25,1980,29.75
04,26,1980,29.75
04,27,1980,25.25
04,28,1980,26.0
04,29,1980,26.0
04,30,1980,29.75
05,01,1980,31.5
05,02,1980,31.75
05,03,1980,31.5
05,04,1980,30.75
05,05,1980,29.0
05,06,1980,30.0
05,07,1980,31.25
05,08,1980,31.5
05,09,1980,32.5
05,10,1980,30.25
05,11,1980,32.5
05,12,1980,31.75
05,13,1980,31.75
05,14,1980,31.5
05,15,1980,32.5
05,16,1980,33.25
05,17,1980,33.5
05,18,1980,31.0
05,19,1980,31.5
05,20,1980,31.5
05,21,1980,29.0
05,22,1980,31.25
05,23,1980,31.25
05,24,1980,30.75
05,25,1980,32.5
05,26,1980,32.0
05,27,1980,31.5
05,28,1980,31.75
05,29,1980,31.0
05,30,1980,32.0
05,31,1980,31.0
06,01,1980,28.75
06,02,1980,29.0
06,03,1980,29.0
06,04,1980,29.25
06,05,1980,29.0
06,06,1980,29.0
06,07,1980,29.5
06,08,1980,27.75
06,09,1980,27.75
06,10,1980,26.25
06,11,1980,28.25
06,12,1980,27.5
06,13,1980,27.75
06,14,1980,28.0
06,15,1980,27.0
06,16,1980,26.5
06,17,1980,29.25
06,18,1980,29.0
06,19,1980,29.75
06,20,1980,30.25
06,21,1980,29.25
06,22,1980,29.25
06,23,1980,27.75
06,24,1980,27.75
06,25,1980,30.0
06,26,1980,27.5
06,27,1980,28.0
06,28,1980,28.5
06,29,1980,28.5
06,30,1980,30.0
07,01,1980,28.25
07,02,1980,28.75
07,03,1980,28.75
07,04,1980,29.25
07,05,1980,28.5
07,06,1980,27.5
07,07,1980,28.5
07,08,1980,27.75
07,09,1980,30.5
07,10,1980,28.5
07,11,1980,28.5
07,12,1980,29.0
07,13,1980,28.5
07,14,1980,28.5
07,15,1980,28.5
07,16,1980,28.25
07,17,1980,29.0
07,18,1980,30.0
07,19,1980,29.25
07,20,1980,29.5
07,21,1980,29.75
07,22,1980,28.75
07,23,1980,28.75
07,24,1980,28.5
07,25,1980,30.0
07,26,1980,28.75
07,27,1980,28.0
07,28,1980,29.0
07,29,1980,27.25
07,30,1980,28.25
07,31,1980,29.0
08,01,1980,27.75
08,02,1980,27.75
08,03,1980,27.5
08,04,1980,28.25
08,05,1980,27.75
08,06,1980,27.75
08,07,1980,28.75
08,08,1980,28.75
08,09,1980,28.5
08,10,1980,27.75
08,11,1980,29.75
08,12,1980,27.5
08,13,1980,27.75
08,14,1980,29.25
08,15,1980,29.5
08,16,1980,29.25
08,17,1980,27.75
08,18,1980,29.0
08,19,1980,28.5
08,20,1980,29.25
08,21,1980,28.5
08,22,1980,28.5
08,23,1980,28.5
08,24,1980,28.5
08,25,1980,27.5
08,26,1980,27.75
08,27,1980,29.0
08,28,1980,29.25
08,29,1980,28.5
08,30,1980,27.5
08,31,1980,28.0
09,01,1980,28.75
09,02,1980,29.25
09,03,1980,29.25
09,04,1980,28.25
09,05,1980,28.5
09,06,1980,28.25
09,07,1980,29.0
09,08,1980,29.25
09,09,1980,28.75
09,10,1980,28.5
09,11,1980,28.0
09,12,1980,28.75
09,13,1980,28.0
09,14,1980,26.75
09,15,1980,26.75
09,16,1980,26.25
09,17,1980,25.4
09,18,1980,28.0
09,19,1980,27.0
09,20,1980,28.25
09,21,1980,28.15
09,22,1980,26.0
09,23,1980,26.0
09,24,1980,27.25
09,25,1980,28.0
09,26,1980,28.5
09,27,1980,29.0
09,28,1980,28.6
09,29,1980,28.25
09,30,1980,27.75
10,01,1980,26.9
10,02,1980,27.0
10,03,1980,27.5
10,04,1980,26.75
10,05,1980,27.75
10,06,1980,27.0
10,07,1980,25.75
10,08,1980,25.5
10,09,1980,25.75
10,10,1980,27.0
10,11,1980,26.0
10,12,1980,26.5
10,13,1980,26.25
10,14,1980,27.0
10,15,1980,27.5
10,16,1980,28.25
10,17,1980,28.65
10,18,1980,28.25
10,19,1980,28.75
10,20,1980,28.5
10,21,1980,28.5
10,22,1980,28.75
10,23,1980,28.25
10,24,1980,28.25
10,25,1980,27.75
10,26,1980,27.75
10,27,1980,27.15
10,28,1980,28.0
10,29,1980,28.75
10,30,1980,25.0
10,31,1980,23.25
11,01,1980,23.75
11,02,1980,24.5
11,03,1980,25.75
11,04,1980,28.0
11,05,1980,25.5
11,06,1980,25.25
11,07,1980,24.25
11,08,1980,23.0
11,09,1980,23.75
11,10,1980,25.5
11,11,1980,25.75
11,12,1980,25.25
11,13,1980,26.75
11,14,1980,25.5
11,15,1980,26.25
11,16,1980,26.75
11,17,1980,26.25
11,18,1980,23.5
11,19,1980,22.25
11,20,1980,22.5
11,21,1980,24.25
11,22,1980,25.5
11,23,1980,26.5
11,24,1980,26.75
11,25,1980,26.0
11,26,1980,25.75
11,27,1980,20.75
11,28,1980,19.75
11,29,1980,20.25
11,30,1980,20.25
12,01,1980,20.0
12,02,1980,24.5
12,03,1980,24.75
12,04,1980,24.0
12,05,1980,23.75
12,06,1980,26.5
12,07,1980,24.5
12,08,1980,25.0
12,09,1980,24.75
12,10,1980,24.75
12,11,1980,22.75
12,12,1980,22.0
12,13,1980,22.75
12,14,1980,21.25
12,15,1980,21.0
12,16,1980,21.0
12,17,1980,22.0
12,18,1980,22.25
12,19,1980,21.0
12,20,1980,21.75
12,21,1980,22.25
12,22,1980,22.0
12,23,1980,22.0
12,24,1980,23.25
12,25,1980,22.5
12,26,1980,21.25
12,27,1980,20.0
12,28,1980,19.5
12,29,1980,22.0
12,30,1980,19.0
12,31,1980,19.0
01,01,1981,21.0
01,02,1981,19.75
01,03,1981,20.75
01,04,1981,21.25
01,05,1981,21.5
01,06,1981,24.0
01,07,1981,20.75
01,08,1981,24.0
01,09,1981,24.25
01,10,1981,25.0
01,11,1981,22.5
01,12,1981,20.0
01,13,1981,20.5
01,14,1981,21.25
01,15,1981,21.5
01,16,1981,21.0
01,17,1981,21.25
01,18,1981,21.0
01,19,1981,22.75
01,20,1981,22.0
01,21,1981,21.0
01,22,1981,23.25
01,23,1981,21.0
01,24,1981,19.5
01,25,1981,20.5
01,26,1981,23.0
01,27,1981,24.5
01,28,1981,24.0
01,29,1981,23.5
01,30,1981,24.5
01,31,1981,24.5
02,01,1981,25.0
02,02,1981,24.5
02,03,1981,17.75
02,04,1981,17.0
02,05,1981,21.25
02,06,1981,23.5
02,07,1981,25.0
02,08,1981,26.0
02,09,1981,25.25
02,10,1981,27.5
02,11,1981,25.75
02,12,1981,21.25
02,13,1981,22.0
02,14,1981,23.5
02,15,1981,23.5
02,16,1981,23.0
02,17,1981,24.25
02,18,1981,26.0
02,19,1981,26.5
02,20,1981,26.0
02,21,1981,25.75
02,22,1981,24.75
02,23,1981,23.0
02,24,1981,23.25
02,25,1981,23.75
02,26,1981,23.75
02,27,1981,23.5
02,28,1981,25.25
03,01,1981,25.5
03,02,1981,26.75
03,03,1981,27.5
03,04,1981,28.75
03,05,1981,28.5
03,06,1981,29.5
03,07,1981,29.75
03,08,1981,26.75
03,09,1981,25.0
03,10,1981,26.75
03,11,1981,26.75
03,12,1981,26.5
03,13,1981,27.5
03,14,1981,28.5
03,15,1981,29.0
03,16,1981,25.5
03,17,1981,24.25
03,18,1981,27.75
03,19,1981,25.75
03,20,1981,23.25
03,21,1981,27.5
03,22,1981,27.0
03,23,1981,25.0
03,24,1981,22.75
03,25,1981,23.5
03,26,1981,23.0
03,27,1981,25.0
03,28,1981,26.5
03,29,1981,28.75
03,30,1981,29.75
03,31,1981,30.0
04,01,1981,28.75
04,02,1981,28.5
04,03,1981,28.75
04,04,1981,29.0
04,05,1981,29.0
04,06,1981,28.5
04,07,1981,28.0
04,08,1981,27.75
04,09,1981,27.75
04,10,1981,27.5
04,11,1981,28.5
04,12,1981,29.25
04,13,1981,28.75
04,14,1981,27.5
04,15,1981,29.25
04,16,1981,28.25
04,17,1981,28.5
04,18,1981,28.25
04,19,1981,29.75
04,20,1981,29.0
04,21,1981,30.75
04,22,1981,29.5
04,23,1981,31.25
04,24,1981,31.0
04,25,1981,32.5
04,26,1981,27.5
04,27,1981,30.25
04,28,1981,30.25
04,29,1981,29.25
04,30,1981,30.25
05,01,1981,30.5
05,02,1981,31.25
05,03,1981,31.0
05,04,1981,30.5
05,05,1981,30.25
05,06,1981,29.75
05,07,1981,29.0
05,08,1981,28.75
05,09,1981,30.25
05,10,1981,30.0
05,11,1981,29.25
05,12,1981,30.75
05,13,1981,30.75
05,14,1981,30.75
05,15,1981,30.25
05,16,1981,26.0
05,17,1981,29.75
05,18,1981,31.75
05,19,1981,31.5
05,20,1981,31.0
05,21,1981,28.75
05,22,1981,30.75
05,23,1981,31.75
05,24,1981,31.5
05,25,1981,32.5
05,26,1981,29.0
05,27,1981,31.75
05,28,1981,30.5
05,29,1981,30.75
05,30,1981,29.5
05,31,1981,28.5
06,01,1981,29.0
06,02,1981,29.25
06,03,1981,29.25
06,04,1981,29.75
06,05,1981,29.05
06,06,1981,28.75
06,07,1981,29.0
06,08,1981,29.0
06,09,1981,28.5
06,10,1981,29.0
06,11,1981,30.0
06,12,1981,28.75
06,13,1981,29.15
06,14,1981,27.5
06,15,1981,28.5
06,16,1981,31.25
06,17,1981,27.5
06,18,1981,29.25
06,19,1981,28.75
06,20,1981,29.5
06,21,1981,28.25
06,22,1981,29.0
06,23,1981,26.75
06,24,1981,27.5
06,25,1981,28.5
06,26,1981,28.25
06,27,1981,27.5
06,28,1981,27.0
06,29,1981,27.25
06,30,1981,28.5
07,01,1981,29.75
07,02,1981,27.25
07,03,1981,28.5
07,04,1981,28.75
07,05,1981,28.5
07,06,1981,27.75
07,07,1981,27.75
07,08,1981,28.25
07,09,1981,28.0
07,10,1981,27.25
07,11,1981,27.75
07,12,1981,27.25
07,13,1981,27.0
07,14,1981,28.25
07,15,1981,28.5
07,16,1981,28.75
07,17,1981,29.5
07,18,1981,29.5
07,19,1981,28.75
07,20,1981,28.75
07,21,1981,29.5
07,22,1981,28.5
07,23,1981,28.5
07,24,1981,29.25
07,25,1981,27.5
07,26,1981,28.25
07,27,1981,27.25
07,28,1981,29.0
07,29,1981,28.25
07,30,1981,27.5
07,31,1981,28.0
08,01,1981,26.75
08,02,1981,27.25
08,03,1981,28.5
08,04,1981,28.5
08,05,1981,28.0
08,06,1981,28.0
08,07,1981,27.75
08,08,1981,28.75
08,09,1981,28.25
08,10,1981,28.25
08,11,1981,28.2
08,12,1981,27.25
08,13,1981,27.5
08,14,1981,29.0
08,15,1981,28.0
08,16,1981,28.5
08,17,1981,30.0
08,18,1981,29.5
08,19,1981,28.75
08,20,1981,28.0
08,21,1981,28.0
08,22,1981,27.0
08,23,1981,26.75
08,24,1981,26.5
08,25,1981,29.0
08,26,1981,27.5
08,27,1981,28.25
08,28,1981,28.5
08,29,1981,29.0
08,30,1981,29.5
08,31,1981,28.75
09,01,1981,29.5
09,02,1981,28.25
09,03,1981,28.25
09,04,1981,28.5
09,05,1981,29.0
09,06,1981,29.0
09,07,1981,29.0
09,08,1981,28.5
09,09,1981,29.5
09,10,1981,28.75
09,11,1981,28.75
09,12,1981,28.25
09,13,1981,27.5
09,14,1981,28.0
09,15,1981,28.5
09,16,1981,27.25
09,17,1981,28.75
09,18,1981,27.75
09,19,1981,27.0
09,20,1981,26.75
09,21,1981,28.75
09,22,1981,29.25
09,23,1981,28.5
09,24,1981,27.75
09,25,1981,27.0
09,26,1981,26.25
09,27,1981,27.75
09,28,1981,28.25
09,29,1981,28.0
09,30,1981,29.0
10,01,1981,29.0
10,02,1981,28.0
10,03,1981,27.25
10,04,1981,28.75
10,05,1981,28.75
10,06,1981,28.5
10,07,1981,28.75
10,08,1981,29.0
10,09,1981,29.0
10,10,1981,28.5
10,11,1981,28.5
10,12,1981,28.25
10,13,1981,28.0
10,14,1981,27.75
10,15,1981,27.75
10,16,1981,28.75
10,17,1981,28.0
10,18,1981,28.75
10,19,1981,27.25
10,20,1981,27.0
10,21,1981,28.0
10,22,1981,27.25
10,23,1981,25.25
10,24,1981,27.25
10,25,1981,27.5
10,26,1981,27.5
10,27,1981,25.75
10,28,1981,24.5
10,29,1981,24.0
10,30,1981,25.0
10,31,1981,27.25
11,01,1981,26.25
11,02,1981,25.5
11,03,1981,24.5
11,04,1981,25.25
11,05,1981,26.75
11,06,1981,26.0
11,07,1981,25.0
11,08,1981,24.25
11,09,1981,24.5
11,10,1981,23.75
11,11,1981,21.5
11,12,1981,23.0
11,13,1981,23.75
11,14,1981,23.25
11,15,1981,23.0
11,16,1981,22.75
11,17,1981,22.75
11,18,1981,23.0
11,19,1981,24.25
11,20,1981,25.25
11,21,1981,24.75
11,22,1981,23.5
11,23,1981,24.25
11,24,1981,23.75
11,25,1981,23.25
11,26,1981,24.75
11,27,1981,26.5
11,28,1981,26.5
11,29,1981,26.25
11,30,1981,25.5
12,01,1981,26.5
12,02,1981,26.5
12,03,1981,25.75
12,04,1981,26.0
12,05,1981,21.75
12,06,1981,21.5
12,07,1981,22.75
12,08,1981,22.25
12,09,1981,22.5
12,10,1981,23.0
12,11,1981,23.25
12,12,1981,23.25
12,13,1981,23.25
12,14,1981,22.75
12,15,1981,23.75
12,16,1981,22.0
12,17,1981,24.5
12,18,1981,25.25
12,19,1981,21.5
12,20,1981,19.0
12,21,1981,20.75
12,22,1981,23.5
12,23,1981,25.0
12,24,1981,25.0
12,25,1981,24.0
12,26,1981,26.25
12,27,1981,24.75
12,28,1981,24.5
12,29,1981,26.0
12,30,1981,25.5
12,31,1981,25.5
01,01,1982,25.75
01,02,1982,26.0
01,03,1982,25.25
01,04,1982,26.25
01,05,1982,24.0
01,06,1982,24.75
01,07,1982,25.0
01,08,1982,24.75
01,09,1982,24.25
01,10,1982,21.75
01,11,1982,23.0
01,12,1982,23.5
01,13,1982,25.0
01,14,1982,22.0
01,15,1982,18.75
01,16,1982,21.5
01,17,1982,23.75
01,18,1982,25.5
01,19,1982,25.0
01,20,1982,24.5
01,21,1982,25.0
01,22,1982,24.5
01,23,1982,25.5
01,24,1982,25.0
01,25,1982,25.0
01,26,1982,25.0
01,27,1982,25.0
01,28,1982,25.0
01,29,1982,25.75
01,30,1982,25.0
01,31,1982,25.25
02,01,1982,21.5
02,02,1982,25.0
02,03,1982,24.5
02,04,1982,25.75
02,05,1982,25.5
02,06,1982,25.0
02,07,1982,24.5
02,08,1982,25.75
02,09,1982,26.0
02,10,1982,25.25
02,11,1982,26.0
02,12,1982,25.5
02,13,1982,25.25
02,14,1982,25.5
02,15,1982,25.5
02,16,1982,27.0
02,17,1982,26.0
02,18,1982,27.0
02,19,1982,26.65
02,20,1982,26.5
02,21,1982,26.75
02,22,1982,26.5
02,23,1982,25.0
02,24,1982,25.5
02,25,1982,24.5
02,26,1982,25.0
02,27,1982,23.5
02,28,1982,24.0
03,01,1982,20.75
03,02,1982,21.5
03,03,1982,22.75
03,04,1982,26.5
03,05,1982,27.5
03,06,1982,27.75
03,07,1982,23.05
03,08,1982,20.25
03,09,1982,22.25
03,10,1982,23.75
03,11,1982,26.25
03,12,1982,25.25
03,13,1982,25.5
03,14,1982,26.5
03,15,1982,26.5
03,16,1982,27.25
03,17,1982,27.25
03,18,1982,27.0
03,19,1982,26.5
03,20,1982,26.5
03,21,1982,27.0
03,22,1982,27.25
03,23,1982,27.0
03,24,1982,28.5
03,25,1982,29.25
03,26,1982,28.0
03,27,1982,27.5
03,28,1982,28.25
03,29,1982,28.0
03,30,1982,27.25
03,31,1982,26.75
04,01,1982,28.0
04,02,1982,27.9
04,03,1982,25.0
04,04,1982,28.5
04,05,1982,29.75
04,06,1982,30.75
04,07,1982,30.25
04,08,1982,28.5
04,09,1982,29.5
04,10,1982,30.5
04,11,1982,28.5
04,12,1982,27.75
04,13,1982,27.25
04,14,1982,29.0
04,15,1982,29.25
04,16,1982,30.25
04,17,1982,30.0
04,18,1982,29.0
04,19,1982,28.25
04,20,1982,28.5
04,21,1982,29.75
04,22,1982,29.0
04,23,1982,24.9
04,24,1982,27.0
04,25,1982,28.75
04,26,1982,29.25
04,27,1982,30.0
04,28,1982,31.0
04,29,1982,29.75
04,30,1982,30.0
05,01,1982,28.0
05,02,1982,29.25
05,03,1982,27.75
05,04,1982,28.25
05,05,1982,28.75
05,06,1982,29.5
05,07,1982,29.75
05,08,1982,29.5
05,09,1982,30.0
05,10,1982,30.5
05,11,1982,31.0
05,12,1982,30.75
05,13,1982,30.0
05,14,1982,30.0
05,15,1982,31.0
05,16,1982,30.75
05,17,1982,31.0
05,18,1982,31.5
05,19,1982,29.5
05,20,1982,29.25
05,21,1982,29.75
05,22,1982,27.25
05,23,1982,28.0
05,24,1982,29.5
05,25,1982,30.25
05,26,1982,31.0
05,27,1982,30.5
05,28,1982,30.9
05,29,1982,26.95
05,30,1982,29.75
05,31,1982,27.25
06,01,1982,28.0
06,02,1982,28.5
06,03,1982,30.0
06,04,1982,29.5
06,05,1982,29.0
06,06,1982,30.0
06,07,1982,28.75
06,08,1982,28.75
06,09,1982,28.75
06,10,1982,29.0
06,11,1982,28.0
06,12,1982,27.75
06,13,1982,27.25
06,14,1982,27.25
06,15,1982,27.4
06,16,1982,27.5
06,17,1982,28.25
06,18,1982,29.5
06,19,1982,29.5
06,20,1982,27.5
06,21,1982,28.5
06,22,1982,29.25
06,23,1982,28.75
06,24,1982,28.25
06,25,1982,28.5
06,26,1982,28.5
06,27,1982,28.5
06,28,1982,27.75
06,29,1982,28.0
06,30,1982,28.25
07,01,1982,28.25
07,02,1982,27.5
07,03,1982,29.0
07,04,1982,25.75
07,05,1982,26.25
07,06,1982,26.25
07,07,1982,27.5
07,08,1982,28.0
07,09,1982,29.0
07,10,1982,27.75
07,11,1982,27.75
07,12,1982,28.25
07,13,1982,28.0
07,14,1982,26.5
07,15,1982,26.5
07,16,1982,28.75
07,17,1982,26.75
07,18,1982,28.0
07,19,1982,28.5
07,20,1982,28.25
07,21,1982,26.5
07,22,1982,26.5
07,23,1982,26.5
07,24,1982,27.0
07,25,1982,26.25
07,26,1982,26.0
07,27,1982,26.75
07,28,1982,27.75
07,29,1982,27.0
07,30,1982,27.25
07,31,1982,27.0
08,01,1982,26.75
08,02,1982,27.25
08,03,1982,27.75
08,04,1982,28.5
08,05,1982,27.25
08,06,1982,27.25
08,07,1982,27.5
08,08,1982,28.0
08,09,1982,28.0
08,10,1982,28.5
08,11,1982,27.5
08,12,1982,25.75
08,13,1982,27.25
08,14,1982,27.4
08,15,1982,27.75
08,16,1982,28.25
08,17,1982,28.25
08,18,1982,28.5
08,19,1982,26.75
08,20,1982,28.0
08,21,1982,27.5
08,22,1982,27.75
08,23,1982,26.25
08,24,1982,27.5
08,25,1982,27.75
08,26,1982,27.5
08,27,1982,26.5
08,28,1982,26.25
08,29,1982,25.25
08,30,1982,26.75
08,31,1982,27.0
09,01,1982,26.5
09,02,1982,27.0
09,03,1982,27.75
09,04,1982,27.75
09,05,1982,28.25
09,06,1982,28.25
09,07,1982,27.5
09,08,1982,27.25
09,09,1982,27.75
09,10,1982,27.0
09,11,1982,28.5
09,12,1982,28.25
09,13,1982,28.0
09,14,1982,28.25
09,15,1982,26.75
09,16,1982,27.5
09,17,1982,26.75
09,18,1982,26.0
09,19,1982,26.75
09,20,1982,27.5
09,21,1982,26.0
09,22,1982,26.75
09,23,1982,25.5
09,24,1982,25.75
09,25,1982,25.25
09,26,1982,26.0
09,27,1982,26.5
09,28,1982,28.0
09,29,1982,26.75
09,30,1982,26.5
10,01,1982,26.5
10,02,1982,28.75
10,03,1982,27.0
10,04,1982,25.75
10,05,1982,27.25
10,06,1982,28.0
10,07,1982,27.75
10,08,1982,27.5
10,09,1982,26.5
10,10,1982,28.4
10,11,1982,28.75
10,12,1982,28.0
10,13,1982,28.75
10,14,1982,28.0
10,15,1982,27.0
10,16,1982,25.75
10,17,1982,24.25
10,18,1982,25.25
10,19,1982,25.5
10,20,1982,26.25
10,21,1982,25.25
10,22,1982,26.25
10,23,1982,24.75
10,24,1982,24.25
10,25,1982,23.75
10,26,1982,24.25
10,27,1982,25.0
10,28,1982,26.5
10,29,1982,26.25
10,30,1982,26.75
10,31,1982,25.5
11,01,1982,25.75
11,02,1982,25.75
11,03,1982,29.0
11,04,1982,27.75
11,05,1982,29.25
11,06,1982,27.75
11,07,1982,26.5
11,08,1982,22.0
11,09,1982,23.75
11,10,1982,24.0
11,11,1982,25.0
11,12,1982,25.75
11,13,1982,25.25
11,14,1982,24.75
11,15,1982,24.25
11,16,1982,24.25
11,17,1982,24.5
11,18,1982,26.25
11,19,1982,25.5
11,20,1982,26.0
11,21,1982,25.75
11,22,1982,25.25
11,23,1982,25.75
11,24,1982,26.0
11,25,1982,25.0
11,26,1982,25.5
11,27,1982,25.5
11,28,1982,25.75
11,29,1982,25.25
11,30,1982,25.5
12,01,1982,24.75
12,02,1982,26.0
12,03,1982,27.0
12,04,1982,25.25
12,05,1982,25.75
12,06,1982,24.75
12,07,1982,25.25
12,08,1982,25.25
12,09,1982,24.0
12,10,1982,24.5
12,11,1982,24.5
12,12,1982,24.75
12,13,1982,21.5
12,14,1982,21.5
12,15,1982,23.5
12,16,1982,27.5
12,17,1982,20.0
12,18,1982,19.0
12,19,1982,19.25
12,20,1982,20.25
12,21,1982,20.0
12,22,1982,22.0
12,23,1982,24.0
12,24,1982,25.5
12,25,1982,25.5
12,26,1982,24.75
12,27,1982,25.75
12,28,1982,24.25
12,29,1982,25.0
12,30,1982,24.0
12,31,1982,23.25
01,01,1983,24.25
01,02,1983,23.75
01,03,1983,19.8
01,04,1983,19.0
01,05,1983,20.5
01,06,1983,20.5
01,07,1983,22.0
01,08,1983,24.5
01,09,1983,22.75
01,10,1983,24.75
01,11,1983,22.5
01,12,1983,21.0
01,13,1983,19.75
01,14,1983,18.0
01,15,1983,19.75
01,16,1983,18.75
01,17,1983,20.75
01,18,1983,22.0
01,19,1983,22.0
01,20,1983,23.5
01,21,1983,25.75
01,22,1983,24.5
01,23,1983,22.5
01,24,1983,23.0
01,25,1983,21.5
01,26,1983,22.0
01,27,1983,20.25
01,28,1983,22.25
01,29,1983,24.25
01,30,1983,25.25
01,31,1983,25.75
02,01,1983,26.0
02,02,1983,24.5
02,03,1983,23.5
02,04,1983,25.0
02,05,1983,25.75
02,06,1983,25.0
02,07,1983,23.5
02,08,1983,24.0
02,09,1983,25.0
02,10,1983,25.75
02,11,1983,26.0
02,12,1983,23.5
02,13,1983,21.75
02,14,1983,20.75
02,15,1983,23.5
02,16,1983,20.5
02,17,1983,18.5
02,18,1983,17.5
02,19,1983,18.0
02,20,1983,21.5
02,21,1983,23.25
02,22,1983,23.0
02,23,1983,21.0
02,24,1983,23.75
02,25,1983,23.75
02,26,1983,20.5
02,27,1983,22.5
02,28,1983,21.5
03,01,1983,23.0
03,02,1983,23.75
03,03,1983,23.25
03,04,1983,26.5
03,05,1983,28.5
03,06,1983,29.25
03,07,1983,27.5
03,08,1983,27.0
03,09,1983,26.25
03,10,1983,22.75
03,11,1983,22.5
03,12,1983,21.5
03,13,1983,19.75
03,14,1983,22.0
03,15,1983,24.65
03,16,1983,25.25
03,17,1983,23.25
03,18,1983,23.5
03,19,1983,26.25
03,20,1983,27.5
03,21,1983,24.75
03,22,1983,24.75
03,23,1983,27.5
03,24,1983,26.25
03,25,1983,26.75
03,26,1983,28.25
03,27,1983,27.75
03,28,1983,25.75
03,29,1983,27.75
03,30,1983,28.25
03,31,1983,21.9
04,01,1983,29.5
04,02,1983,27.5
04,03,1983,26.25
04,04,1983,29.5
04,05,1983,31.25
04,06,1983,30.75
04,07,1983,30.5
04,08,1983,31.5
04,09,1983,28.15
04,10,1983,25.25
04,11,1983,27.0
04,12,1983,28.75
04,13,1983,30.25
04,14,1983,30.15
04,15,1983,26.25
04,16,1983,24.75
04,17,1983,24.5
04,18,1983,25.25
04,19,1983,28.0
04,20,1983,28.75
04,21,1983,30.0
04,22,1983,32.25
04,23,1983,30.0
04,24,1983,27.75
04,25,1983,25.75
04,26,1983,28.75
04,27,1983,28.75
04,28,1983,29.75
04,29,1983,29.25
04,30,1983,29.25
05,01,1983,30.0
05,02,1983,30.25
05,03,1983,30.75
05,04,1983,30.75
05,05,1983,29.25
05,06,1983,31.25
05,07,1983,30.75
05,08,1983,31.0
05,09,1983,30.75
05,10,1983,30.0
05,11,1983,31.25
05,12,1983,31.5
05,13,1983,31.5
05,14,1983,31.25
05,15,1983,31.5
05,16,1983,31.75
05,17,1983,32.0
05,18,1983,31.25
05,19,1983,32.5
05,20,1983,32.0
05,21,1983,31.75
05,22,1983,32.0
05,23,1983,31.25
05,24,1983,32.0
05,25,1983,32.0
05,26,1983,32.0
05,27,1983,33.0
05,28,1983,32.5
05,29,1983,31.25
05,30,1983,29.0
05,31,1983,32.5
06,01,1983,32.0
06,02,1983,31.25
06,03,1983,31.25
06,04,1983,33.0
06,05,1983,31.75
06,06,1983,33.75
06,07,1983,33.0
06,08,1983,30.75
06,09,1983,29.75
06,10,1983,30.0
06,11,1983,29.0
06,12,1983,30.25
06,13,1983,28.25
06,14,1983,30.25
06,15,1983,28.25
06,16,1983,29.0
06,17,1983,30.5
06,18,1983,31.0
06,19,1983,30.75
06,20,1983,29.5
06,21,1983,31.0
06,22,1983,28.0
06,23,1983,29.5
06,24,1983,30.25
06,25,1983,29.5
06,26,1983,30.5
06,27,1983,30.5
06,28,1983,30.5
06,29,1983,30.5
06,30,1983,30.25
07,01,1983,28.75
07,02,1983,29.5
07,03,1983,29.25
07,04,1983,29.5
07,05,1983,29.75
07,06,1983,28.75
07,07,1983,28.75
07,08,1983,27.5
07,09,1983,25.0
07,10,1983,27.0
07,11,1983,28.5
07,12,1983,28.0
07,13,1983,28.5
07,14,1983,28.5
07,15,1983,28.5
07,16,1983,29.0
07,17,1983,29.5
07,18,1983,27.25
07,19,1983,29.25
07,20,1983,27.25
07,21,1983,27.0
07,22,1983,26.0
07,23,1983,26.0
07,24,1983,28.0
07,25,1983,29.5
07,26,1983,27.25
07,27,1983,28.0
07,28,1983,29.0
07,29,1983,27.5
07,30,1983,27.75
07,31,1983,27.75
08,01,1983,27.75
08,02,1983,28.5
08,03,1983,29.0
08,04,1983,28.25
08,05,1983,28.5
08,06,1983,28.5
08,07,1983,27.75
08,08,1983,28.0
08,09,1983,27.5
08,10,1983,26.5
08,11,1983,28.75
08,12,1983,28.5
08,13,1983,29.5
08,14,1983,29.5
08,15,1983,29.5
08,16,1983,29.5
08,17,1983,29.5
08,18,1983,30.0
08,19,1983,29.25
08,20,1983,30.25
08,21,1983,28.0
08,22,1983,27.5
08,23,1983,28.0
08,24,1983,28.25
08,25,1983,28.5
08,26,1983,26.75
08,27,1983,28.25
08,28,1983,28.75
08,29,1983,27.0
08,30,1983,27.75
08,31,1983,27.5
09,01,1983,27.75
09,02,1983,28.0
09,03,1983,27.25
09,04,1983,28.0
09,05,1983,27.75
09,06,1983,28.0
09,07,1983,28.0
09,08,1983,29.0
09,09,1983,28.5
09,10,1983,28.0
09,11,1983,28.5
09,12,1983,28.5
09,13,1983,28.75
09,14,1983,29.0
09,15,1983,29.5
09,16,1983,28.75
09,17,1983,28.75
09,18,1983,28.75
09,19,1983,28.75
09,20,1983,28.75
09,21,1983,28.75
09,22,1983,28.25
09,23,1983,28.25
09,24,1983,28.5
09,25,1983,26.75
09,26,1983,27.0
09,27,1983,27.0
09,28,1983,26.5
09,29,1983,27.25
09,30,1983,25.75
10,01,1983,26.0
10,02,1983,27.25
10,03,1983,27.5
10,04,1983,27.0
10,05,1983,26.75
10,06,1983,27.25
10,07,1983,27.0
10,08,1983,27.5
10,09,1983,27.5
10,10,1983,27.0
10,11,1983,26.0
10,12,1983,27.25
10,13,1983,25.75
10,14,1983,24.25
10,15,1983,25.0
10,16,1983,28.25
10,17,1983,27.75
10,18,1983,28.25
10,19,1983,28.25
10,20,1983,28.0
10,21,1983,28.25
10,22,1983,27.5
10,23,1983,26.75
10,24,1983,26.75
10,25,1983,26.25
10,26,1983,22.75
10,27,1983,24.25
10,28,1983,23.25
10,29,1983,22.25
10,30,1983,24.5
10,31,1983,24.5
11,01,1983,26.5
11,02,1983,25.5
11,03,1983,25.5
11,04,1983,26.5
11,05,1983,25.5
11,06,1983,25.5
11,07,1983,27.0
11,08,1983,27.0
11,09,1983,27.0
11,10,1983,23.75
11,11,1983,27.25
11,12,1983,25.0
11,13,1983,25.0
11,14,1983,25.75
11,15,1983,27.0
11,16,1983,27.75
11,17,1983,27.75
11,18,1983,25.5
11,19,1983,26.5
11,20,1983,27.0
11,21,1983,27.5
11,22,1983,27.5
11,23,1983,28.0
11,24,1983,26.0
11,25,1983,24.5
11,26,1983,25.5
11,27,1983,26.0
11,28,1983,25.75
11,29,1983,25.5
11,30,1983,26.75
12,01,1983,26.5
12,02,1983,25.0
12,03,1983,26.25
12,04,1983,26.5
12,05,1983,26.25
12,06,1983,27.25
12,07,1983,26.25
12,08,1983,26.0
12,09,1983,25.25
12,10,1983,25.5
12,11,1983,25.75
12,12,1983,25.25
12,13,1983,24.75
12,14,1983,24.0
12,15,1983,25.0
12,16,1983,26.25
12,17,1983,24.25
12,18,1983,24.25
12,19,1983,24.75
12,20,1983,24.0
12,21,1983,25.5
12,22,1983,25.5
12,23,1983,26.0
12,24,1983,25.5
12,25,1983,20.75
12,26,1983,20.5
12,27,1983,22.5
12,28,1983,25.0
12,29,1983,21.75
12,30,1983,null
12,31,1983,16.5
01,01,1984,17.75
01,02,1984,17.75
01,03,1984,20.0
01,04,1984,20.5
01,05,1984,20.75
01,06,1984,21.0
01,07,1984,21.5
01,08,1984,22.25
01,09,1984,22.0
01,10,1984,22.5
01,11,1984,20.25
01,12,1984,20.75
01,13,1984,22.15
01,14,1984,22.4
01,15,1984,22.25
01,16,1984,22.0
01,17,1984,24.25
01,18,1984,24.75
01,19,1984,22.5
01,20,1984,21.0
01,21,1984,20.5
01,22,1984,19.0
01,23,1984,22.0
01,24,1984,23.5
01,25,1984,24.75
01,26,1984,22.5
01,27,1984,22.75
01,28,1984,22.5
01,29,1984,25.0
01,30,1984,24.25
01,31,1984,24.5
02,01,1984,24.25
02,02,1984,23.0
02,03,1984,20.75
02,04,1984,23.75
02,05,1984,21.25
02,06,1984,18.75
02,07,1984,20.5
02,08,1984,22.0
02,09,1984,23.0
02,10,1984,23.75
02,11,1984,24.0
02,12,1984,25.75
02,13,1984,24.0
02,14,1984,26.0
02,15,1984,26.25
02,16,1984,25.75
02,17,1984,24.25
02,18,1984,26.0
02,19,1984,26.5
02,20,1984,26.75
02,21,1984,21.5
02,22,1984,20.25
02,23,1984,22.25
02,24,1984,25.0
02,25,1984,24.5
02,26,1984,27.0
02,27,1984,24.75
02,28,1984,19.75
02,29,1984,18.0
03,01,1984,19.25
03,02,1984,22.75
03,03,1984,23.25
03,04,1984,25.5
03,05,1984,27.5
03,06,1984,24.25
03,07,1984,20.5
03,08,1984,22.5
03,09,1984,25.25
03,10,1984,25.25
03,11,1984,26.75
03,12,1984,27.0
03,13,1984,27.0
03,14,1984,27.0
03,15,1984,27.5
03,16,1984,27.25
03,17,1984,28.25
03,18,1984,28.25
03,19,1984,28.75
03,20,1984,25.75
03,21,1984,23.5
03,22,1984,25.5
03,23,1984,28.75
03,24,1984,30.0
03,25,1984,27.0
03,26,1984,29.75
03,27,1984,31.0
03,28,1984,30.5
03,29,1984,24.25
03,30,1984,26.0
03,31,1984,27.75
04,01,1984,27.75
04,02,1984,29.0
04,03,1984,29.75
04,04,1984,29.0
04,05,1984,27.75
04,06,1984,25.5
04,07,1984,27.75
04,08,1984,28.0
04,09,1984,28.0
04,10,1984,30.0
04,11,1984,31.0
04,12,1984,31.5
04,13,1984,30.0
04,14,1984,30.25
04,15,1984,26.5
04,16,1984,23.5
04,17,1984,25.75
04,18,1984,26.5
04,19,1984,26.75
04,20,1984,28.75
04,21,1984,28.5
04,22,1984,29.0
04,23,1984,28.25
04,24,1984,28.25
04,25,1984,30.0
04,26,1984,30.75
04,27,1984,31.5
04,28,1984,31.0
04,29,1984,31.25
04,30,1984,30.5
05,01,1984,null
05,02,1984,null
05,03,1984,null
05,04,1984,null
05,05,1984,null
05,06,1984,null
05,07,1984,null
05,08,1984,null
05,09,1984,null
05,10,1984,null
05,11,1984,null
05,12,1984,null
05,13,1984,null
05,14,1984,null
05,15,1984,null
05,16,1984,null
05,17,1984,null
05,18,1984,null
05,19,1984,null
05,20,1984,null
05,21,1984,null
05,22,1984,null
05,23,1984,null
05,24,1984,null
05,25,1984,null
05,26,1984,null
05,27,1984,null
05,28,1984,null
05,29,1984,null
05,30,1984,null
05,31,1984,null
06,01,1984,27.0
06,02,1984,26.25
06,03,1984,27.75
06,04,1984,28.75
06,05,1984,27.5
06,06,1984,28.5
06,07,1984,30.0
06,08,1984,29.0
06,09,1984,28.25
06,10,1984,27.0
06,11,1984,27.25
06,12,1984,27.0
06,13,1984,26.25
06,14,1984,26.25
06,15,1984,26.75
06,16,1984,26.75
06,17,1984,26.25
06,18,1984,25.5
06,19,1984,27.25
06,20,1984,27.75
06,21,1984,26.5
06,22,1984,27.0
06,23,1984,27.25
06,24,1984,27.0
06,25,1984,28.5
06,26,1984,27.75
06,27,1984,28.5
06,28,1984,29.5
06,29,1984,29.0
06,30,1984,29.0
07,01,1984,29.25
07,02,1984,29.0
07,03,1984,28.75
07,04,1984,28.0
07,05,1984,27.75
07,06,1984,28.1
07,07,1984,26.5
07,08,1984,26.75
07,09,1984,26.0
07,10,1984,26.75
07,11,1984,25.5
07,12,1984,26.0
07,13,1984,26.0
07,14,1984,28.0
07,15,1984,27.25
07,16,1984,27.0
07,17,1984,28.0
07,18,1984,27.25
07,19,1984,27.75
07,20,1984,27.0
07,21,1984,27.25
07,22,1984,27.25
07,23,1984,26.75
07,24,1984,27.5
07,25,1984,26.75
07,26,1984,26.75
07,27,1984,26.75
07,28,1984,27.75
07,29,1984,27.0
07,30,1984,26.25
07,31,1984,27.0
08,01,1984,28.75
08,02,1984,29.25
08,03,1984,28.5
08,04,1984,27.75
08,05,1984,27.0
08,06,1984,26.75
08,07,1984,27.7
08,08,1984,27.5
08,09,1984,26.5
08,10,1984,27.25
08,11,1984,28.0
08,12,1984,28.0
08,13,1984,28.0
08,14,1984,26.5
08,15,1984,28.25
08,16,1984,27.5
08,17,1984,27.25
08,18,1984,28.25
08,19,1984,27.5
08,20,1984,27.5
08,21,1984,27.75
08,22,1984,28.0
08,23,1984,28.0
08,24,1984,27.0
08,25,1984,26.25
08,26,1984,26.75
08,27,1984,27.25
08,28,1984,26.75
08,29,1984,27.75
08,30,1984,26.25
08,31,1984,26.5
09,01,1984,26.75
09,02,1984,26.25
09,03,1984,27.5
09,04,1984,28.0
09,05,1984,26.0
09,06,1984,26.0
09,07,1984,27.75
09,08,1984,27.0
09,09,1984,25.75
09,10,1984,26.25
09,11,1984,27.0
09,12,1984,27.0
09,13,1984,27.0
09,14,1984,25.25
09,15,1984,26.25
09,16,1984,27.0
09,17,1984,26.5
09,18,1984,26.75
09,19,1984,26.25
09,20,1984,25.25
09,21,1984,27.25
09,22,1984,28.25
09,23,1984,28.75
09,24,1984,28.5
09,25,1984,28.0
09,26,1984,27.5
09,27,1984,27.0
09,28,1984,27.0
09,29,1984,26.75
09,30,1984,26.75
10,01,1984,25.75
10,02,1984,26.75
10,03,1984,27.0
10,04,1984,26.75
10,05,1984,27.75
10,06,1984,27.75
10,07,1984,27.0
10,08,1984,27.0
10,09,1984,26.75
10,10,1984,27.0
10,11,1984,28.0
10,12,1984,27.0
10,13,1984,27.25
10,14,1984,26.75
10,15,1984,27.25
10,16,1984,28.5
10,17,1984,29.0
10,18,1984,28.5
10,19,1984,27.25
10,20,1984,27.5
10,21,1984,27.75
10,22,1984,28.0
10,23,1984,28.25
10,24,1984,27.5
10,25,1984,26.75
10,26,1984,26.5
10,27,1984,26.5
10,28,1984,26.25
10,29,1984,26.5
10,30,1984,26.25
10,31,1984,26.25
11,01,1984,26.0
11,02,1984,27.0
11,03,1984,28.25
11,04,1984,26.0
11,05,1984,26.5
11,06,1984,26.5
11,07,1984,25.5
11,08,1984,25.5
11,09,1984,24.75
11,10,1984,24.25
11,11,1984,24.5
11,12,1984,23.75
11,13,1984,22.0
11,14,1984,23.0
11,15,1984,24.25
11,16,1984,23.5
11,17,1984,24.75
11,18,1984,26.75
11,19,1984,25.25
11,20,1984,26.25
11,21,1984,24.0
11,22,1984,22.5
11,23,1984,21.0
11,24,1984,18.0
11,25,1984,21.25
11,26,1984,22.25
11,27,1984,23.75
11,28,1984,24.0
11,29,1984,24.0
11,30,1984,24.25
12,01,1984,25.75
12,02,1984,24.5
12,03,1984,24.75
12,04,1984,24.75
12,05,1984,24.75
12,06,1984,25.25
12,07,1984,27.0
12,08,1984,22.0
12,09,1984,21.75
12,10,1984,20.75
12,11,1984,22.25
12,12,1984,22.75
12,13,1984,24.0
12,14,1984,24.25
12,15,1984,23.75
12,16,1984,24.75
12,17,1984,23.0
12,18,1984,24.25
12,19,1984,23.5
12,20,1984,24.0
12,21,1984,24.5
12,22,1984,24.25
12,23,1984,23.75
12,24,1984,25.5
12,25,1984,24.25
12,26,1984,23.0
12,27,1984,23.75
12,28,1984,24.5
12,29,1984,23.25
12,30,1984,24.25
12,31,1984,23.5
01,01,1985,23.5
01,02,1985,24.75
01,03,1985,22.0
01,04,1985,16.75
01,05,1985,16.25
01,06,1985,19.5
01,07,1985,18.75
01,08,1985,19.5
01,09,1985,21.0
01,10,1985,21.75
01,11,1985,23.75
01,12,1985,24.5
01,13,1985,23.25
01,14,1985,24.25
01,15,1985,24.15
01,16,1985,23.0
01,17,1985,23.5
01,18,1985,24.0
01,19,1985,24.25
01,20,1985,24.25
01,21,1985,21.5
01,22,1985,23.5
01,23,1985,22.75
01,24,1985,22.5
01,25,1985,23.0
01,26,1985,22.5
01,27,1985,24.0
01,28,1985,23.5
01,29,1985,24.25
01,30,1985,25.0
01,31,1985,24.5
02,01,1985,25.25
02,02,1985,26.5
02,03,1985,25.5
02,04,1985,25.25
02,05,1985,25.25
02,06,1985,26.0
02,07,1985,25.5
02,08,1985,25.4
02,09,1985,25.5
02,10,1985,25.0
02,11,1985,25.5
02,12,1985,25.0
02,13,1985,21.5
02,14,1985,20.25
02,15,1985,21.0
02,16,1985,20.75
02,17,1985,21.75
02,18,1985,22.0
02,19,1985,21.75
02,20,1985,22.75
02,21,1985,23.5
02,22,1985,24.0
02,23,1985,25.5
02,24,1985,26.0
02,25,1985,26.0
02,26,1985,25.25
02,27,1985,24.75
02,28,1985,25.25
03,01,1985,25.5
03,02,1985,25.75
03,03,1985,25.5
03,04,1985,25.75
03,05,1985,26.0
03,06,1985,26.75
03,07,1985,26.0
03,08,1985,27.75
03,09,1985,26.25
03,10,1985,26.25
03,11,1985,25.5
03,12,1985,25.75
03,13,1985,25.5
03,14,1985,26.5
03,15,1985,25.25
03,16,1985,27.0
03,17,1985,25.5
03,18,1985,23.5
03,19,1985,24.5
03,20,1985,27.0
03,21,1985,28.75
03,22,1985,27.0
03,23,1985,28.25
03,24,1985,27.5
03,25,1985,28.75
03,26,1985,27.75
03,27,1985,27.5
03,28,1985,25.75
03,29,1985,27.5
03,30,1985,28.5
03,31,1985,27.75
04,01,1985,24.5
04,02,1985,23.5
04,03,1985,23.0
04,04,1985,23.25
04,05,1985,27.0
04,06,1985,29.0
04,07,1985,29.75
04,08,1985,28.5
04,09,1985,27.25
04,10,1985,27.5
04,11,1985,28.0
04,12,1985,29.0
04,13,1985,27.75
04,14,1985,26.5
04,15,1985,26.0
04,16,1985,26.5
04,17,1985,28.5
04,18,1985,26.75
04,19,1985,28.0
04,20,1985,28.25
04,21,1985,26.75
04,22,1985,26.75
04,23,1985,27.0
04,24,1985,28.5
04,25,1985,27.0
04,26,1985,27.75
04,27,1985,26.5
04,28,1985,29.0
04,29,1985,28.25
04,30,1985,28.5
05,01,1985,28.0
05,02,1985,28.25
05,03,1985,28.25
05,04,1985,27.25
05,05,1985,29.5
05,06,1985,29.0
05,07,1985,27.75
05,08,1985,26.75
05,09,1985,26.75
05,10,1985,28.5
05,11,1985,29.5
05,12,1985,30.0
05,13,1985,30.0
05,14,1985,30.25
05,15,1985,30.5
05,16,1985,30.25
05,17,1985,30.25
05,18,1985,30.25
05,19,1985,28.75
05,20,1985,28.75
05,21,1985,30.25
05,22,1985,29.75
05,23,1985,28.5
05,24,1985,29.0
05,25,1985,28.0
05,26,1985,28.5
05,27,1985,28.0
05,28,1985,27.75
05,29,1985,27.25
05,30,1985,26.75
05,31,1985,28.5
06,01,1985,27.5
06,02,1985,27.0
06,03,1985,28.5
06,04,1985,28.0
06,05,1985,27.25
06,06,1985,28.75
06,07,1985,29.0
06,08,1985,28.75
06,09,1985,28.0
06,10,1985,28.5
06,11,1985,28.5
06,12,1985,28.75
06,13,1985,27.5
06,14,1985,26.0
06,15,1985,28.0
06,16,1985,28.5
06,17,1985,26.5
06,18,1985,27.0
06,19,1985,24.5
06,20,1985,27.25
06,21,1985,26.5
06,22,1985,27.5
06,23,1985,28.5
06,24,1985,27.75
06,25,1985,27.0
06,26,1985,27.0
06,27,1985,25.5
06,28,1985,26.75
06,29,1985,27.25
06,30,1985,27.25
07,01,1985,26.0
07,02,1985,26.25
07,03,1985,26.25
07,04,1985,27.5
07,05,1985,27.5
07,06,1985,28.0
07,07,1985,28.75
07,08,1985,28.5
07,09,1985,27.5
07,10,1985,24.75
07,11,1985,25.25
07,12,1985,23.75
07,13,1985,26.0
07,14,1985,26.75
07,15,1985,25.75
07,16,1985,26.0
07,17,1985,26.75
07,18,1985,26.25
07,19,1985,26.0
07,20,1985,26.5
07,21,1985,26.5
07,22,1985,27.25
07,23,1985,27.5
07,24,1985,27.5
07,25,1985,26.75
07,26,1985,26.5
07,27,1985,27.0
07,28,1985,23.5
07,29,1985,25.25
07,30,1985,26.5
07,31,1985,26.75
08,01,1985,25.75
08,02,1985,25.75
08,03,1985,25.75
08,04,1985,26.0
08,05,1985,27.25
08,06,1985,26.25
08,07,1985,26.5
08,08,1985,26.75
08,09,1985,27.5
08,10,1985,28.0
08,11,1985,26.75
08,12,1985,27.25
08,13,1985,28.0
08,14,1985,28.25
08,15,1985,28.25
08,16,1985,28.0
08,17,1985,27.5
08,18,1985,27.0
08,19,1985,27.0
08,20,1985,26.5
08,21,1985,26.5
08,22,1985,25.5
08,23,1985,25.5
08,24,1985,25.5
08,25,1985,26.5
08,26,1985,26.75
08,27,1985,27.0
08,28,1985,27.25
08,29,1985,26.5
08,30,1985,26.5
08,31,1985,26.5
09,01,1985,28.5
09,02,1985,26.75
09,03,1985,27.0
09,04,1985,28.0
09,05,1985,26.5
09,06,1985,26.5
09,07,1985,26.5
09,08,1985,26.0
09,09,1985,25.5
09,10,1985,26.75
09,11,1985,27.0
09,12,1985,27.0
09,13,1985,26.25
09,14,1985,25.75
09,15,1985,25.75
09,16,1985,25.75
09,17,1985,26.25
09,18,1985,26.0
09,19,1985,27.0
09,20,1985,26.0
09,21,1985,25.0
09,22,1985,26.0
09,23,1985,27.25
09,24,1985,26.75
09,25,1985,27.5
09,26,1985,27.0
09,27,1985,26.25
09,28,1985,26.5
09,29,1985,26.0
09,30,1985,27.25
10,01,1985,27.25
10,02,1985,26.25
10,03,1985,27.25
10,04,1985,26.25
10,05,1985,26.5
10,06,1985,27.0
10,07,1985,27.5
10,08,1985,27.0
10,09,1985,26.5
10,10,1985,26.0
10,11,1985,26.25
10,12,1985,26.75
10,13,1985,26.25
10,14,1985,26.0
10,15,1985,25.25
10,16,1985,24.5
10,17,1985,25.75
10,18,1985,25.25
10,19,1985,26.25
10,20,1985,25.75
10,21,1985,25.75
10,22,1985,25.5
10,23,1985,25.75
10,24,1985,25.5
10,25,1985,24.0
10,26,1985,25.0
10,27,1985,25.25
10,28,1985,24.25
10,29,1985,26.0
10,30,1985,26.0
10,31,1985,24.75
11,01,1985,27.0
11,02,1985,27.0
11,03,1985,26.75
11,04,1985,27.25
11,05,1985,26.0
11,06,1985,22.5
11,07,1985,23.75
11,08,1985,23.75
11,09,1985,25.75
11,10,1985,26.0
11,11,1985,26.5
11,12,1985,26.0
11,13,1985,25.0
11,14,1985,25.0
11,15,1985,24.0
11,16,1985,25.0
11,17,1985,24.0
11,18,1985,24.25
11,19,1985,25.5
11,20,1985,24.5
11,21,1985,24.0
11,22,1985,24.5
11,23,1985,25.5
11,24,1985,25.25
11,25,1985,23.75
11,26,1985,24.25
11,27,1985,24.0
11,28,1985,24.5
11,29,1985,25.0
11,30,1985,26.25
12,01,1985,26.25
12,02,1985,25.25
12,03,1985,25.5
12,04,1985,24.5
12,05,1985,25.25
12,06,1985,23.0
12,07,1985,22.75
12,08,1985,22.5
12,09,1985,24.25
12,10,1985,25.75
12,11,1985,25.0
12,12,1985,25.5
12,13,1985,26.0
12,14,1985,23.5
12,15,1985,18.5
12,16,1985,18.75
12,17,1985,20.25
12,18,1985,22.25
12,19,1985,22.25
12,20,1985,22.0
12,21,1985,23.5
12,22,1985,22.5
12,23,1985,24.0
12,24,1985,24.25
12,25,1985,22.5
12,26,1985,20.0
12,27,1985,20.5
12,28,1985,22.25
12,29,1985,23.75
12,30,1985,23.5
12,31,1985,22.75
01,01,1986,24.0
01,02,1986,23.25
01,03,1986,24.0
01,04,1986,23.5
01,05,1986,24.5
01,06,1986,23.25
01,07,1986,24.0
01,08,1986,25.75
01,09,1986,21.25
01,10,1986,19.5
01,11,1986,18.25
01,12,1986,16.25
01,13,1986,18.5
01,14,1986,18.5
01,15,1986,17.25
01,16,1986,19.75
01,17,1986,19.75
01,18,1986,20.0
01,19,1986,26.25
01,20,1986,20.75
01,21,1986,21.75
01,22,1986,23.25
01,23,1986,22.5
01,24,1986,22.5
01,25,1986,23.0
01,26,1986,21.0
01,27,1986,18.75
01,28,1986,19.25
01,29,1986,19.0
01,30,1986,17.0
01,31,1986,19.25
02,01,1986,22.5
02,02,1986,23.5
02,03,1986,23.75
02,04,1986,24.5
02,05,1986,26.5
02,06,1986,24.5
02,07,1986,25.75
02,08,1986,26.25
02,09,1986,25.75
02,10,1986,26.0
02,11,1986,25.5
02,12,1986,23.0
02,13,1986,22.25
02,14,1986,22.5
02,15,1986,24.5
02,16,1986,23.5
02,17,1986,24.75
02,18,1986,25.75
02,19,1986,25.5
02,20,1986,26.25
02,21,1986,25.5
02,22,1986,25.75
02,23,1986,24.75
02,24,1986,24.0
02,25,1986,23.0
02,26,1986,21.0
02,27,1986,22.5
02,28,1986,21.25
03,01,1986,19.0
03,02,1986,18.25
03,03,1986,19.75
03,04,1986,21.75
03,05,1986,21.5
03,06,1986,23.4
03,07,1986,23.75
03,08,1986,25.25
03,09,1986,25.5
03,10,1986,26.0
03,11,1986,26.5
03,12,1986,28.0
03,13,1986,27.25
03,14,1986,27.75
03,15,1986,28.0
03,16,1986,26.0
03,17,1986,25.25
03,18,1986,26.75
03,19,1986,27.75
03,20,1986,24.5
03,21,1986,19.5
03,22,1986,18.25
03,23,1986,18.5
03,24,1986,19.5
03,25,1986,20.25
03,26,1986,21.75
03,27,1986,23.5
03,28,1986,23.75
03,29,1986,22.0
03,30,1986,24.75
03,31,1986,26.0
04,01,1986,25.75
04,02,1986,25.0
04,03,1986,24.5
04,04,1986,25.0
04,05,1986,25.5
04,06,1986,27.75
04,07,1986,26.25
04,08,1986,25.25
04,09,1986,26.25
04,10,1986,27.0
04,11,1986,26.75
04,12,1986,27.0
04,13,1986,27.0
04,14,1986,27.75
04,15,1986,29.75
04,16,1986,27.75
04,17,1986,28.25
04,18,1986,27.75
04,19,1986,27.25
04,20,1986,25.0
04,21,1986,27.75
04,22,1986,27.25
04,23,1986,26.0
04,24,1986,26.5
04,25,1986,26.0
04,26,1986,26.4
04,27,1986,26.4
04,28,1986,28.0
04,29,1986,28.5
04,30,1986,28.25
05,01,1986,27.25
05,02,1986,27.75
05,03,1986,28.0
05,04,1986,26.25
05,05,1986,27.0
05,06,1986,27.0
05,07,1986,28.75
05,08,1986,29.65
05,09,1986,29.5
05,10,1986,29.5
05,11,1986,29.75
05,12,1986,29.25
05,13,1986,30.0
05,14,1986,29.75
05,15,1986,29.5
05,16,1986,29.25
05,17,1986,29.0
05,18,1986,29.25
05,19,1986,28.5
05,20,1986,27.0
05,21,1986,27.75
05,22,1986,29.0
05,23,1986,28.0
05,24,1986,28.5
05,25,1986,26.5
05,26,1986,27.75
05,27,1986,29.25
05,28,1986,29.25
05,29,1986,28.0
05,30,1986,25.75
05,31,1986,28.0
06,01,1986,26.25
06,02,1986,27.75
06,03,1986,28.75
06,04,1986,27.75
06,05,1986,29.25
06,06,1986,29.5
06,07,1986,30.0
06,08,1986,29.0
06,09,1986,28.5
06,10,1986,26.6
06,11,1986,27.65
06,12,1986,26.75
06,13,1986,25.9
06,14,1986,26.5
06,15,1986,27.0
06,16,1986,26.5
06,17,1986,26.0
06,18,1986,26.25
06,19,1986,26.5
06,20,1986,27.5
06,21,1986,27.25
06,22,1986,27.75
06,23,1986,27.25
06,24,1986,27.25
06,25,1986,26.0
06,26,1986,25.5
06,27,1986,25.75
06,28,1986,27.5
06,29,1986,25.75
06,30,1986,26.0
07,01,1986,25.75
07,02,1986,25.5
07,03,1986,25.5
07,04,1986,26.0
07,05,1986,25.5
07,06,1986,24.75
07,07,1986,26.75
07,08,1986,26.25
07,09,1986,26.25
07,10,1986,26.0
07,11,1986,26.5
07,12,1986,26.0
07,13,1986,26.75
07,14,1986,25.5
07,15,1986,25.0
07,16,1986,25.25
07,17,1986,25.5
07,18,1986,26.0
07,19,1986,26.5
07,20,1986,26.0
07,21,1986,25.75
07,22,1986,25.0
07,23,1986,25.0
07,24,1986,26.0
07,25,1986,25.75
07,26,1986,25.75
07,27,1986,26.0
07,28,1986,27.0
07,29,1986,26.0
07,30,1986,26.5
07,31,1986,27.0
08,01,1986,27.0
08,02,1986,27.0
08,03,1986,27.5
08,04,1986,25.75
08,05,1986,25.75
08,06,1986,25.75
08,07,1986,26.5
08,08,1986,26.5
08,09,1986,26.25
08,10,1986,27.0
08,11,1986,27.5
08,12,1986,26.75
08,13,1986,26.75
08,14,1986,25.75
08,15,1986,26.75
08,16,1986,27.0
08,17,1986,27.0
08,18,1986,27.75
08,19,1986,28.25
08,20,1986,27.75
08,21,1986,27.75
08,22,1986,28.0
08,23,1986,26.25
08,24,1986,27.75
08,25,1986,27.75
08,26,1986,26.0
08,27,1986,26.25
08,28,1986,26.0
08,29,1986,26.5
08,30,1986,26.25
08,31,1986,26.5
09,01,1986,26.25
09,02,1986,25.75
09,03,1986,25.5
09,04,1986,26.75
09,05,1986,27.0
09,06,1986,25.5
09,07,1986,25.0
09,08,1986,26.75
09,09,1986,27.0
09,10,1986,26.75
09,11,1986,26.0
09,12,1986,25.75
09,13,1986,25.75
09,14,1986,26.0
09,15,1986,25.85
09,16,1986,26.25
09,17,1986,26.25
09,18,1986,24.75
09,19,1986,25.25
09,20,1986,25.5
09,21,1986,26.0
09,22,1986,26.0
09,23,1986,25.75
09,24,1986,24.75
09,25,1986,26.75
09,26,1986,26.75
09,27,1986,25.25
09,28,1986,24.75
09,29,1986,26.0
09,30,1986,26.25
10,01,1986,26.5
10,02,1986,26.25
10,03,1986,25.75
10,04,1986,26.25
10,05,1986,25.75
10,06,1986,25.25
10,07,1986,26.0
10,08,1986,25.5
10,09,1986,26.25
10,10,1986,25.5
10,11,1986,26.25
10,12,1986,26.25
10,13,1986,26.5
10,14,1986,26.5
10,15,1986,27.25
10,16,1986,26.5
10,17,1986,24.25
10,18,1986,24.25
10,19,1986,24.25
10,20,1986,24.0
10,21,1986,25.75
10,22,1986,25.75
10,23,1986,25.0
10,24,1986,26.25
10,25,1986,26.0
10,26,1986,26.0
10,27,1986,25.25
10,28,1986,24.5
10,29,1986,22.0
10,30,1986,22.75
10,31,1986,22.25
11,01,1986,23.25
11,02,1986,24.25
11,03,1986,25.0
11,04,1986,25.25
11,05,1986,25.75
11,06,1986,25.75
11,07,1986,25.75
11,08,1986,25.75
11,09,1986,25.75
11,10,1986,25.0
11,11,1986,25.25
11,12,1986,25.0
11,13,1986,25.0
11,14,1986,25.0
11,15,1986,24.75
11,16,1986,24.5
11,17,1986,25.5
11,18,1986,25.25
11,19,1986,25.25
11,20,1986,24.5
11,21,1986,25.5
11,22,1986,25.5
11,23,1986,24.75
11,24,1986,25.5
11,25,1986,25.75
11,26,1986,25.0
11,27,1986,25.25
11,28,1986,22.0
11,29,1986,19.25
11,30,1986,19.75
12,01,1986,22.0
12,02,1986,22.75
12,03,1986,23.0
12,04,1986,21.5
12,05,1986,24.0
12,06,1986,21.25
12,07,1986,22.5
12,08,1986,22.5
12,09,1986,23.0
12,10,1986,24.5
12,11,1986,25.75
12,12,1986,24.75
12,13,1986,24.0
12,14,1986,22.75
12,15,1986,22.75
12,16,1986,22.0
12,17,1986,23.25
12,18,1986,23.25
12,19,1986,24.25
12,20,1986,24.5
12,21,1986,23.75
12,22,1986,24.0
12,23,1986,22.75
12,24,1986,22.25
12,25,1986,23.0
12,26,1986,24.25
12,27,1986,22.25
12,28,1986,24.0
12,29,1986,23.5
12,30,1986,23.5
12,31,1986,20.0
01,01,1987,21.75
01,02,1987,23.0
01,03,1987,23.75
01,04,1987,21.5
01,05,1987,22.25
01,06,1987,20.75
01,07,1987,20.5
01,08,1987,20.25
01,09,1987,21.5
01,10,1987,22.5
01,11,1987,22.0
01,12,1987,17.5
01,13,1987,22.75
01,14,1987,21.5
01,15,1987,23.0
01,16,1987,24.25
01,17,1987,23.5
01,18,1987,24.5
01,19,1987,24.0
01,20,1987,24.0
01,21,1987,24.25
01,22,1987,19.5
01,23,1987,17.0
01,24,1987,19.25
01,25,1987,20.5
01,26,1987,21.0
01,27,1987,19.5
01,28,1987,19.25
01,29,1987,19.5
01,30,1987,19.75
01,31,1987,20.0
02,01,1987,20.0
02,02,1987,22.5
02,03,1987,22.0
02,04,1987,23.75
02,05,1987,24.5
02,06,1987,23.75
02,07,1987,19.75
02,08,1987,18.25
02,09,1987,19.5
02,10,1987,20.25
02,11,1987,20.0
02,12,1987,21.75
02,13,1987,21.75
02,14,1987,22.0
02,15,1987,26.5
02,16,1987,27.75
02,17,1987,27.5
02,18,1987,20.75
02,19,1987,24.5
02,20,1987,25.75
02,21,1987,25.75
02,22,1987,25.75
02,23,1987,25.75
02,24,1987,25.25
02,25,1987,26.25
02,26,1987,25.5
02,27,1987,26.25
02,28,1987,26.0
03,01,1987,21.25
03,02,1987,22.0
03,03,1987,23.75
03,04,1987,23.25
03,05,1987,22.0
03,06,1987,17.75
03,07,1987,20.0
03,08,1987,21.5
03,09,1987,22.5
03,10,1987,22.5
03,11,1987,23.25
03,12,1987,18.25
03,13,1987,21.25
03,14,1987,20.25
03,15,1987,21.25
03,16,1987,22.25
03,17,1987,25.5
03,18,1987,26.5
03,19,1987,26.75
03,20,1987,27.5
03,21,1987,28.25
03,22,1987,28.75
03,23,1987,29.5
03,24,1987,27.25
03,25,1987,28.75
03,26,1987,29.25
03,27,1987,29.5
03,28,1987,28.75
03,29,1987,28.5
03,30,1987,28.25
03,31,1987,24.75
04,01,1987,24.75
04,02,1987,23.25
04,03,1987,23.25
04,04,1987,24.25
04,05,1987,25.5
04,06,1987,26.0
04,07,1987,26.25
04,08,1987,26.25
04,09,1987,26.5
04,10,1987,26.25
04,11,1987,26.5
04,12,1987,28.0
04,13,1987,29.25
04,14,1987,29.0
04,15,1987,29.0
04,16,1987,28.25
04,17,1987,28.25
04,18,1987,28.25
04,19,1987,28.0
04,20,1987,27.75
04,21,1987,26.0
04,22,1987,25.75
04,23,1987,25.75
04,24,1987,26.5
04,25,1987,26.75
04,26,1987,26.75
04,27,1987,26.0
04,28,1987,22.75
04,29,1987,24.5
04,30,1987,26.0
05,01,1987,27.5
05,02,1987,27.5
05,03,1987,29.0
05,04,1987,29.25
05,05,1987,29.25
05,06,1987,28.0
05,07,1987,29.0
05,08,1987,29.25
05,09,1987,29.25
05,10,1987,28.75
05,11,1987,29.0
05,12,1987,29.5
05,13,1987,29.75
05,14,1987,29.5
05,15,1987,29.5
05,16,1987,29.5
05,17,1987,29.75
05,18,1987,30.0
05,19,1987,29.0
05,20,1987,30.75
05,21,1987,30.5
05,22,1987,30.0
05,23,1987,29.75
05,24,1987,29.75
05,25,1987,27.75
05,26,1987,28.75
05,27,1987,29.0
05,28,1987,29.5
05,29,1987,30.0
05,30,1987,29.75
05,31,1987,30.0
06,01,1987,29.75
06,02,1987,30.0
06,03,1987,28.5
06,04,1987,27.25
06,05,1987,27.0
06,06,1987,27.0
06,07,1987,26.25
06,08,1987,26.75
06,09,1987,27.75
06,10,1987,28.25
06,11,1987,28.25
06,12,1987,28.25
06,13,1987,29.0
06,14,1987,28.5
06,15,1987,28.75
06,16,1987,29.0
06,17,1987,28.5
06,18,1987,28.5
06,19,1987,27.5
06,20,1987,25.25
06,21,1987,28.75
06,22,1987,30.0
06,23,1987,28.25
06,24,1987,29.25
06,25,1987,28.5
06,26,1987,27.0
06,27,1987,26.5
06,28,1987,27.25
06,29,1987,26.5
06,30,1987,27.0
07,01,1987,28.0
07,02,1987,28.0
07,03,1987,26.5
07,04,1987,26.75
07,05,1987,27.75
07,06,1987,27.0
07,07,1987,27.0
07,08,1987,26.5
07,09,1987,27.0
07,10,1987,26.75
07,11,1987,24.0
07,12,1987,26.25
07,13,1987,26.0
07,14,1987,27.0
07,15,1987,27.25
07,16,1987,27.75
07,17,1987,27.25
07,18,1987,27.5
07,19,1987,25.5
07,20,1987,26.0
07,21,1987,25.25
07,22,1987,26.0
07,23,1987,26.25
07,24,1987,27.0
07,25,1987,27.25
07,26,1987,27.75
07,27,1987,26.25
07,28,1987,27.25
07,29,1987,25.75
07,30,1987,26.25
07,31,1987,26.25
08,01,1987,28.25
08,02,1987,27.0
08,03,1987,27.5
08,04,1987,24.75
08,05,1987,25.75
08,06,1987,25.5
08,07,1987,26.75
08,08,1987,26.25
08,09,1987,26.25
08,10,1987,26.75
08,11,1987,27.25
08,12,1987,27.5
08,13,1987,28.0
08,14,1987,27.5
08,15,1987,28.0
08,16,1987,26.75
08,17,1987,26.25
08,18,1987,26.75
08,19,1987,26.75
08,20,1987,27.0
08,21,1987,26.25
08,22,1987,27.5
08,23,1987,25.75
08,24,1987,26.5
08,25,1987,26.0
08,26,1987,25.25
08,27,1987,26.25
08,28,1987,26.5
08,29,1987,26.0
08,30,1987,26.25
08,31,1987,26.75
09,01,1987,27.0
09,02,1987,27.75
09,03,1987,26.75
09,04,1987,26.0
09,05,1987,26.75
09,06,1987,27.25
09,07,1987,26.75
09,08,1987,27.0
09,09,1987,26.75
09,10,1987,26.0
09,11,1987,27.25
09,12,1987,26.75
09,13,1987,27.25
09,14,1987,27.5
09,15,1987,27.25
09,16,1987,26.75
09,17,1987,26.25
09,18,1987,26.5
09,19,1987,28.0
09,20,1987,29.75
09,21,1987,28.5
09,22,1987,27.0
09,23,1987,26.75
09,24,1987,26.5
09,25,1987,28.0
09,26,1987,28.0
09,27,1987,27.5
09,28,1987,28.0
09,29,1987,28.5
09,30,1987,27.0
10,01,1987,21.75
10,02,1987,21.75
10,03,1987,24.0
10,04,1987,23.25
10,05,1987,24.0
10,06,1987,23.25
10,07,1987,22.25
10,08,1987,23.75
10,09,1987,22.75
10,10,1987,24.25
10,11,1987,23.5
10,12,1987,23.0
10,13,1987,23.25
10,14,1987,23.5
10,15,1987,23.75
10,16,1987,23.5
10,17,1987,23.5
10,18,1987,24.0
10,19,1987,24.25
10,20,1987,24.5
10,21,1987,23.5
10,22,1987,25.25
10,23,1987,25.25
10,24,1987,24.75
10,25,1987,25.75
10,26,1987,24.5
10,27,1987,24.75
10,28,1987,24.0
10,29,1987,22.75
10,30,1987,22.0
10,31,1987,22.0
11,01,1987,22.25
11,02,1987,23.5
11,03,1987,22.75
11,04,1987,22.0
11,05,1987,22.25
11,06,1987,23.75
11,07,1987,22.0
11,08,1987,22.75
11,09,1987,23.75
11,10,1987,24.0
11,11,1987,21.0
11,12,1987,20.75
11,13,1987,21.0
11,14,1987,22.5
11,15,1987,23.75
11,16,1987,24.5
11,17,1987,25.25
11,18,1987,24.0
11,19,1987,25.25
11,20,1987,24.0
11,21,1987,21.25
11,22,1987,20.5
11,23,1987,21.25
11,24,1987,22.5
11,25,1987,24.5
11,26,1987,23.75
11,27,1987,24.5
11,28,1987,24.75
11,29,1987,23.5
11,30,1987,23.25
12,01,1987,24.25
12,02,1987,22.75
12,03,1987,23.75
12,04,1987,23.25
12,05,1987,21.5
12,06,1987,21.75
12,07,1987,22.5
12,08,1987,22.0
12,09,1987,23.0
12,10,1987,20.25
12,11,1987,20.0
12,12,1987,20.5
12,13,1987,20.75
12,14,1987,23.25
12,15,1987,23.25
12,16,1987,22.0
12,17,1987,21.5
12,18,1987,20.25
12,19,1987,22.5
12,20,1987,23.5
12,21,1987,25.0
12,22,1987,25.0
12,23,1987,23.75
12,24,1987,23.25
12,25,1987,24.25
12,26,1987,24.5
12,27,1987,24.0
12,28,1987,23.5
12,29,1987,20.75
12,30,1987,19.25
12,31,1987,20.0
01,01,1988,21.5
01,02,1988,19.75
01,03,1988,20.75
01,04,1988,21.0
01,05,1988,20.25
01,06,1988,20.75
01,07,1988,22.5
01,08,1988,23.75
01,09,1988,24.0
01,10,1988,21.75
01,11,1988,21.5
01,12,1988,20.75
01,13,1988,24.25
01,14,1988,22.5
01,15,1988,22.25
01,16,1988,23.5
01,17,1988,24.25
01,18,1988,23.75
01,19,1988,24.75
01,20,1988,25.0
01,21,1988,24.75
01,22,1988,22.5
01,23,1988,20.0
01,24,1988,21.0
01,25,1988,19.0
01,26,1988,15.75
01,27,1988,17.0
01,28,1988,18.75
01,29,1988,18.0
01,30,1988,21.0
01,31,1988,22.0
02,01,1988,24.0
02,02,1988,24.75
02,03,1988,25.0
02,04,1988,25.25
02,05,1988,25.0
02,06,1988,22.75
02,07,1988,17.75
02,08,1988,18.0
02,09,1988,21.0
02,10,1988,21.5
02,11,1988,23.5
02,12,1988,21.0
02,13,1988,20.5
02,14,1988,21.5
02,15,1988,23.5
02,16,1988,22.75
02,17,1988,25.5
02,18,1988,25.75
02,19,1988,26.25
02,20,1988,21.5
02,21,1988,22.75
02,22,1988,19.75
02,23,1988,23.0
02,24,1988,24.75
02,25,1988,21.25
02,26,1988,22.75
02,27,1988,22.25
02,28,1988,21.75
02,29,1988,22.5
03,01,1988,23.5
03,02,1988,22.5
03,03,1988,24.25
03,04,1988,24.0
03,05,1988,23.0
03,06,1988,25.25
03,07,1988,25.0
03,08,1988,25.0
03,09,1988,26.5
03,10,1988,24.75
03,11,1988,24.0
03,12,1988,26.25
03,13,1988,28.0
03,14,1988,26.75
03,15,1988,22.75
03,16,1988,22.75
03,17,1988,25.0
03,18,1988,25.75
03,19,1988,22.75
03,20,1988,21.0
03,21,1988,20.75
03,22,1988,22.75
03,23,1988,22.25
03,24,1988,25.25
03,25,1988,25.5
03,26,1988,26.0
03,27,1988,25.5
03,28,1988,25.0
03,29,1988,26.0
03,30,1988,27.25
03,31,1988,27.25
04,01,1988,27.5
04,02,1988,27.5
04,03,1988,28.5
04,04,1988,29.0
04,05,1988,28.25
04,06,1988,28.25
04,07,1988,26.5
04,08,1988,26.5
04,09,1988,27.25
04,10,1988,26.5
04,11,1988,24.0
04,12,1988,22.5
04,13,1988,22.0
04,14,1988,23.75
04,15,1988,24.5
04,16,1988,26.75
04,17,1988,28.75
04,18,1988,29.5
04,19,1988,28.75
04,20,1988,29.25
04,21,1988,30.75
04,22,1988,30.75
04,23,1988,30.25
04,24,1988,30.75
04,25,1988,31.5
04,26,1988,29.25
04,27,1988,30.0
04,28,1988,30.0
04,29,1988,29.75
04,30,1988,30.75
05,01,1988,29.0
05,02,1988,28.5
05,03,1988,28.0
05,04,1988,28.0
05,05,1988,28.0
05,06,1988,28.5
05,07,1988,29.0
05,08,1988,29.0
05,09,1988,28.75
05,10,1988,28.5
05,11,1988,29.25
05,12,1988,29.25
05,13,1988,27.5
05,14,1988,28.25
05,15,1988,28.5
05,16,1988,28.25
05,17,1988,28.25
05,18,1988,27.75
05,19,1988,29.5
05,20,1988,30.75
05,21,1988,32.5
05,22,1988,30.0
05,23,1988,27.75
05,24,1988,28.5
05,25,1988,30.25
05,26,1988,28.75
05,27,1988,29.5
05,28,1988,29.25
05,29,1988,29.25
05,30,1988,30.0
05,31,1988,31.0
06,01,1988,30.25
06,02,1988,29.75
06,03,1988,29.0
06,04,1988,29.75
06,05,1988,30.0
06,06,1988,29.5
06,07,1988,30.0
06,08,1988,25.75
06,09,1988,29.25
06,10,1988,30.25
06,11,1988,27.0
06,12,1988,25.75
06,13,1988,26.0
06,14,1988,26.25
06,15,1988,25.25
06,16,1988,27.25
06,17,1988,24.75
06,18,1988,25.25
06,19,1988,26.5
06,20,1988,27.25
06,21,1988,25.75
06,22,1988,26.0
06,23,1988,25.5
06,24,1988,27.0
06,25,1988,27.5
06,26,1988,28.0
06,27,1988,27.75
06,28,1988,28.0
06,29,1988,27.5
06,30,1988,27.75
07,01,1988,28.25
07,02,1988,29.25
07,03,1988,28.0
07,04,1988,27.25
07,05,1988,28.25
07,06,1988,28.5
07,07,1988,27.5
07,08,1988,27.75
07,09,1988,26.75
07,10,1988,27.75
07,11,1988,28.25
07,12,1988,26.5
07,13,1988,27.75
07,14,1988,25.0
07,15,1988,26.75
07,16,1988,26.0
07,17,1988,24.0
07,18,1988,26.0
07,19,1988,27.25
07,20,1988,26.5
07,21,1988,27.0
07,22,1988,27.25
07,23,1988,26.25
07,24,1988,26.25
07,25,1988,26.5
07,26,1988,27.25
07,27,1988,27.0
07,28,1988,27.0
07,29,1988,26.5
07,30,1988,26.75
07,31,1988,26.25
08,01,1988,26.75
08,02,1988,27.0
08,03,1988,26.0
08,04,1988,26.75
08,05,1988,27.5
08,06,1988,25.0
08,07,1988,26.75
08,08,1988,27.5
08,09,1988,27.5
08,10,1988,27.75
08,11,1988,25.75
08,12,1988,27.5
08,13,1988,28.0
08,14,1988,27.25
08,15,1988,27.25
08,16,1988,26.5
08,17,1988,26.5
08,18,1988,26.75
08,19,1988,28.25
08,20,1988,28.75
08,21,1988,28.5
08,22,1988,28.25
08,23,1988,28.75
08,24,1988,28.25
08,25,1988,27.25
08,26,1988,28.0
08,27,1988,27.0
08,28,1988,27.75
08,29,1988,26.0
08,30,1988,25.25
08,31,1988,25.25
09,01,1988,26.5
09,02,1988,25.5
09,03,1988,27.25
09,04,1988,28.25
09,05,1988,27.25
09,06,1988,25.0
09,07,1988,25.75
09,08,1988,25.75
09,09,1988,26.75
09,10,1988,25.75
09,11,1988,24.75
09,12,1988,24.75
09,13,1988,26.0
09,14,1988,25.75
09,15,1988,26.0
09,16,1988,27.5
09,17,1988,27.75
09,18,1988,27.5
09,19,1988,27.25
09,20,1988,27.0
09,21,1988,27.5
09,22,1988,27.0
09,23,1988,27.0
09,24,1988,27.25
09,25,1988,27.25
09,26,1988,26.75
09,27,1988,26.5
09,28,1988,26.25
09,29,1988,26.0
09,30,1988,25.5
10,01,1988,26.5
10,02,1988,26.0
10,03,1988,25.75
10,04,1988,26.5
10,05,1988,25.5
10,06,1988,25.0
10,07,1988,24.5
10,08,1988,25.5
10,09,1988,22.0
10,10,1988,24.0
10,11,1988,23.75
10,12,1988,24.25
10,13,1988,23.0
10,14,1988,24.0
10,15,1988,24.5
10,16,1988,24.75
10,17,1988,24.75
10,18,1988,24.75
10,19,1988,25.25
10,20,1988,24.5
10,21,1988,24.75
10,22,1988,26.25
10,23,1988,26.25
10,24,1988,24.75
10,25,1988,24.0
10,26,1988,26.25
10,27,1988,26.0
10,28,1988,26.25
10,29,1988,25.75
10,30,1988,24.5
10,31,1988,24.5
11,01,1988,24.5
11,02,1988,23.75
11,03,1988,24.5
11,04,1988,26.0
11,05,1988,26.75
11,06,1988,26.0
11,07,1988,24.75
11,08,1988,25.5
11,09,1988,25.5
11,10,1988,25.0
11,11,1988,25.0
11,12,1988,24.75
11,13,1988,25.5
11,14,1988,25.0
11,15,1988,24.75
11,16,1988,25.75
11,17,1988,25.5
11,18,1988,24.25
11,19,1988,25.75
11,20,1988,25.0
11,21,1988,22.25
11,22,1988,22.25
11,23,1988,22.25
11,24,1988,22.0
11,25,1988,22.0
11,26,1988,23.0
11,27,1988,24.5
11,28,1988,24.5
11,29,1988,23.25
11,30,1988,23.25
12,01,1988,22.0
12,02,1988,21.0
12,03,1988,19.5
12,04,1988,19.25
12,05,1988,19.25
12,06,1988,20.25
12,07,1988,21.0
12,08,1988,22.0
12,09,1988,23.25
12,10,1988,23.5
12,11,1988,24.0
12,12,1988,24.5
12,13,1988,24.5
12,14,1988,20.25
12,15,1988,21.75
12,16,1988,21.5
12,17,1988,22.75
12,18,1988,20.25
12,19,1988,18.75
12,20,1988,19.5
12,21,1988,21.25
12,22,1988,21.75
12,23,1988,23.0
12,24,1988,22.0
12,25,1988,21.5
12,26,1988,21.25
12,27,1988,22.25
12,28,1988,23.0
12,29,1988,22.25
12,30,1988,22.75
12,31,1988,23.0
01,01,1989,23.5
01,02,1989,23.5
01,03,1989,22.75
01,04,1989,21.75
01,05,1989,22.75
01,06,1989,22.5
01,07,1989,22.75
01,08,1989,22.25
01,09,1989,23.25
01,10,1989,22.0
01,11,1989,22.75
01,12,1989,23.0
01,13,1989,21.75
01,14,1989,23.25
01,15,1989,23.0
01,16,1989,22.5
01,17,1989,22.5
01,18,1989,22.5
01,19,1989,22.25
01,20,1989,22.0
01,21,1989,20.75
01,22,1989,21.0
01,23,1989,20.5
01,24,1989,20.5
01,25,1989,22.0
01,26,1989,23.0
01,27,1989,22.75
01,28,1989,22.5
01,29,1989,22.25
01,30,1989,23.75
01,31,1989,23.75
02,01,1989,23.75
02,02,1989,23.5
02,03,1989,23.5
02,04,1989,24.0
02,05,1989,23.25
02,06,1989,23.75
02,07,1989,23.75
02,08,1989,23.75
02,09,1989,23.25
02,10,1989,23.75
02,11,1989,22.25
02,12,1989,23.75
02,13,1989,22.75
02,14,1989,23.75
02,15,1989,24.0
02,16,1989,24.0
02,17,1989,23.75
02,18,1989,24.0
02,19,1989,25.0
02,20,1989,25.0
02,21,1989,26.25
02,22,1989,21.75
02,23,1989,18.5
02,24,1989,17.0
02,25,1989,18.25
02,26,1989,18.5
02,27,1989,20.5
02,28,1989,22.5
03,01,1989,24.5
03,02,1989,25.5
03,03,1989,27.0
03,04,1989,29.25
03,05,1989,28.0
03,06,1989,24.75
03,07,1989,21.5
03,08,1989,19.0
03,09,1989,16.75
03,10,1989,17.5
03,11,1989,19.25
03,12,1989,21.0
03,13,1989,22.0
03,14,1989,23.0
03,15,1989,23.25
03,16,1989,24.5
03,17,1989,24.5
03,18,1989,22.25
03,19,1989,24.75
03,20,1989,27.0
03,21,1989,26.5
03,22,1989,26.75
03,23,1989,24.5
03,24,1989,24.5
03,25,1989,26.0
03,26,1989,26.0
03,27,1989,25.5
03,28,1989,27.25
03,29,1989,28.0
03,30,1989,27.0
03,31,1989,27.0
04,01,1989,25.5
04,02,1989,26.5
04,03,1989,22.75
04,04,1989,25.75
04,05,1989,24.5
04,06,1989,22.75
04,07,1989,22.75
04,08,1989,23.0
04,09,1989,22.0
04,10,1989,22.5
04,11,1989,22.0
04,12,1989,22.25
04,13,1989,24.0
04,14,1989,24.0
04,15,1989,24.25
04,16,1989,24.5
04,17,1989,24.75
04,18,1989,25.25
04,19,1989,23.0
04,20,1989,23.0
04,21,1989,22.25
04,22,1989,22.75
04,23,1989,22.25
04,24,1989,24.25
04,25,1989,24.75
04,26,1989,25.0
04,27,1989,25.0
04,28,1989,25.5
04,29,1989,26.75
04,30,1989,27.0
05,01,1989,24.75
05,02,1989,21.75
05,03,1989,21.75
05,04,1989,22.25
05,05,1989,24.0
05,06,1989,24.25
05,07,1989,24.75
05,08,1989,23.25
05,09,1989,23.5
05,10,1989,24.75
05,11,1989,23.0
05,12,1989,23.75
05,13,1989,25.25
05,14,1989,26.25
05,15,1989,26.5
05,16,1989,27.5
05,17,1989,27.0
05,18,1989,26.5
05,19,1989,26.25
05,20,1989,24.75
05,21,1989,25.25
05,22,1989,25.25
05,23,1989,24.25
05,24,1989,24.0
05,25,1989,23.75
05,26,1989,24.75
05,27,1989,24.25
05,28,1989,24.25
05,29,1989,24.5
05,30,1989,24.25
05,31,1989,24.75
06,01,1989,25.25
06,02,1989,24.75
06,03,1989,23.5
06,04,1989,24.25
06,05,1989,25.25
06,06,1989,24.75
06,07,1989,26.5
06,08,1989,27.5
06,09,1989,27.25
06,10,1989,24.75
06,11,1989,24.0
06,12,1989,24.0
06,13,1989,24.25
06,14,1989,23.75
06,15,1989,24.75
06,16,1989,22.75
06,17,1989,23.25
06,18,1989,23.75
06,19,1989,23.0
06,20,1989,21.75
06,21,1989,21.5
06,22,1989,22.25
06,23,1989,22.5
06,24,1989,23.75
06,25,1989,24.5
06,26,1989,25.5
06,27,1989,25.75
06,28,1989,26.25
06,29,1989,23.75
06,30,1989,23.5
07,01,1989,24.5
07,02,1989,24.75
07,03,1989,25.25
07,04,1989,25.25
07,05,1989,24.75
07,06,1989,23.25
07,07,1989,24.5
07,08,1989,24.0
07,09,1989,23.5
07,10,1989,21.5
07,11,1989,21.5
07,12,1989,23.5
07,13,1989,25.25
07,14,1989,24.5
07,15,1989,24.75
07,16,1989,25.25
07,17,1989,25.75
07,18,1989,24.0
07,19,1989,24.75
07,20,1989,24.5
07,21,1989,24.0
07,22,1989,25.0
07,23,1989,24.25
07,24,1989,23.75
07,25,1989,24.75
07,26,1989,24.5
07,27,1989,23.75
07,28,1989,23.5
07,29,1989,23.25
07,30,1989,24.5
07,31,1989,24.5
08,01,1989,23.5
08,02,1989,24.0
08,03,1989,24.0
08,04,1989,24.75
08,05,1989,25.5
08,06,1989,25.5
08,07,1989,25.25
08,08,1989,25.25
08,09,1989,23.5
08,10,1989,23.75
08,11,1989,23.75
08,12,1989,24.0
08,13,1989,23.75
08,14,1989,23.5
08,15,1989,23.5
08,16,1989,24.75
08,17,1989,24.25
08,18,1989,24.25
08,19,1989,24.25
08,20,1989,23.25
08,21,1989,24.25
08,22,1989,24.25
08,23,1989,24.75
08,24,1989,24.75
08,25,1989,24.5
08,26,1989,25.0
08,27,1989,23.25
08,28,1989,23.5
08,29,1989,25.25
08,30,1989,24.5
08,31,1989,24.25
09,01,1989,24.25
09,02,1989,24.0
09,03,1989,23.5
09,04,1989,24.0
09,05,1989,24.5
09,06,1989,23.75
09,07,1989,23.25
09,08,1989,23.25
09,09,1989,24.0
09,10,1989,24.0
09,11,1989,24.5
09,12,1989,24.0
09,13,1989,23.0
09,14,1989,24.0
09,15,1989,22.75
09,16,1989,23.75
09,17,1989,23.0
09,18,1989,23.0
09,19,1989,22.25
09,20,1989,23.0
09,21,1989,22.5
09,22,1989,23.0
09,23,1989,23.25
09,24,1989,22.75
09,25,1989,20.75
09,26,1989,20.75
09,27,1989,21.25
09,28,1989,21.5
09,29,1989,22.0
09,30,1989,21.75
10,01,1989,21.5
10,02,1989,21.75
10,03,1989,23.5
10,04,1989,24.5
10,05,1989,24.0
10,06,1989,23.75
10,07,1989,24.25
10,08,1989,23.0
10,09,1989,22.25
10,10,1989,21.25
10,11,1989,23.0
10,12,1989,20.5
10,13,1989,21.75
10,14,1989,21.75
10,15,1989,23.0
10,16,1989,23.0
10,17,1989,23.75
10,18,1989,23.75
10,19,1989,21.25
10,20,1989,18.0
10,21,1989,19.5
10,22,1989,20.75
10,23,1989,19.5
10,24,1989,19.75
10,25,1989,20.75
10,26,1989,21.25
10,27,1989,21.75
10,28,1989,20.75
10,29,1989,22.25
10,30,1989,22.5
10,31,1989,23.25
11,01,1989,22.75
11,02,1989,20.75
11,03,1989,20.75
11,04,1989,20.5
11,05,1989,20.75
11,06,1989,22.25
11,07,1989,22.0
11,08,1989,22.25
11,09,1989,23.75
11,10,1989,23.0
11,11,1989,22.0
11,12,1989,21.0
11,13,1989,21.5
11,14,1989,21.5
11,15,1989,21.75
11,16,1989,22.75
11,17,1989,20.25
11,18,1989,21.25
11,19,1989,21.75
11,20,1989,21.75
11,21,1989,21.25
11,22,1989,21.5
11,23,1989,21.5
11,24,1989,19.75
11,25,1989,21.75
11,26,1989,21.75
11,27,1989,22.25
11,28,1989,21.75
11,29,1989,21.75
11,30,1989,21.75
12,01,1989,20.25
12,02,1989,21.25
12,03,1989,17.75
12,04,1989,18.25
12,05,1989,19.0
12,06,1989,19.5
12,07,1989,20.0
12,08,1989,19.75
12,09,1989,16.75
12,10,1989,16.0
12,11,1989,17.5
12,12,1989,18.75
12,13,1989,18.25
12,14,1989,16.0
12,15,1989,18.0
12,16,1989,19.5
12,17,1989,19.75
12,18,1989,19.75
12,19,1989,20.5
12,20,1989,20.75
12,21,1989,20.75
12,22,1989,18.25
12,23,1989,15.25
12,24,1989,11.5
12,25,1989,13.0
12,26,1989,13.75
12,27,1989,14.0
12,28,1989,14.75
12,29,1989,16.0
12,30,1989,16.75
12,31,1989,19.5
01,01,1990,18.0
01,02,1990,18.5
01,03,1990,19.25
01,04,1990,19.75
01,05,1990,21.0
01,06,1990,20.75
01,07,1990,21.25
01,08,1990,21.0
01,09,1990,20.0
01,10,1990,18.75
01,11,1990,19.25
01,12,1990,19.25
01,13,1990,17.5
01,14,1990,19.5
01,15,1990,18.5
01,16,1990,20.0
01,17,1990,21.0
01,18,1990,19.75
01,19,1990,20.0
01,20,1990,21.0
01,21,1990,20.25
01,22,1990,20.5
01,23,1990,20.25
01,24,1990,19.25
01,25,1990,21.0
01,26,1990,19.0
01,27,1990,18.75
01,28,1990,19.75
01,29,1990,20.75
01,30,1990,21.25
01,31,1990,21.5
02,01,1990,21.25
02,02,1990,22.0
02,03,1990,22.0
02,04,1990,21.75
02,05,1990,20.5
02,06,1990,20.0
02,07,1990,19.75
02,08,1990,20.5
02,09,1990,20.75
02,10,1990,22.25
02,11,1990,20.25
02,12,1990,20.0
02,13,1990,19.75
02,14,1990,21.75
02,15,1990,23.25
02,16,1990,22.5
02,17,1990,20.5
02,18,1990,23.5
02,19,1990,23.0
02,20,1990,22.75
02,21,1990,20.5
02,22,1990,23.0
02,23,1990,20.75
02,24,1990,16.75
02,25,1990,15.25
02,26,1990,16.0
02,27,1990,18.5
02,28,1990,18.0
03,01,1990,22.0
03,02,1990,23.5
03,03,1990,19.25
03,04,1990,18.75
03,05,1990,19.5
03,06,1990,20.0
03,07,1990,20.0
03,08,1990,20.75
03,09,1990,20.25
03,10,1990,18.75
03,11,1990,21.0
03,12,1990,21.75
03,13,1990,20.0
03,14,1990,21.75
03,15,1990,20.5
03,16,1990,21.25
03,17,1990,21.0
03,18,1990,18.0
03,19,1990,16.0
03,20,1990,16.75
03,21,1990,15.0
03,22,1990,17.5
03,23,1990,19.25
03,24,1990,21.5
03,25,1990,23.25
03,26,1990,20.75
03,27,1990,22.0
03,28,1990,24.0
03,29,1990,null
03,30,1990,null
03,31,1990,null
04,01,1990,null
04,02,1990,null
04,03,1990,null
04,04,1990,null
04,05,1990,null
04,06,1990,null
04,07,1990,null
04,08,1990,null
04,09,1990,null
04,10,1990,null
04,11,1990,null
04,12,1990,null
04,13,1990,null
04,14,1990,null
04,15,1990,null
04,16,1990,null
04,17,1990,null
04,18,1990,null
04,19,1990,null
04,20,1990,null
04,21,1990,null
04,22,1990,null
04,23,1990,null
04,24,1990,null
04,25,1990,null
04,26,1990,null
04,27,1990,null
04,28,1990,null
04,29,1990,null
04,30,1990,null
05,01,1990,30.5
05,02,1990,29.0
05,03,1990,28.5
05,04,1990,29.75
05,05,1990,29.5
05,06,1990,28.5
05,07,1990,28.5
05,08,1990,29.0
05,09,1990,30.5
05,10,1990,30.5
05,11,1990,29.25
05,12,1990,29.5
05,13,1990,30.0
05,14,1990,30.5
05,15,1990,29.75
05,16,1990,30.0
05,17,1990,30.0
05,18,1990,30.25
05,19,1990,29.5
05,20,1990,30.0
05,21,1990,30.5
05,22,1990,28.25
05,23,1990,28.25
05,24,1990,28.5
05,25,1990,30.25
05,26,1990,30.5
05,27,1990,31.25
05,28,1990,32.5
05,29,1990,32.75
05,30,1990,31.25
05,31,1990,30.75
06,01,1990,28.0
06,02,1990,29.5
06,03,1990,29.25
06,04,1990,29.25
06,05,1990,28.75
06,06,1990,27.5
06,07,1990,28.0
06,08,1990,27.25
06,09,1990,28.5
06,10,1990,27.5
06,11,1990,27.75
06,12,1990,28.25
06,13,1990,28.75
06,14,1990,29.0
06,15,1990,28.75
06,16,1990,29.25
06,17,1990,29.25
06,18,1990,29.25
06,19,1990,27.25
06,20,1990,28.5
06,21,1990,28.25
06,22,1990,27.75
06,23,1990,28.75
06,24,1990,28.0
06,25,1990,28.5
06,26,1990,28.25
06,27,1990,27.75
06,28,1990,27.0
06,29,1990,25.5
06,30,1990,27.5
07,01,1990,28.5
07,02,1990,28.5
07,03,1990,28.75
07,04,1990,28.0
07,05,1990,27.0
07,06,1990,27.5
07,07,1990,28.0
07,08,1990,28.5
07,09,1990,28.75
07,10,1990,27.0
07,11,1990,28.0
07,12,1990,27.75
07,13,1990,28.5
07,14,1990,29.75
07,15,1990,28.0
07,16,1990,28.0
07,17,1990,27.5
07,18,1990,26.5
07,19,1990,28.25
07,20,1990,26.75
07,21,1990,28.25
07,22,1990,27.25
07,23,1990,27.75
07,24,1990,27.75
07,25,1990,28.5
07,26,1990,28.25
07,27,1990,28.5
07,28,1990,28.75
07,29,1990,28.75
07,30,1990,29.0
07,31,1990,28.25
08,01,1990,28.5
08,02,1990,27.25
08,03,1990,28.0
08,04,1990,27.75
08,05,1990,28.5
08,06,1990,27.5
08,07,1990,27.5
08,08,1990,28.5
08,09,1990,27.25
08,10,1990,28.5
08,11,1990,27.5
08,12,1990,27.5
08,13,1990,26.75
08,14,1990,26.75
08,15,1990,27.0
08,16,1990,27.5
08,17,1990,27.5
08,18,1990,28.75
08,19,1990,26.75
08,20,1990,27.5
08,21,1990,27.5
08,22,1990,25.5
08,23,1990,27.5
08,24,1990,27.75
08,25,1990,28.25
08,26,1990,28.25
08,27,1990,27.5
08,28,1990,27.75
08,29,1990,28.25
08,30,1990,27.5
08,31,1990,27.5
09,01,1990,27.5
09,02,1990,27.75
09,03,1990,27.75
09,04,1990,27.25
09,05,1990,27.25
09,06,1990,27.25
09,07,1990,27.0
09,08,1990,26.75
09,09,1990,28.25
09,10,1990,28.25
09,11,1990,28.0
09,12,1990,28.5
09,13,1990,28.25
09,14,1990,28.0
09,15,1990,28.0
09,16,1990,26.75
09,17,1990,27.5
09,18,1990,27.75
09,19,1990,28.25
09,20,1990,28.25
09,21,1990,28.25
09,22,1990,28.5
09,23,1990,29.25
09,24,1990,28.5
09,25,1990,28.0
09,26,1990,27.5
09,27,1990,28.25
09,28,1990,28.0
09,29,1990,28.0
09,30,1990,27.5
10,01,1990,27.25
10,02,1990,26.75
10,03,1990,26.75
10,04,1990,27.5
10,05,1990,27.0
10,06,1990,27.0
10,07,1990,27.25
10,08,1990,28.25
10,09,1990,28.25
10,10,1990,26.75
10,11,1990,24.0
10,12,1990,25.5
10,13,1990,26.75
10,14,1990,26.25
10,15,1990,26.75
10,16,1990,26.75
10,17,1990,27.5
10,18,1990,27.75
10,19,1990,26.75
10,20,1990,26.5
10,21,1990,26.75
10,22,1990,27.5
10,23,1990,28.0
10,24,1990,27.5
10,25,1990,27.75
10,26,1990,24.0
10,27,1990,24.75
10,28,1990,24.5
10,29,1990,24.5
10,30,1990,24.5
10,31,1990,24.25
11,01,1990,26.0
11,02,1990,26.0
11,03,1990,26.25
11,04,1990,25.75
11,05,1990,23.5
11,06,1990,23.75
11,07,1990,25.5
11,08,1990,25.5
11,09,1990,26.25
11,10,1990,22.25
11,11,1990,22.5
11,12,1990,21.75
11,13,1990,22.75
11,14,1990,21.25
11,15,1990,24.0
11,16,1990,25.25
11,17,1990,25.5
11,18,1990,26.75
11,19,1990,23.5
11,20,1990,24.25
11,21,1990,24.5
11,22,1990,24.5
11,23,1990,25.0
11,24,1990,24.5
11,25,1990,24.5
11,26,1990,24.5
11,27,1990,24.75
11,28,1990,26.0
11,29,1990,24.5
11,30,1990,24.25
12,01,1990,null
12,02,1990,null
12,03,1990,null
12,04,1990,null
12,05,1990,null
12,06,1990,null
12,07,1990,null
12,08,1990,null
12,09,1990,null
12,10,1990,null
12,11,1990,null
12,12,1990,null
12,13,1990,null
12,14,1990,null
12,15,1990,null
12,16,1990,null
12,17,1990,null
12,18,1990,null
12,19,1990,null
12,20,1990,null
12,21,1990,null
12,22,1990,null
12,23,1990,null
12,24,1990,null
12,25,1990,null
12,26,1990,null
12,27,1990,null
12,28,1990,null
12,29,1990,null
12,30,1990,null
12,31,1990,null
01,01,1991,null
01,02,1991,null
01,03,1991,null
01,04,1991,null
01,05,1991,null
01,06,1991,null
01,07,1991,null
01,08,1991,null
01,09,1991,null
01,10,1991,null
01,11,1991,null
01,12,1991,null
01,13,1991,null
01,14,1991,null
01,15,1991,null
01,16,1991,null
01,17,1991,null
01,18,1991,null
01,19,1991,null
01,20,1991,null
01,21,1991,null
01,22,1991,null
01,23,1991,null
01,24,1991,null
01,25,1991,null
01,26,1991,null
01,27,1991,null
01,28,1991,null
01,29,1991,null
01,30,1991,null
01,31,1991,null
02,01,1991,null
02,02,1991,null
02,03,1991,null
02,04,1991,null
02,05,1991,null
02,06,1991,null
02,07,1991,null
02,08,1991,null
02,09,1991,null
02,10,1991,null
02,11,1991,null
02,12,1991,null
02,13,1991,null
02,14,1991,null
02,15,1991,null
02,16,1991,null
02,17,1991,null
02,18,1991,null
02,19,1991,null
02,20,1991,null
02,21,1991,null
02,22,1991,null
02,23,1991,null
02,24,1991,null
02,25,1991,null
02,26,1991,null
02,27,1991,null
02,28,1991,null
03,01,1991,null
03,02,1991,null
03,03,1991,null
03,04,1991,null
03,05,1991,null
03,06,1991,null
03,07,1991,null
03,08,1991,null
03,09,1991,null
03,10,1991,null
03,11,1991,null
03,12,1991,null
03,13,1991,null
03,14,1991,null
03,15,1991,null
03,16,1991,null
03,17,1991,null
03,18,1991,null
03,19,1991,null
03,20,1991,null
03,21,1991,null
03,22,1991,null
03,23,1991,null
03,24,1991,null
03,25,1991,null
03,26,1991,null
03,27,1991,null
03,28,1991,null
03,29,1991,null
03,30,1991,null
03,31,1991,null
04,01,1991,null
04,02,1991,null
04,03,1991,null
04,04,1991,null
04,05,1991,null
04,06,1991,null
04,07,1991,null
04,08,1991,null
04,09,1991,null
04,10,1991,null
04,11,1991,null
04,12,1991,null
04,13,1991,null
04,14,1991,null
04,15,1991,null
04,16,1991,null
04,17,1991,null
04,18,1991,null
04,19,1991,null
04,20,1991,null
04,21,1991,null
04,22,1991,null
04,23,1991,null
04,24,1991,null
04,25,1991,null
04,26,1991,null
04,27,1991,null
04,28,1991,null
04,29,1991,null
04,30,1991,null
05,01,1991,null
05,02,1991,null
05,03,1991,null
05,04,1991,null
05,05,1991,null
05,06,1991,null
05,07,1991,null
05,08,1991,null
05,09,1991,null
05,10,1991,null
05,11,1991,null
05,12,1991,null
05,13,1991,null
05,14,1991,null
05,15,1991,null
05,16,1991,null
05,17,1991,null
05,18,1991,null
05,19,1991,null
05,20,1991,null
05,21,1991,null
05,22,1991,null
05,23,1991,null
05,24,1991,null
05,25,1991,null
05,26,1991,null
05,27,1991,null
05,28,1991,null
05,29,1991,null
05,30,1991,null
05,31,1991,null
06,01,1991,null
06,02,1991,null
06,03,1991,null
06,04,1991,null
06,05,1991,null
06,06,1991,null
06,07,1991,null
06,08,1991,null
06,09,1991,null
06,10,1991,null
06,11,1991,null
06,12,1991,null
06,13,1991,null
06,14,1991,null
06,15,1991,null
06,16,1991,null
06,17,1991,null
06,18,1991,null
06,19,1991,null
06,20,1991,null
06,21,1991,null
06,22,1991,null
06,23,1991,null
06,24,1991,null
06,25,1991,null
06,26,1991,null
06,27,1991,null
06,28,1991,null
06,29,1991,null
06,30,1991,null
07,01,1991,null
07,02,1991,null
07,03,1991,null
07,04,1991,null
07,05,1991,null
07,06,1991,null
07,07,1991,null
07,08,1991,null
07,09,1991,null
07,10,1991,null
07,11,1991,null
07,12,1991,null
07,13,1991,null
07,14,1991,null
07,15,1991,null
07,16,1991,null
07,17,1991,null
07,18,1991,null
07,19,1991,null
07,20,1991,null
07,21,1991,null
07,22,1991,null
07,23,1991,null
07,24,1991,null
07,25,1991,null
07,26,1991,null
07,27,1991,null
07,28,1991,null
07,29,1991,null
07,30,1991,null
07,31,1991,null
08,01,1991,null
08,02,1991,null
08,03,1991,null
08,04,1991,null
08,05,1991,null
08,06,1991,null
08,07,1991,null
08,08,1991,null
08,09,1991,null
08,10,1991,null
08,11,1991,null
08,12,1991,null
08,13,1991,null
08,14,1991,null
08,15,1991,null
08,16,1991,null
08,17,1991,null
08,18,1991,null
08,19,1991,null
08,20,1991,null
08,21,1991,null
08,22,1991,null
08,23,1991,null
08,24,1991,null
08,25,1991,null
08,26,1991,null
08,27,1991,null
08,28,1991,null
08,29,1991,null
08,30,1991,null
08,31,1991,null
09,01,1991,null
09,02,1991,null
09,03,1991,null
09,04,1991,null
09,05,1991,null
09,06,1991,null
09,07,1991,null
09,08,1991,null
09,09,1991,null
09,10,1991,null
09,11,1991,null
09,12,1991,null
09,13,1991,null
09,14,1991,null
09,15,1991,null
09,16,1991,null
09,17,1991,null
09,18,1991,null
09,19,1991,null
09,20,1991,null
09,21,1991,null
09,22,1991,null
09,23,1991,null
09,24,1991,null
09,25,1991,null
09,26,1991,null
09,27,1991,null
09,28,1991,null
09,29,1991,null
09,30,1991,null
10,01,1991,null
10,02,1991,null
10,03,1991,null
10,04,1991,null
10,05,1991,null
10,06,1991,null
10,07,1991,null
10,08,1991,null
10,09,1991,null
10,10,1991,null
10,11,1991,null
10,12,1991,null
10,13,1991,null
10,14,1991,null
10,15,1991,null
10,16,1991,null
10,17,1991,null
10,18,1991,null
10,19,1991,null
10,20,1991,null
10,21,1991,null
10,22,1991,null
10,23,1991,null
10,24,1991,null
10,25,1991,null
10,26,1991,null
10,27,1991,null
10,28,1991,null
10,29,1991,null
10,30,1991,null
10,31,1991,null
11,01,1991,null
11,02,1991,null
11,03,1991,null
11,04,1991,null
11,05,1991,null
11,06,1991,null
11,07,1991,null
11,08,1991,null
11,09,1991,null
11,10,1991,null
11,11,1991,null
11,12,1991,null
11,13,1991,null
11,14,1991,null
11,15,1991,null
11,16,1991,null
11,17,1991,null
11,18,1991,null
11,19,1991,null
11,20,1991,null
11,21,1991,null
11,22,1991,null
11,23,1991,null
11,24,1991,null
11,25,1991,null
11,26,1991,null
11,27,1991,null
11,28,1991,null
11,29,1991,null
11,30,1991,null
12,01,1991,null
12,02,1991,null
12,03,1991,null
12,04,1991,null
12,05,1991,null
12,06,1991,null
12,07,1991,null
12,08,1991,null
12,09,1991,null
12,10,1991,null
12,11,1991,null
12,12,1991,null
12,13,1991,null
12,14,1991,null
12,15,1991,null
12,16,1991,null
12,17,1991,null
12,18,1991,null
12,19,1991,null
12,20,1991,null
12,21,1991,null
12,22,1991,null
12,23,1991,null
12,24,1991,null
12,25,1991,null
12,26,1991,null
12,27,1991,null
12,28,1991,null
12,29,1991,null
12,30,1991,null
12,31,1991,null
01,01,1992,null
01,02,1992,null
01,03,1992,null
01,04,1992,null
01,05,1992,null
01,06,1992,null
01,07,1992,null
01,08,1992,null
01,09,1992,null
01,10,1992,null
01,11,1992,null
01,12,1992,null
01,13,1992,null
01,14,1992,null
01,15,1992,null
01,16,1992,null
01,17,1992,null
01,18,1992,null
01,19,1992,null
01,20,1992,null
01,21,1992,null
01,22,1992,null
01,23,1992,null
01,24,1992,null
01,25,1992,null
01,26,1992,null
01,27,1992,null
01,28,1992,null
01,29,1992,null
01,30,1992,null
01,31,1992,null
02,01,1992,null
02,02,1992,null
02,03,1992,null
02,04,1992,null
02,05,1992,null
02,06,1992,null
02,07,1992,null
02,08,1992,null
02,09,1992,null
02,10,1992,null
02,11,1992,null
02,12,1992,null
02,13,1992,null
02,14,1992,null
02,15,1992,null
02,16,1992,null
02,17,1992,null
02,18,1992,null
02,19,1992,null
02,20,1992,null
02,21,1992,null
02,22,1992,null
02,23,1992,null
02,24,1992,null
02,25,1992,null
02,26,1992,null
02,27,1992,null
02,28,1992,null
02,29,1992,null
03,01,1992,null
03,02,1992,null
03,03,1992,null
03,04,1992,null
03,05,1992,null
03,06,1992,null
03,07,1992,null
03,08,1992,null
03,09,1992,null
03,10,1992,null
03,11,1992,null
03,12,1992,null
03,13,1992,null
03,14,1992,null
03,15,1992,null
03,16,1992,null
03,17,1992,null
03,18,1992,null
03,19,1992,null
03,20,1992,null
03,21,1992,null
03,22,1992,null
03,23,1992,null
03,24,1992,null
03,25,1992,null
03,26,1992,null
03,27,1992,null
03,28,1992,null
03,29,1992,null
03,30,1992,null
03,31,1992,null
04,01,1992,null
04,02,1992,null
04,03,1992,null
04,04,1992,null
04,05,1992,null
04,06,1992,null
04,07,1992,null
04,08,1992,null
04,09,1992,null
04,10,1992,null
04,11,1992,null
04,12,1992,null
04,13,1992,null
04,14,1992,null
04,15,1992,null
04,16,1992,null
04,17,1992,null
04,18,1992,null
04,19,1992,null
04,20,1992,null
04,21,1992,null
04,22,1992,null
04,23,1992,null
04,24,1992,null
04,25,1992,null
04,26,1992,null
04,27,1992,null
04,28,1992,null
04,29,1992,null
04,30,1992,null
05,01,1992,null
05,02,1992,null
05,03,1992,null
05,04,1992,null
05,05,1992,null
05,06,1992,null
05,07,1992,null
05,08,1992,null
05,09,1992,null
05,10,1992,null
05,11,1992,null
05,12,1992,null
05,13,1992,null
05,14,1992,null
05,15,1992,null
05,16,1992,null
05,17,1992,null
05,18,1992,null
05,19,1992,null
05,20,1992,null
05,21,1992,null
05,22,1992,null
05,23,1992,null
05,24,1992,null
05,25,1992,null
05,26,1992,null
05,27,1992,null
05,28,1992,null
05,29,1992,null
05,30,1992,null
05,31,1992,null
06,01,1992,null
06,02,1992,null
06,03,1992,null
06,04,1992,null
06,05,1992,null
06,06,1992,null
06,07,1992,null
06,08,1992,null
06,09,1992,null
06,10,1992,null
06,11,1992,null
06,12,1992,null
06,13,1992,null
06,14,1992,null
06,15,1992,null
06,16,1992,null
06,17,1992,null
06,18,1992,null
06,19,1992,null
06,20,1992,null
06,21,1992,null
06,22,1992,null
06,23,1992,null
06,24,1992,null
06,25,1992,null
06,26,1992,null
06,27,1992,null
06,28,1992,null
06,29,1992,null
06,30,1992,null
07,01,1992,null
07,02,1992,null
07,03,1992,null
07,04,1992,null
07,05,1992,null
07,06,1992,null
07,07,1992,null
07,08,1992,null
07,09,1992,null
07,10,1992,null
07,11,1992,null
07,12,1992,null
07,13,1992,null
07,14,1992,null
07,15,1992,null
07,16,1992,null
07,17,1992,null
07,18,1992,null
07,19,1992,null
07,20,1992,null
07,21,1992,null
07,22,1992,null
07,23,1992,null
07,24,1992,null
07,25,1992,null
07,26,1992,null
07,27,1992,null
07,28,1992,null
07,29,1992,null
07,30,1992,null
07,31,1992,null
08,01,1992,null
08,02,1992,null
08,03,1992,null
08,04,1992,null
08,05,1992,null
08,06,1992,null
08,07,1992,null
08,08,1992,null
08,09,1992,null
08,10,1992,null
08,11,1992,null
08,12,1992,null
08,13,1992,null
08,14,1992,null
08,15,1992,null
08,16,1992,null
08,17,1992,null
08,18,1992,null
08,19,1992,null
08,20,1992,null
08,21,1992,null
08,22,1992,null
08,23,1992,null
08,24,1992,null
08,25,1992,null
08,26,1992,null
08,27,1992,null
08,28,1992,null
08,29,1992,null
08,30,1992,null
08,31,1992,null
09,01,1992,26.5
09,02,1992,27.5
09,03,1992,27.25
09,04,1992,27.5
09,05,1992,28.0
09,06,1992,25.75
09,07,1992,28.25
09,08,1992,28.0
09,09,1992,27.0
09,10,1992,27.0
09,11,1992,26.5
09,12,1992,27.5
09,13,1992,27.75
09,14,1992,28.25
09,15,1992,27.75
09,16,1992,27.5
09,17,1992,27.75
09,18,1992,27.75
09,19,1992,27.75
09,20,1992,27.25
09,21,1992,27.25
09,22,1992,28.25
09,23,1992,26.25
09,24,1992,27.75
09,25,1992,28.75
09,26,1992,28.75
09,27,1992,28.25
09,28,1992,28.75
09,29,1992,28.0
09,30,1992,27.75
10,01,1992,24.25
10,02,1992,22.5
10,03,1992,27.5
10,04,1992,28.0
10,05,1992,28.5
10,06,1992,29.25
10,07,1992,28.0
10,08,1992,29.0
10,09,1992,28.5
10,10,1992,28.5
10,11,1992,29.5
10,12,1992,30.0
10,13,1992,29.25
10,14,1992,28.0
10,15,1992,28.5
10,16,1992,28.25
10,17,1992,27.25
10,18,1992,28.75
10,19,1992,27.0
10,20,1992,27.5
10,21,1992,28.75
10,22,1992,29.0
10,23,1992,28.25
10,24,1992,28.75
10,25,1992,27.75
10,26,1992,27.5
10,27,1992,27.75
10,28,1992,27.25
10,29,1992,28.25
10,30,1992,28.0
10,31,1992,27.75
11,01,1992,28.25
11,02,1992,30.0
11,03,1992,27.25
11,04,1992,29.0
11,05,1992,28.75
11,06,1992,29.0
11,07,1992,27.5
11,08,1992,27.0
11,09,1992,26.75
11,10,1992,27.0
11,11,1992,28.25
11,12,1992,28.5
11,13,1992,28.5
11,14,1992,28.0
11,15,1992,26.25
11,16,1992,26.75
11,17,1992,26.5
11,18,1992,27.0
11,19,1992,26.75
11,20,1992,28.0
11,21,1992,28.0
11,22,1992,27.0
11,23,1992,28.0
11,24,1992,28.5
11,25,1992,29.75
11,26,1992,29.0
11,27,1992,26.5
11,28,1992,23.0
11,29,1992,24.5
11,30,1992,21.75
12,01,1992,26.25
12,02,1992,25.5
12,03,1992,25.0
12,04,1992,24.75
12,05,1992,25.25
12,06,1992,25.25
12,07,1992,26.5
12,08,1992,26.75
12,09,1992,27.0
12,10,1992,27.75
12,11,1992,24.75
12,12,1992,22.75
12,13,1992,24.0
12,14,1992,25.0
12,15,1992,27.25
12,16,1992,27.5
12,17,1992,28.25
12,18,1992,26.75
12,19,1992,25.5
12,20,1992,26.0
12,21,1992,25.5
12,22,1992,27.0
12,23,1992,26.5
12,24,1992,26.25
12,25,1992,24.25
12,26,1992,27.0
12,27,1992,26.25
12,28,1992,25.5
12,29,1992,27.0
12,30,1992,26.0
12,31,1992,26.75
01,01,1993,24.5
01,02,1993,25.0
01,03,1993,27.5
01,04,1993,27.25
01,05,1993,27.5
01,06,1993,26.5
01,07,1993,26.25
01,08,1993,28.25
01,09,1993,27.5
01,10,1993,27.5
01,11,1993,27.25
01,12,1993,26.75
01,13,1993,28.25
01,14,1993,26.75
01,15,1993,26.75
01,16,1993,28.0
01,17,1993,26.75
01,18,1993,26.75
01,19,1993,26.5
01,20,1993,26.5
01,21,1993,25.5
01,22,1993,25.75
01,23,1993,25.0
01,24,1993,26.25
01,25,1993,24.25
01,26,1993,23.5
01,27,1993,21.0
01,28,1993,21.0
01,29,1993,21.5
01,30,1993,21.75
01,31,1993,25.0
02,01,1993,24.5
02,02,1993,22.75
02,03,1993,23.25
02,04,1993,23.25
02,05,1993,25.25
02,06,1993,25.0
02,07,1993,22.0
02,08,1993,22.25
02,09,1993,23.25
02,10,1993,25.5
02,11,1993,28.0
02,12,1993,27.0
02,13,1993,25.0
02,14,1993,24.0
02,15,1993,26.25
02,16,1993,28.75
02,17,1993,27.25
02,18,1993,27.75
02,19,1993,26.25
02,20,1993,26.5
02,21,1993,27.75
02,22,1993,29.5
02,23,1993,26.5
02,24,1993,27.75
02,25,1993,27.25
02,26,1993,28.5
02,27,1993,28.0
02,28,1993,27.5
03,01,1993,27.5
03,02,1993,26.5
03,03,1993,26.25
03,04,1993,26.0
03,05,1993,26.0
03,06,1993,25.75
03,07,1993,23.0
03,08,1993,23.75
03,09,1993,25.75
03,10,1993,25.75
03,11,1993,26.25
03,12,1993,28.75
03,13,1993,24.75
03,14,1993,20.0
03,15,1993,22.0
03,16,1993,23.5
03,17,1993,26.25
03,18,1993,25.25
03,19,1993,24.0
03,20,1993,26.0
03,21,1993,26.0
03,22,1993,26.5
03,23,1993,26.75
03,24,1993,29.0
03,25,1993,29.5
03,26,1993,30.0
03,27,1993,29.5
03,28,1993,29.75
03,29,1993,29.5
03,30,1993,29.25
03,31,1993,29.25
04,01,1993,28.0
04,02,1993,28.5
04,03,1993,28.5
04,04,1993,30.0
04,05,1993,29.75
04,06,1993,29.25
04,07,1993,28.75
04,08,1993,31.25
04,09,1993,26.75
04,10,1993,26.75
04,11,1993,27.0
04,12,1993,27.25
04,13,1993,29.0
04,14,1993,30.5
04,15,1993,30.0
04,16,1993,29.0
04,17,1993,28.5
04,18,1993,26.0
04,19,1993,28.5
04,20,1993,30.0
04,21,1993,28.5
04,22,1993,26.0
04,23,1993,27.0
04,24,1993,27.5
04,25,1993,29.25
04,26,1993,29.5
04,27,1993,29.5
04,28,1993,29.0
04,29,1993,29.25
04,30,1993,29.5
05,01,1993,29.25
05,02,1993,30.0
05,03,1993,28.25
05,04,1993,28.5
05,05,1993,29.5
05,06,1993,30.5
05,07,1993,29.75
05,08,1993,29.25
05,09,1993,30.5
05,10,1993,26.5
05,11,1993,26.75
05,12,1993,27.5
05,13,1993,28.75
05,14,1993,28.75
05,15,1993,29.5
05,16,1993,28.75
05,17,1993,29.0
05,18,1993,31.0
05,19,1993,30.5
05,20,1993,28.0
05,21,1993,29.0
05,22,1993,30.5
05,23,1993,29.5
05,24,1993,30.5
05,25,1993,30.25
05,26,1993,28.5
05,27,1993,28.0
05,28,1993,28.5
05,29,1993,29.0
05,30,1993,29.5
05,31,1993,29.5
06,01,1993,28.25
06,02,1993,29.5
06,03,1993,30.0
06,04,1993,30.0
06,05,1993,32.0
06,06,1993,31.0
06,07,1993,30.75
06,08,1993,30.5
06,09,1993,29.75
06,10,1993,28.25
06,11,1993,28.0
06,12,1993,28.0
06,13,1993,28.25
06,14,1993,28.75
06,15,1993,27.5
06,16,1993,27.0
06,17,1993,28.0
06,18,1993,29.5
06,19,1993,27.5
06,20,1993,29.0
06,21,1993,30.0
06,22,1993,28.5
06,23,1993,29.75
06,24,1993,29.75
06,25,1993,29.0
06,26,1993,29.0
06,27,1993,28.75
06,28,1993,28.0
06,29,1993,27.75
06,30,1993,25.0
07,01,1993,28.0
07,02,1993,26.25
07,03,1993,24.5
07,04,1993,26.25
07,05,1993,28.25
07,06,1993,27.75
07,07,1993,26.75
07,08,1993,28.25
07,09,1993,27.25
07,10,1993,28.75
07,11,1993,28.5
07,12,1993,28.25
07,13,1993,28.0
07,14,1993,27.25
07,15,1993,29.5
07,16,1993,29.0
07,17,1993,29.25
07,18,1993,28.75
07,19,1993,29.0
07,20,1993,28.25
07,21,1993,28.25
07,22,1993,28.0
07,23,1993,28.5
07,24,1993,28.5
07,25,1993,28.75
07,26,1993,28.75
07,27,1993,28.75
07,28,1993,28.5
07,29,1993,29.0
07,30,1993,27.25
07,31,1993,28.5
08,01,1993,29.25
08,02,1993,28.75
08,03,1993,28.25
08,04,1993,26.5
08,05,1993,27.25
08,06,1993,26.5
08,07,1993,26.75
08,08,1993,28.0
08,09,1993,28.25
08,10,1993,27.75
08,11,1993,27.75
08,12,1993,26.75
08,13,1993,27.75
08,14,1993,27.0
08,15,1993,27.25
08,16,1993,28.5
08,17,1993,28.25
08,18,1993,27.5
08,19,1993,28.25
08,20,1993,27.75
08,21,1993,27.25
08,22,1993,28.5
08,23,1993,27.75
08,24,1993,29.0
08,25,1993,26.5
08,26,1993,27.75
08,27,1993,28.75
08,28,1993,28.5
08,29,1993,28.75
08,30,1993,29.0
08,31,1993,27.0
09,01,1993,28.5
09,02,1993,28.0
09,03,1993,28.5
09,04,1993,27.5
09,05,1993,28.5
09,06,1993,30.0
09,07,1993,28.5
09,08,1993,28.25
09,09,1993,28.25
09,10,1993,27.0
09,11,1993,28.75
09,12,1993,28.0
09,13,1993,28.75
09,14,1993,28.5
09,15,1993,29.75
09,16,1993,28.0
09,17,1993,28.25
09,18,1993,27.75
09,19,1993,28.25
09,20,1993,29.0
09,21,1993,29.5
09,22,1993,29.0
09,23,1993,27.75
09,24,1993,27.25
09,25,1993,28.5
09,26,1993,28.25
09,27,1993,26.75
09,28,1993,27.75
09,29,1993,28.5
09,30,1993,26.5
10,01,1993,29.0
10,02,1993,29.0
10,03,1993,26.5
10,04,1993,28.25
10,05,1993,27.5
10,06,1993,27.75
10,07,1993,29.5
10,08,1993,29.25
10,09,1993,29.25
10,10,1993,28.25
10,11,1993,29.0
10,12,1993,29.0
10,13,1993,28.25
10,14,1993,27.0
10,15,1993,28.75
10,16,1993,28.25
10,17,1993,28.75
10,18,1993,28.75
10,19,1993,28.0
10,20,1993,28.0
10,21,1993,28.75
10,22,1993,27.0
10,23,1993,26.75
10,24,1993,25.0
10,25,1993,27.25
10,26,1993,23.0
10,27,1993,27.25
10,28,1993,28.5
10,29,1993,27.5
10,30,1993,29.75
10,31,1993,27.0
11,01,1993,23.5
11,02,1993,25.25
11,03,1993,23.5
11,04,1993,27.0
11,05,1993,27.5
11,06,1993,30.0
11,07,1993,29.25
11,08,1993,25.75
11,09,1993,27.5
11,10,1993,28.25
11,11,1993,28.25
11,12,1993,28.0
11,13,1993,27.75
11,14,1993,28.0
11,15,1993,28.25
11,16,1993,27.5
11,17,1993,28.5
11,18,1993,28.0
11,19,1993,28.25
11,20,1993,28.0
11,21,1993,29.25
11,22,1993,26.75
11,23,1993,26.5
11,24,1993,26.5
11,25,1993,26.0
11,26,1993,24.25
11,27,1993,25.0
11,28,1993,26.25
11,29,1993,26.0
11,30,1993,24.5
12,01,1993,26.5
12,02,1993,26.5
12,03,1993,26.75
12,04,1993,27.75
12,05,1993,27.25
12,06,1993,27.5
12,07,1993,27.5
12,08,1993,27.75
12,09,1993,26.5
12,10,1993,25.25
12,11,1993,26.0
12,12,1993,26.25
12,13,1993,26.25
12,14,1993,25.5
12,15,1993,25.5
12,16,1993,24.0
12,17,1993,24.25
12,18,1993,25.75
12,19,1993,25.25
12,20,1993,24.5
12,21,1993,25.5
12,22,1993,25.0
12,23,1993,26.25
12,24,1993,26.5
12,25,1993,24.5
12,26,1993,21.5
12,27,1993,20.0
12,28,1993,22.75
12,29,1993,25.5
12,30,1993,25.75
12,31,1993,25.5
01,01,1994,24.5
01,02,1994,27.0
01,03,1994,24.75
01,04,1994,25.25
01,05,1994,21.5
01,06,1994,21.75
01,07,1994,23.0
01,08,1994,22.0
01,09,1994,21.25
01,10,1994,22.0
01,11,1994,24.5
01,12,1994,26.5
01,13,1994,27.25
01,14,1994,25.25
01,15,1994,20.75
01,16,1994,20.75
01,17,1994,24.5
01,18,1994,23.0
01,19,1994,23.5
01,20,1994,23.75
01,21,1994,23.5
01,22,1994,24.0
01,23,1994,24.25
01,24,1994,25.5
01,25,1994,26.25
01,26,1994,25.75
01,27,1994,26.0
01,28,1994,28.25
01,29,1994,26.5
01,30,1994,26.0
01,31,1994,26.0
02,01,1994,25.75
02,02,1994,22.75
02,03,1994,21.5
02,04,1994,23.75
02,05,1994,25.25
02,06,1994,25.5
02,07,1994,26.25
02,08,1994,25.25
02,09,1994,26.0
02,10,1994,27.5
02,11,1994,26.0
02,12,1994,27.25
02,13,1994,25.5
02,14,1994,26.5
02,15,1994,25.75
02,16,1994,27.0
02,17,1994,26.5
02,18,1994,26.0
02,19,1994,25.25
02,20,1994,26.75
02,21,1994,27.25
02,22,1994,26.25
02,23,1994,27.75
02,24,1994,27.25
02,25,1994,27.75
02,26,1994,27.75
02,27,1994,27.0
02,28,1994,27.0
03,01,1994,27.5
03,02,1994,25.5
03,03,1994,23.0
03,04,1994,22.75
03,05,1994,24.25
03,06,1994,25.5
03,07,1994,26.25
03,08,1994,26.5
03,09,1994,26.0
03,10,1994,25.25
03,11,1994,21.5
03,12,1994,23.75
03,13,1994,24.75
03,14,1994,27.5
03,15,1994,26.5
03,16,1994,25.5
03,17,1994,25.0
03,18,1994,26.25
03,19,1994,28.25
03,20,1994,29.5
03,21,1994,29.5
03,22,1994,29.5
03,23,1994,28.75
03,24,1994,29.25
03,25,1994,28.75
03,26,1994,28.5
03,27,1994,30.0
03,28,1994,28.25
03,29,1994,25.75
03,30,1994,22.75
03,31,1994,25.5
04,01,1994,26.0
04,02,1994,26.5
04,03,1994,27.75
04,04,1994,27.5
04,05,1994,27.75
04,06,1994,30.0
04,07,1994,29.0
04,08,1994,28.25
04,09,1994,27.25
04,10,1994,27.75
04,11,1994,28.0
04,12,1994,29.25
04,13,1994,29.25
04,14,1994,29.5
04,15,1994,28.25
04,16,1994,28.5
04,17,1994,28.0
04,18,1994,29.5
04,19,1994,26.75
04,20,1994,28.5
04,21,1994,28.25
04,22,1994,28.25
04,23,1994,28.25
04,24,1994,29.5
04,25,1994,29.0
04,26,1994,29.75
04,27,1994,30.0
04,28,1994,29.75
04,29,1994,30.25
04,30,1994,30.25
05,01,1994,30.25
05,02,1994,30.25
05,03,1994,30.0
05,04,1994,29.75
05,05,1994,30.0
05,06,1994,30.5
05,07,1994,29.75
05,08,1994,30.25
05,09,1994,30.0
05,10,1994,30.0
05,11,1994,30.5
05,12,1994,30.25
05,13,1994,29.75
05,14,1994,30.75
05,15,1994,30.0
05,16,1994,29.0
05,17,1994,29.75
05,18,1994,28.25
05,19,1994,28.25
05,20,1994,26.75
05,21,1994,28.25
05,22,1994,28.0
05,23,1994,27.75
05,24,1994,28.5
05,25,1994,28.5
05,26,1994,29.5
05,27,1994,30.0
05,28,1994,30.25
05,29,1994,30.25
05,30,1994,29.75
05,31,1994,28.75
06,01,1994,25.25
06,02,1994,27.75
06,03,1994,30.25
06,04,1994,30.25
06,05,1994,29.5
06,06,1994,30.0
06,07,1994,30.0
06,08,1994,29.75
06,09,1994,30.25
06,10,1994,28.75
06,11,1994,28.5
06,12,1994,28.5
06,13,1994,29.0
06,14,1994,28.25
06,15,1994,29.25
06,16,1994,28.75
06,17,1994,27.25
06,18,1994,27.0
06,19,1994,28.75
06,20,1994,29.25
06,21,1994,28.75
06,22,1994,28.75
06,23,1994,30.0
06,24,1994,29.25
06,25,1994,29.0
06,26,1994,28.75
06,27,1994,27.25
06,28,1994,27.75
06,29,1994,28.5
06,30,1994,28.5
07,01,1994,28.75
07,02,1994,28.5
07,03,1994,29.5
07,04,1994,28.5
07,05,1994,28.25
07,06,1994,28.0
07,07,1994,28.75
07,08,1994,28.25
07,09,1994,28.5
07,10,1994,28.5
07,11,1994,27.75
07,12,1994,28.5
07,13,1994,29.25
07,14,1994,29.5
07,15,1994,28.5
07,16,1994,29.25
07,17,1994,28.75
07,18,1994,27.75
07,19,1994,28.5
07,20,1994,26.5
07,21,1994,27.0
07,22,1994,27.25
07,23,1994,28.75
07,24,1994,28.0
07,25,1994,28.25
07,26,1994,28.75
07,27,1994,29.5
07,28,1994,29.0
07,29,1994,28.25
07,30,1994,29.25
07,31,1994,28.75
08,01,1994,29.0
08,02,1994,28.25
08,03,1994,29.0
08,04,1994,28.5
08,05,1994,28.75
08,06,1994,29.0
08,07,1994,28.25
08,08,1994,28.5
08,09,1994,29.5
08,10,1994,28.75
08,11,1994,28.5
08,12,1994,29.0
08,13,1994,29.0
08,14,1994,28.0
08,15,1994,28.75
08,16,1994,29.5
08,17,1994,28.75
08,18,1994,28.75
08,19,1994,28.0
08,20,1994,28.5
08,21,1994,28.25
08,22,1994,27.75
08,23,1994,28.5
08,24,1994,29.0
08,25,1994,28.5
08,26,1994,28.75
08,27,1994,27.5
08,28,1994,27.75
08,29,1994,28.25
08,30,1994,28.0
08,31,1994,28.25
09,01,1994,28.0
09,02,1994,28.0
09,03,1994,26.25
09,04,1994,28.25
09,05,1994,28.75
09,06,1994,29.5
09,07,1994,28.75
09,08,1994,28.5
09,09,1994,28.5
09,10,1994,28.5
09,11,1994,28.5
09,12,1994,29.0
09,13,1994,28.75
09,14,1994,28.75
09,15,1994,30.25
09,16,1994,29.0
09,17,1994,30.25
09,18,1994,30.0
09,19,1994,29.0
09,20,1994,28.0
09,21,1994,28.0
09,22,1994,29.25
09,23,1994,29.75
09,24,1994,28.75
09,25,1994,27.5
09,26,1994,27.75
09,27,1994,27.25
09,28,1994,26.75
09,29,1994,27.0
09,30,1994,28.25
10,01,1994,29.0
10,02,1994,30.5
10,03,1994,29.75
10,04,1994,30.0
10,05,1994,30.0
10,06,1994,30.0
10,07,1994,28.75
10,08,1994,28.75
10,09,1994,29.0
10,10,1994,28.5
10,11,1994,28.0
10,12,1994,25.75
10,13,1994,27.25
10,14,1994,28.25
10,15,1994,29.0
10,16,1994,29.5
10,17,1994,29.25
10,18,1994,28.75
10,19,1994,28.5
10,20,1994,28.75
10,21,1994,29.0
10,22,1994,28.25
10,23,1994,29.5
10,24,1994,29.25
10,25,1994,28.0
10,26,1994,28.0
10,27,1994,28.25
10,28,1994,28.25
10,29,1994,29.0
10,30,1994,28.75
10,31,1994,29.0
11,01,1994,29.5
11,02,1994,27.75
11,03,1994,27.5
11,04,1994,27.25
11,05,1994,27.25
11,06,1994,27.0
11,07,1994,27.75
11,08,1994,27.5
11,09,1994,27.5
11,10,1994,27.75
11,11,1994,27.0
11,12,1994,27.5
11,13,1994,26.5
11,14,1994,24.5
11,15,1994,25.75
11,16,1994,26.75
11,17,1994,26.5
11,18,1994,27.25
11,19,1994,26.25
11,20,1994,27.5
11,21,1994,28.0
11,22,1994,26.5
11,23,1994,25.75
11,24,1994,26.75
11,25,1994,26.75
11,26,1994,27.25
11,27,1994,27.5
11,28,1994,27.5
11,29,1994,28.0
11,30,1994,27.75
12,01,1994,27.0
12,02,1994,28.0
12,03,1994,26.25
12,04,1994,27.5
12,05,1994,27.25
12,06,1994,27.5
12,07,1994,26.5
12,08,1994,25.75
12,09,1994,26.25
12,10,1994,27.0
12,11,1994,27.25
12,12,1994,26.75
12,13,1994,26.25
12,14,1994,26.25
12,15,1994,26.25
12,16,1994,26.25
12,17,1994,26.0
12,18,1994,26.25
12,19,1994,27.25
12,20,1994,27.75
12,21,1994,27.25
12,22,1994,25.75
12,23,1994,23.5
12,24,1994,23.5
12,25,1994,22.25
12,26,1994,23.5
12,27,1994,23.0
12,28,1994,24.0
12,29,1994,25.75
12,30,1994,25.5
12,31,1994,25.0
01,01,1995,24.75
01,02,1995,26.0
01,03,1995,26.75
01,04,1995,28.5
01,05,1995,27.25
01,06,1995,26.5
01,07,1995,27.0
01,08,1995,25.75
01,09,1995,25.5
01,10,1995,25.75
01,11,1995,23.75
01,12,1995,23.75
01,13,1995,26.75
01,14,1995,24.25
01,15,1995,24.75
01,16,1995,23.0
01,17,1995,22.75
01,18,1995,25.5
01,19,1995,24.25
01,20,1995,23.0
01,21,1995,22.25
01,22,1995,23.0
01,23,1995,25.25
01,24,1995,25.0
01,25,1995,24.75
01,26,1995,24.0
01,27,1995,22.5
01,28,1995,25.75
01,29,1995,25.0
01,30,1995,25.5
01,31,1995,22.25
02,01,1995,22.5
02,02,1995,23.0
02,03,1995,24.5
02,04,1995,25.0
02,05,1995,22.0
02,06,1995,22.5
02,07,1995,23.25
02,08,1995,24.5
02,09,1995,24.5
02,10,1995,25.5
02,11,1995,27.0
02,12,1995,28.25
02,13,1995,27.75
02,14,1995,27.25
02,15,1995,27.0
02,16,1995,28.25
02,17,1995,27.5
02,18,1995,26.75
02,19,1995,27.5
02,20,1995,27.25
02,21,1995,24.5
02,22,1995,23.0
02,23,1995,23.25
02,24,1995,24.5
02,25,1995,25.0
02,26,1995,25.0
02,27,1995,25.25
02,28,1995,26.75
03,01,1995,27.0
03,02,1995,28.5
03,03,1995,27.0
03,04,1995,27.5
03,05,1995,25.5
03,06,1995,26.75
03,07,1995,29.5
03,08,1995,28.25
03,09,1995,24.0
03,10,1995,21.75
03,11,1995,23.0
03,12,1995,24.75
03,13,1995,26.25
03,14,1995,27.0
03,15,1995,28.0
03,16,1995,26.5
03,17,1995,27.25
03,18,1995,24.75
03,19,1995,25.5
03,20,1995,25.75
03,21,1995,27.0
03,22,1995,30.0
03,23,1995,30.75
03,24,1995,29.25
03,25,1995,30.25
03,26,1995,29.5
03,27,1995,29.75
03,28,1995,29.75
03,29,1995,29.75
03,30,1995,29.75
03,31,1995,29.25
04,01,1995,27.25
04,02,1995,30.25
04,03,1995,29.25
04,04,1995,28.0
04,05,1995,29.75
04,06,1995,28.25
04,07,1995,30.25
04,08,1995,30.25
04,09,1995,29.75
04,10,1995,32.0
04,11,1995,31.25
04,12,1995,28.75
04,13,1995,28.5
04,14,1995,28.75
04,15,1995,30.0
04,16,1995,29.75
04,17,1995,29.0
04,18,1995,31.0
04,19,1995,30.0
04,20,1995,30.5
04,21,1995,31.25
04,22,1995,30.75
04,23,1995,31.5
04,24,1995,28.75
04,25,1995,28.25
04,26,1995,27.75
04,27,1995,26.5
04,28,1995,28.0
04,29,1995,28.0
04,30,1995,28.5
05,01,1995,29.0
05,02,1995,29.75
05,03,1995,29.75
05,04,1995,31.25
05,05,1995,30.0
05,06,1995,29.0
05,07,1995,29.5
05,08,1995,30.75
05,09,1995,30.5
05,10,1995,30.0
05,11,1995,30.25
05,12,1995,29.5
05,13,1995,30.25
05,14,1995,30.25
05,15,1995,29.75
05,16,1995,29.5
05,17,1995,30.0
05,18,1995,29.75
05,19,1995,30.5
05,20,1995,30.5
05,21,1995,30.5
05,22,1995,30.75
05,23,1995,29.0
05,24,1995,28.0
05,25,1995,30.25
05,26,1995,30.25
05,27,1995,30.5
05,28,1995,30.0
05,29,1995,31.0
05,30,1995,30.25
05,31,1995,30.75
06,01,1995,30.5
06,02,1995,28.75
06,03,1995,28.25
06,04,1995,29.75
06,05,1995,30.25
06,06,1995,30.25
06,07,1995,30.5
06,08,1995,30.5
06,09,1995,29.75
06,10,1995,28.5
06,11,1995,28.75
06,12,1995,30.0
06,13,1995,28.5
06,14,1995,28.75
06,15,1995,28.75
06,16,1995,28.5
06,17,1995,28.5
06,18,1995,27.75
06,19,1995,28.75
06,20,1995,27.25
06,21,1995,28.0
06,22,1995,27.75
06,23,1995,28.0
06,24,1995,29.25
06,25,1995,28.75
06,26,1995,27.25
06,27,1995,28.5
06,28,1995,28.5
06,29,1995,28.5
06,30,1995,28.5
07,01,1995,28.75
07,02,1995,27.5
07,03,1995,27.0
07,04,1995,28.75
07,05,1995,29.0
07,06,1995,28.0
07,07,1995,27.75
07,08,1995,27.0
07,09,1995,27.25
07,10,1995,27.5
07,11,1995,28.5
07,12,1995,27.25
07,13,1995,27.75
07,14,1995,28.25
07,15,1995,27.5
07,16,1995,28.0
07,17,1995,28.25
07,18,1995,28.5
07,19,1995,28.75
07,20,1995,28.75
07,21,1995,28.5
07,22,1995,28.75
07,23,1995,28.5
07,24,1995,27.25
07,25,1995,28.75
07,26,1995,27.0
07,27,1995,27.25
07,28,1995,28.25
07,29,1995,27.75
07,30,1995,28.25
07,31,1995,28.5
08,01,1995,30.25
08,02,1995,29.25
08,03,1995,29.0
08,04,1995,28.5
08,05,1995,29.0
08,06,1995,28.75
08,07,1995,28.5
08,08,1995,29.0
08,09,1995,27.5
08,10,1995,29.0
08,11,1995,28.5
08,12,1995,28.0
08,13,1995,28.25
08,14,1995,28.5
08,15,1995,29.5
08,16,1995,29.25
08,17,1995,28.75
08,18,1995,27.25
08,19,1995,27.25
08,20,1995,28.5
08,21,1995,27.75
08,22,1995,28.25
08,23,1995,29.25
08,24,1995,29.25
08,25,1995,28.75
08,26,1995,30.25
08,27,1995,29.0
08,28,1995,29.25
08,29,1995,27.75
08,30,1995,29.25
08,31,1995,28.5
09,01,1995,29.25
09,02,1995,29.0
09,03,1995,28.25
09,04,1995,27.25
09,05,1995,28.0
09,06,1995,28.0
09,07,1995,28.0
09,08,1995,27.25
09,09,1995,28.5
09,10,1995,28.5
09,11,1995,27.75
09,12,1995,29.0
09,13,1995,28.75
09,14,1995,29.0
09,15,1995,29.0
09,16,1995,28.25
09,17,1995,29.25
09,18,1995,28.5
09,19,1995,27.0
09,20,1995,29.0
09,21,1995,29.25
09,22,1995,29.0
09,23,1995,29.0
09,24,1995,28.5
09,25,1995,29.5
09,26,1995,28.75
09,27,1995,27.5
09,28,1995,25.75
09,29,1995,25.5
09,30,1995,25.5
10,01,1995,24.5
10,02,1995,24.0
10,03,1995,26.5
10,04,1995,29.25
10,05,1995,29.75
10,06,1995,29.25
10,07,1995,27.0
10,08,1995,29.25
10,09,1995,26.5
10,10,1995,25.75
10,11,1995,24.25
10,12,1995,23.5
10,13,1995,26.0
10,14,1995,27.5
10,15,1995,27.0
10,16,1995,24.5
10,17,1995,25.75
10,18,1995,27.5
10,19,1995,29.25
10,20,1995,28.75
10,21,1995,28.75
10,22,1995,27.75
10,23,1995,28.75
10,24,1995,29.5
10,25,1995,29.5
10,26,1995,30.25
10,27,1995,29.25
10,28,1995,30.0
10,29,1995,30.0
10,30,1995,29.75
10,31,1995,30.25
11,01,1995,29.75
11,02,1995,29.25
11,03,1995,29.75
11,04,1995,30.0
11,05,1995,29.75
11,06,1995,27.5
11,07,1995,28.25
11,08,1995,30.25
11,09,1995,29.5
11,10,1995,28.25
11,11,1995,28.5
11,12,1995,29.5
11,13,1995,30.0
11,14,1995,27.75
11,15,1995,28.0
11,16,1995,27.5
11,17,1995,26.5
11,18,1995,27.75
11,19,1995,28.0
11,20,1995,28.75
11,21,1995,27.75
11,22,1995,27.5
11,23,1995,28.5
11,24,1995,26.5
11,25,1995,25.0
11,26,1995,25.75
11,27,1995,24.5
11,28,1995,26.75
11,29,1995,26.25
11,30,1995,26.75
12,01,1995,28.25
12,02,1995,27.75
12,03,1995,29.0
12,04,1995,28.75
12,05,1995,27.0
12,06,1995,26.0
12,07,1995,25.5
12,08,1995,25.5
12,09,1995,28.25
12,10,1995,28.0
12,11,1995,27.25
12,12,1995,25.5
12,13,1995,26.75
12,14,1995,27.5
12,15,1995,26.5
12,16,1995,25.75
12,17,1995,26.5
12,18,1995,27.5
12,19,1995,27.25
12,20,1995,24.25
12,21,1995,24.5
12,22,1995,26.5
12,23,1995,25.5
12,24,1995,24.75
12,25,1995,23.5
12,26,1995,26.25
12,27,1995,24.0
12,28,1995,24.5
12,29,1995,24.0
12,30,1995,23.75
12,31,1995,26.0
01,01,1996,29.0
01,02,1996,26.75
01,03,1996,24.25
01,04,1996,21.5
01,05,1996,23.5
01,06,1996,26.25
01,07,1996,24.75
01,08,1996,21.25
01,09,1996,20.25
01,10,1996,20.0
01,11,1996,21.5
01,12,1996,20.5
01,13,1996,21.0
01,14,1996,21.5
01,15,1996,22.0
01,16,1996,22.25
01,17,1996,22.5
01,18,1996,24.5
01,19,1996,24.5
01,20,1996,22.0
01,21,1996,22.75
01,22,1996,24.0
01,23,1996,25.5
01,24,1996,27.5
01,25,1996,26.75
01,26,1996,26.25
01,27,1996,26.75
01,28,1996,26.0
01,29,1996,24.75
01,30,1996,26.0
01,31,1996,26.5
02,01,1996,27.0
02,02,1996,25.25
02,03,1996,24.5
02,04,1996,20.5
02,05,1996,17.5
02,06,1996,18.75
02,07,1996,21.5
02,08,1996,21.0
02,09,1996,23.5
02,10,1996,24.75
02,11,1996,27.5
02,12,1996,25.75
02,13,1996,24.25
02,14,1996,24.0
02,15,1996,26.5
02,16,1996,24.25
02,17,1996,22.75
02,18,1996,24.25
02,19,1996,26.75
02,20,1996,28.5
02,21,1996,28.75
02,22,1996,28.25
02,23,1996,28.0
02,24,1996,27.25
02,25,1996,27.0
02,26,1996,27.75
02,27,1996,28.25
02,28,1996,28.25
02,29,1996,26.25
03,01,1996,25.5
03,02,1996,24.5
03,03,1996,25.25
03,04,1996,27.5
03,05,1996,28.0
03,06,1996,28.5
03,07,1996,30.5
03,08,1996,27.25
03,09,1996,23.25
03,10,1996,21.0
03,11,1996,20.5
03,12,1996,21.25
03,13,1996,23.25
03,14,1996,22.5
03,15,1996,25.25
03,16,1996,26.0
03,17,1996,28.0
03,18,1996,27.5
03,19,1996,26.5
03,20,1996,23.75
03,21,1996,23.25
03,22,1996,21.75
03,23,1996,23.75
03,24,1996,24.25
03,25,1996,25.75
03,26,1996,28.25
03,27,1996,28.0
03,28,1996,28.25
03,29,1996,29.5
03,30,1996,29.75
03,31,1996,29.75
04,01,1996,26.25
04,02,1996,25.75
04,03,1996,26.25
04,04,1996,28.75
04,05,1996,30.25
04,06,1996,28.0
04,07,1996,25.75
04,08,1996,26.75
04,09,1996,25.75
04,10,1996,28.0
04,11,1996,27.5
04,12,1996,28.75
04,13,1996,30.0
04,14,1996,30.5
04,15,1996,31.5
04,16,1996,28.0
04,17,1996,27.75
04,18,1996,28.25
04,19,1996,28.5
04,20,1996,29.0
04,21,1996,29.25
04,22,1996,28.75
04,23,1996,30.0
04,24,1996,28.0
04,25,1996,28.25
04,26,1996,29.25
04,27,1996,29.0
04,28,1996,29.0
04,29,1996,30.5
04,30,1996,29.5
05,01,1996,27.5
05,02,1996,28.5
05,03,1996,29.0
05,04,1996,29.0
05,05,1996,29.5
05,06,1996,29.0
05,07,1996,29.5
05,08,1996,28.0
05,09,1996,29.25
05,10,1996,28.75
05,11,1996,29.25
05,12,1996,29.75
05,13,1996,30.0
05,14,1996,29.5
05,15,1996,29.75
05,16,1996,28.75
05,17,1996,27.25
05,18,1996,28.25
05,19,1996,28.5
05,20,1996,30.25
05,21,1996,31.0
05,22,1996,30.75
05,23,1996,30.0
05,24,1996,31.0
05,25,1996,31.0
05,26,1996,30.0
05,27,1996,30.75
05,28,1996,30.75
05,29,1996,30.75
05,30,1996,30.75
05,31,1996,30.75
06,01,1996,30.25
06,02,1996,30.25
06,03,1996,29.0
06,04,1996,28.5
06,05,1996,29.0
06,06,1996,29.5
06,07,1996,29.5
06,08,1996,30.25
06,09,1996,29.0
06,10,1996,30.0
06,11,1996,29.75
06,12,1996,30.5
06,13,1996,29.5
06,14,1996,29.25
06,15,1996,29.75
06,16,1996,30.0
06,17,1996,29.5
06,18,1996,29.5
06,19,1996,30.0
06,20,1996,28.5
06,21,1996,28.0
06,22,1996,29.5
06,23,1996,29.75
06,24,1996,29.0
06,25,1996,30.25
06,26,1996,29.5
06,27,1996,28.75
06,28,1996,28.5
06,29,1996,28.5
06,30,1996,29.0
07,01,1996,28.25
07,02,1996,28.5
07,03,1996,29.0
07,04,1996,27.5
07,05,1996,29.0
07,06,1996,28.75
07,07,1996,29.25
07,08,1996,29.0
07,09,1996,29.25
07,10,1996,30.0
07,11,1996,30.0
07,12,1996,29.0
07,13,1996,29.25
07,14,1996,29.5
07,15,1996,29.25
07,16,1996,29.25
07,17,1996,29.25
07,18,1996,28.0
07,19,1996,28.5
07,20,1996,28.25
07,21,1996,28.75
07,22,1996,29.5
07,23,1996,30.25
07,24,1996,29.25
07,25,1996,28.75
07,26,1996,27.5
07,27,1996,30.25
07,28,1996,27.75
07,29,1996,27.25
07,30,1996,26.75
07,31,1996,26.0
08,01,1996,28.75
08,02,1996,29.5
08,03,1996,29.25
08,04,1996,30.0
08,05,1996,29.25
08,06,1996,28.5
08,07,1996,28.25
08,08,1996,28.5
08,09,1996,27.25
08,10,1996,27.0
08,11,1996,29.25
08,12,1996,28.0
08,13,1996,27.75
08,14,1996,28.5
08,15,1996,28.0
08,16,1996,28.75
08,17,1996,29.25
08,18,1996,29.25
08,19,1996,28.75
08,20,1996,27.5
08,21,1996,26.0
08,22,1996,27.75
08,23,1996,29.55
08,24,1996,29.0
08,25,1996,29.5
08,26,1996,29.5
08,27,1996,30.0
08,28,1996,29.75
08,29,1996,29.75
08,30,1996,30.5
08,31,1996,30.75
09,01,1996,30.25
09,02,1996,30.75
09,03,1996,31.25
09,04,1996,31.5
09,05,1996,30.5
09,06,1996,31.0
09,07,1996,30.25
09,08,1996,30.25
09,09,1996,30.0
09,10,1996,30.25
09,11,1996,30.75
09,12,1996,29.25
09,13,1996,30.75
09,14,1996,30.0
09,15,1996,30.75
09,16,1996,30.0
09,17,1996,31.75
09,18,1996,31.25
09,19,1996,31.25
09,20,1996,30.0
09,21,1996,30.25
09,22,1996,31.25
09,23,1996,29.25
09,24,1996,29.5
09,25,1996,30.25
09,26,1996,29.75
09,27,1996,29.5
09,28,1996,29.25
09,29,1996,30.0
09,30,1996,30.25
10,01,1996,29.25
10,02,1996,30.5
10,03,1996,31.25
10,04,1996,31.75
10,05,1996,30.0
10,06,1996,28.25
10,07,1996,27.0
10,08,1996,27.5
10,09,1996,28.75
10,10,1996,28.0
10,11,1996,26.5
10,12,1996,26.25
10,13,1996,27.25
10,14,1996,29.25
10,15,1996,28.75
10,16,1996,27.75
10,17,1996,29.5
10,18,1996,29.0
10,19,1996,30.75
10,20,1996,27.75
10,21,1996,28.0
10,22,1996,29.0
10,23,1996,30.0
10,24,1996,28.5
10,25,1996,28.75
10,26,1996,29.75
10,27,1996,29.25
10,28,1996,28.5
10,29,1996,30.0
10,30,1996,28.5
10,31,1996,29.0
11,01,1996,28.0
11,02,1996,28.25
11,03,1996,27.5
11,04,1996,27.75
11,05,1996,29.0
11,06,1996,28.25
11,07,1996,27.75
11,08,1996,26.75
11,09,1996,24.5
11,10,1996,24.75
11,11,1996,24.5
11,12,1996,24.75
11,13,1996,24.25
11,14,1996,24.25
11,15,1996,27.0
11,16,1996,28.5
11,17,1996,28.0
11,18,1996,28.5
11,19,1996,28.75
11,20,1996,27.25
11,21,1996,26.5
11,22,1996,28.25
11,23,1996,27.25
11,24,1996,27.0
11,25,1996,28.5
11,26,1996,26.75
11,27,1996,24.5
11,28,1996,24.5
11,29,1996,23.75
11,30,1996,24.0
12,01,1996,26.5
12,02,1996,25.5
12,03,1996,28.0
12,04,1996,27.0
12,05,1996,27.25
12,06,1996,26.75
12,07,1996,26.5
12,08,1996,26.0
12,09,1996,25.25
12,10,1996,23.5
12,11,1996,23.25
12,12,1996,24.75
12,13,1996,26.5
12,14,1996,24.75
12,15,1996,24.0
12,16,1996,24.25
12,17,1996,25.25
12,18,1996,25.25
12,19,1996,23.25
12,20,1996,21.0
12,21,1996,19.25
12,22,1996,21.75
12,23,1996,23.25
12,24,1996,24.0
12,25,1996,24.5
12,26,1996,24.5
12,27,1996,23.75
12,28,1996,25.75
12,29,1996,26.5
12,30,1996,25.0
12,31,1996,25.25
01,01,1997,26.0
01,02,1997,26.0
01,03,1997,25.25
01,04,1997,25.5
01,05,1997,26.5
01,06,1997,26.5
01,07,1997,27.75
01,08,1997,26.5
01,09,1997,25.75
01,10,1997,23.5
01,11,1997,23.0
01,12,1997,25.0
01,13,1997,24.75
01,14,1997,22.5
01,15,1997,22.75
01,16,1997,22.5
01,17,1997,22.25
01,18,1997,20.75
01,19,1997,19.25
01,20,1997,20.5
01,21,1997,22.25
01,22,1997,23.75
01,23,1997,25.0
01,24,1997,26.0
01,25,1997,24.5
01,26,1997,26.75
01,27,1997,26.25
01,28,1997,27.5
01,29,1997,26.5
01,30,1997,25.25
01,31,1997,25.25
02,01,1997,24.25
02,02,1997,25.0
02,03,1997,25.25
02,04,1997,26.75
02,05,1997,27.5
02,06,1997,26.75
02,07,1997,26.5
02,08,1997,28.75
02,09,1997,28.5
02,10,1997,27.75
02,11,1997,28.0
02,12,1997,25.25
02,13,1997,27.5
02,14,1997,28.0
02,15,1997,26.5
02,16,1997,23.5
02,17,1997,23.0
02,18,1997,26.0
02,19,1997,25.25
02,20,1997,26.0
02,21,1997,28.0
02,22,1997,29.0
02,23,1997,27.0
02,24,1997,27.25
02,25,1997,26.5
02,26,1997,26.75
02,27,1997,28.25
02,28,1997,27.75
03,01,1997,28.0
03,02,1997,29.0
03,03,1997,29.5
03,04,1997,28.25
03,05,1997,27.75
03,06,1997,25.5
03,07,1997,26.0
03,08,1997,26.75
03,09,1997,25.75
03,10,1997,27.5
03,11,1997,28.0
03,12,1997,27.25
03,13,1997,28.5
03,14,1997,29.5
03,15,1997,29.75
03,16,1997,28.75
03,17,1997,27.25
03,18,1997,27.25
03,19,1997,27.5
03,20,1997,26.5
03,21,1997,26.25
03,22,1997,26.5
03,23,1997,27.0
03,24,1997,29.25
03,25,1997,29.5
03,26,1997,29.0
03,27,1997,28.5
03,28,1997,29.0
03,29,1997,29.0
03,30,1997,29.75
03,31,1997,30.75
04,01,1997,31.25
04,02,1997,29.5
04,03,1997,29.25
04,04,1997,30.0
04,05,1997,31.25
04,06,1997,30.25
04,07,1997,31.0
04,08,1997,31.0
04,09,1997,30.0
04,10,1997,29.25
04,11,1997,30.0
04,12,1997,31.25
04,13,1997,29.75
04,14,1997,27.5
04,15,1997,27.5
04,16,1997,28.5
04,17,1997,29.25
04,18,1997,29.0
04,19,1997,28.75
04,20,1997,30.25
04,21,1997,29.0
04,22,1997,31.25
04,23,1997,31.75
04,24,1997,31.5
04,25,1997,32.5
04,26,1997,31.75
04,27,1997,29.5
04,28,1997,28.75
04,29,1997,30.25
04,30,1997,30.25
05,01,1997,31.25
05,02,1997,31.75
05,03,1997,32.0
05,04,1997,30.0
05,05,1997,29.5
05,06,1997,29.5
05,07,1997,28.5
05,08,1997,29.75
05,09,1997,29.5
05,10,1997,30.0
05,11,1997,29.25
05,12,1997,29.25
05,13,1997,30.75
05,14,1997,29.5
05,15,1997,29.25
05,16,1997,29.75
05,17,1997,28.75
05,18,1997,29.5
05,19,1997,30.25
05,20,1997,30.0
05,21,1997,30.25
05,22,1997,29.75
05,23,1997,30.0
05,24,1997,30.25
05,25,1997,30.75
05,26,1997,30.5
05,27,1997,31.5
05,28,1997,30.0
05,29,1997,29.25
05,30,1997,27.5
05,31,1997,28.5
06,01,1997,29.5
06,02,1997,29.5
06,03,1997,29.25
06,04,1997,30.5
06,05,1997,29.75
06,06,1997,28.5
06,07,1997,29.0
06,08,1997,29.25
06,09,1997,30.5
06,10,1997,31.0
06,11,1997,28.5
06,12,1997,31.0
06,13,1997,30.5
06,14,1997,31.0
06,15,1997,31.0
06,16,1997,31.25
06,17,1997,31.5
06,18,1997,30.25
06,19,1997,30.75
06,20,1997,29.75
06,21,1997,29.75
06,22,1997,29.75
06,23,1997,29.0
06,24,1997,29.75
06,25,1997,29.25
06,26,1997,27.75
06,27,1997,28.25
06,28,1997,28.0
06,29,1997,27.25
06,30,1997,27.5
07,01,1997,28.0
07,02,1997,27.0
07,03,1997,28.0
07,04,1997,28.0
07,05,1997,28.0
07,06,1997,28.0
07,07,1997,28.5
07,08,1997,28.5
07,09,1997,29.5
07,10,1997,28.75
07,11,1997,27.5
07,12,1997,26.75
07,13,1997,26.5
07,14,1997,28.25
07,15,1997,28.75
07,16,1997,27.5
07,17,1997,29.0
07,18,1997,29.75
07,19,1997,30.25
07,20,1997,29.5
07,21,1997,30.0
07,22,1997,30.0
07,23,1997,29.25
07,24,1997,28.25
07,25,1997,28.25
07,26,1997,28.5
07,27,1997,29.0
07,28,1997,29.0
07,29,1997,28.5
07,30,1997,29.25
07,31,1997,29.75
08,01,1997,29.25
08,02,1997,28.25
08,03,1997,26.75
08,04,1997,27.75
08,05,1997,28.75
08,06,1997,27.0
08,07,1997,28.75
08,08,1997,28.5
08,09,1997,29.0
08,10,1997,29.5
08,11,1997,29.75
08,12,1997,27.75
08,13,1997,29.0
08,14,1997,30.75
08,15,1997,29.5
08,16,1997,29.0
08,17,1997,30.0
08,18,1997,29.75
08,19,1997,30.75
08,20,1997,30.25
08,21,1997,31.0
08,22,1997,30.75
08,23,1997,30.0
08,24,1997,29.5
08,25,1997,30.0
08,26,1997,29.25
08,27,1997,30.0
08,28,1997,29.0
08,29,1997,29.75
08,30,1997,29.0
08,31,1997,29.5
09,01,1997,null
09,02,1997,null
09,03,1997,null
09,04,1997,null
09,05,1997,null
09,06,1997,null
09,07,1997,null
09,08,1997,null
09,09,1997,null
09,10,1997,null
09,11,1997,null
09,12,1997,null
09,13,1997,null
09,14,1997,null
09,15,1997,null
09,16,1997,null
09,17,1997,null
09,18,1997,null
09,19,1997,null
09,20,1997,null
09,21,1997,null
09,22,1997,null
09,23,1997,null
09,24,1997,null
09,25,1997,null
09,26,1997,null
09,27,1997,null
09,28,1997,null
09,29,1997,null
09,30,1997,null
10,01,1997,28.75
10,02,1997,27.25
10,03,1997,28.0
10,04,1997,27.75
10,05,1997,28.0
10,06,1997,29.5
10,07,1997,30.25
10,08,1997,29.75
10,09,1997,31.0
10,10,1997,29.75
10,11,1997,29.25
10,12,1997,29.0
10,13,1997,29.25
10,14,1997,30.5
10,15,1997,25.0
10,16,1997,27.25
10,17,1997,23.25
10,18,1997,23.75
10,19,1997,26.0
10,20,1997,25.25
10,21,1997,26.0
10,22,1997,26.0
10,23,1997,28.0
10,24,1997,29.25
10,25,1997,29.25
10,26,1997,30.0
10,27,1997,28.5
10,28,1997,30.5
10,29,1997,30.0
10,30,1997,28.5
10,31,1997,29.0
11,01,1997,29.5
11,02,1997,29.0
11,03,1997,27.0
11,04,1997,25.25
11,05,1997,27.0
11,06,1997,28.25
11,07,1997,27.5
11,08,1997,27.5
11,09,1997,26.5
11,10,1997,24.75
11,11,1997,28.5
11,12,1997,29.0
11,13,1997,32.0
11,14,1997,31.5
11,15,1997,30.5
11,16,1997,29.0
11,17,1997,29.5
11,18,1997,28.5
11,19,1997,28.25
11,20,1997,27.25
11,21,1997,26.5
11,22,1997,27.75
11,23,1997,28.0
11,24,1997,27.75
11,25,1997,27.75
11,26,1997,27.75
11,27,1997,28.0
11,28,1997,27.75
11,29,1997,27.75
11,30,1997,27.75
12,01,1997,25.0
12,02,1997,25.75
12,03,1997,25.5
12,04,1997,25.25
12,05,1997,27.5
12,06,1997,25.0
12,07,1997,24.75
12,08,1997,26.75
12,09,1997,27.0
12,10,1997,26.0
12,11,1997,28.0
12,12,1997,24.0
12,13,1997,21.0
12,14,1997,18.75
12,15,1997,20.75
12,16,1997,20.5
12,17,1997,21.25
12,18,1997,21.75
12,19,1997,22.5
12,20,1997,24.25
12,21,1997,26.5
12,22,1997,27.75
12,23,1997,26.75
12,24,1997,29.0
12,25,1997,28.0
12,26,1997,27.5
12,27,1997,25.5
12,28,1997,21.5
12,29,1997,19.5
12,30,1997,22.5
12,31,1997,18.75
01,01,1998,null
01,02,1998,null
01,03,1998,null
01,04,1998,null
01,05,1998,null
01,06,1998,null
01,07,1998,null
01,08,1998,null
01,09,1998,null
01,10,1998,null
01,11,1998,null
01,12,1998,null
01,13,1998,null
01,14,1998,null
01,15,1998,null
01,16,1998,null
01,17,1998,null
01,18,1998,null
01,19,1998,null
01,20,1998,null
01,21,1998,null
01,22,1998,null
01,23,1998,null
01,24,1998,null
01,25,1998,null
01,26,1998,null
01,27,1998,null
01,28,1998,null
01,29,1998,null
01,30,1998,null
01,31,1998,null
02,01,1998,null
02,02,1998,null
02,03,1998,null
02,04,1998,null
02,05,1998,null
02,06,1998,null
02,07,1998,null
02,08,1998,null
02,09,1998,null
02,10,1998,null
02,11,1998,null
02,12,1998,null
02,13,1998,null
02,14,1998,null
02,15,1998,null
02,16,1998,null
02,17,1998,null
02,18,1998,null
02,19,1998,null
02,20,1998,null
02,21,1998,null
02,22,1998,null
02,23,1998,null
02,24,1998,null
02,25,1998,null
02,26,1998,null
02,27,1998,null
02,28,1998,null
03,01,1998,null
03,02,1998,null
03,03,1998,null
03,04,1998,null
03,05,1998,null
03,06,1998,null
03,07,1998,null
03,08,1998,null
03,09,1998,null
03,10,1998,null
03,11,1998,null
03,12,1998,null
03,13,1998,null
03,14,1998,null
03,15,1998,null
03,16,1998,null
03,17,1998,null
03,18,1998,null
03,19,1998,null
03,20,1998,null
03,21,1998,null
03,22,1998,null
03,23,1998,null
03,24,1998,null
03,25,1998,null
03,26,1998,null
03,27,1998,null
03,28,1998,null
03,29,1998,null
03,30,1998,null
03,31,1998,null
04,01,1998,null
04,02,1998,null
04,03,1998,null
04,04,1998,null
04,05,1998,null
04,06,1998,null
04,07,1998,null
04,08,1998,null
04,09,1998,null
04,10,1998,null
04,11,1998,null
04,12,1998,null
04,13,1998,null
04,14,1998,null
04,15,1998,null
04,16,1998,null
04,17,1998,null
04,18,1998,null
04,19,1998,null
04,20,1998,null
04,21,1998,null
04,22,1998,null
04,23,1998,null
04,24,1998,null
04,25,1998,null
04,26,1998,null
04,27,1998,null
04,28,1998,null
04,29,1998,null
04,30,1998,null
05,01,1998,30.25
05,02,1998,32.0
05,03,1998,32.25
05,04,1998,33.0
05,05,1998,33.0
05,06,1998,33.25
05,07,1998,32.75
05,08,1998,31.25
05,09,1998,30.0
05,10,1998,32.0
05,11,1998,31.5
05,12,1998,31.5
05,13,1998,32.25
05,14,1998,33.0
05,15,1998,31.75
05,16,1998,29.75
05,17,1998,30.5
05,18,1998,30.25
05,19,1998,30.25
05,20,1998,31.0
05,21,1998,30.5
05,22,1998,32.0
05,23,1998,31.25
05,24,1998,32.5
05,25,1998,30.5
05,26,1998,32.5
05,27,1998,31.25
05,28,1998,31.5
05,29,1998,31.75
05,30,1998,30.0
05,31,1998,31.0
06,01,1998,31.75
06,02,1998,32.5
06,03,1998,33.75
06,04,1998,34.5
06,05,1998,35.25
06,06,1998,34.5
06,07,1998,33.75
06,08,1998,32.0
06,09,1998,32.0
06,10,1998,31.75
06,11,1998,32.5
06,12,1998,32.5
06,13,1998,32.75
06,14,1998,33.0
06,15,1998,34.0
06,16,1998,34.75
06,17,1998,33.75
06,18,1998,33.0
06,19,1998,32.25
06,20,1998,32.5
06,21,1998,30.75
06,22,1998,30.75
06,23,1998,29.75
06,24,1998,30.0
06,25,1998,30.0
06,26,1998,30.0
06,27,1998,31.5
06,28,1998,31.5
06,29,1998,31.0
06,30,1998,29.0
07,01,1998,29.5
07,02,1998,29.5
07,03,1998,30.0
07,04,1998,30.75
07,05,1998,31.0
07,06,1998,29.75
07,07,1998,29.5
07,08,1998,29.0
07,09,1998,30.5
07,10,1998,31.0
07,11,1998,30.25
07,12,1998,31.0
07,13,1998,31.5
07,14,1998,31.0
07,15,1998,31.5
07,16,1998,30.5
07,17,1998,30.0
07,18,1998,29.75
07,19,1998,30.25
07,20,1998,30.75
07,21,1998,29.5
07,22,1998,29.25
07,23,1998,28.25
07,24,1998,28.5
07,25,1998,27.5
07,26,1998,28.75
07,27,1998,28.0
07,28,1998,27.5
07,29,1998,27.25
07,30,1998,29.0
07,31,1998,30.0
08,01,1998,30.0
08,02,1998,29.25
08,03,1998,29.25
08,04,1998,29.0
08,05,1998,30.25
08,06,1998,31.25
08,07,1998,31.75
08,08,1998,30.75
08,09,1998,29.5
08,10,1998,30.25
08,11,1998,30.0
08,12,1998,30.5
08,13,1998,30.75
08,14,1998,30.25
08,15,1998,31.0
08,16,1998,31.75
08,17,1998,31.0
08,18,1998,31.25
08,19,1998,30.75
08,20,1998,30.75
08,21,1998,31.0
08,22,1998,30.5
08,23,1998,31.25
08,24,1998,31.5
08,25,1998,31.25
08,26,1998,31.75
08,27,1998,31.5
08,28,1998,29.75
08,29,1998,27.75
08,30,1998,28.25
08,31,1998,30.25
09,01,1998,29.5
09,02,1998,30.25
09,03,1998,31.5
09,04,1998,32.75
09,05,1998,30.75
09,06,1998,29.75
09,07,1998,30.75
09,08,1998,30.5
09,09,1998,29.25
09,10,1998,31.5
09,11,1998,32.75
09,12,1998,32.0
09,13,1998,31.75
09,14,1998,31.75
09,15,1998,32.5
09,16,1998,30.75
09,17,1998,31.75
09,18,1998,31.5
09,19,1998,31.5
09,20,1998,32.25
09,21,1998,32.25
09,22,1998,32.25
09,23,1998,31.5
09,24,1998,30.5
09,25,1998,30.5
09,26,1998,30.25
09,27,1998,32.0
09,28,1998,31.0
09,29,1998,31.75
09,30,1998,31.25
10,01,1998,31.25
10,02,1998,31.25
10,03,1998,31.5
10,04,1998,31.25
10,05,1998,31.0
10,06,1998,30.5
10,07,1998,29.75
10,08,1998,30.0
10,09,1998,29.5
10,10,1998,30.5
10,11,1998,30.5
10,12,1998,30.0
10,13,1998,31.0
10,14,1998,28.75
10,15,1998,29.25
10,16,1998,28.75
10,17,1998,29.5
10,18,1998,30.75
10,19,1998,30.75
10,20,1998,30.0
10,21,1998,30.0
10,22,1998,26.5
10,23,1998,29.0
10,24,1998,27.25
10,25,1998,26.5
10,26,1998,28.5
10,27,1998,29.25
10,28,1998,28.25
10,29,1998,28.5
10,30,1998,29.0
10,31,1998,27.75
11,01,1998,27.75
11,02,1998,28.5
11,03,1998,28.5
11,04,1998,28.25
11,05,1998,27.0
11,06,1998,28.25
11,07,1998,27.75
11,08,1998,27.75
11,09,1998,28.5
11,10,1998,28.75
11,11,1998,27.25
11,12,1998,30.25
11,13,1998,27.75
11,14,1998,28.75
11,15,1998,30.0
11,16,1998,30.0
11,17,1998,28.25
11,18,1998,29.0
11,19,1998,28.25
11,20,1998,28.5
11,21,1998,29.25
11,22,1998,27.75
11,23,1998,27.5
11,24,1998,26.25
11,25,1998,28.0
11,26,1998,27.25
11,27,1998,27.0
11,28,1998,25.5
11,29,1998,27.5
11,30,1998,26.25
12,01,1998,24.75
12,02,1998,27.5
12,03,1998,27.5
12,04,1998,26.5
12,05,1998,27.25
12,06,1998,27.0
12,07,1998,28.0
12,08,1998,29.25
12,09,1998,26.0
12,10,1998,27.25
12,11,1998,27.25
12,12,1998,26.5
12,13,1998,25.0
12,14,1998,22.75
12,15,1998,23.0
12,16,1998,22.25
12,17,1998,20.25
12,18,1998,22.25
12,19,1998,24.5
12,20,1998,25.5
12,21,1998,26.75
12,22,1998,28.25
12,23,1998,27.25
12,24,1998,25.75
12,25,1998,27.5
12,26,1998,27.75
12,27,1998,27.75
12,28,1998,27.5
12,29,1998,28.25
12,30,1998,28.0
12,31,1998,26.75
01,01,1999,26.0
01,02,1999,28.25
01,03,1999,24.0
01,04,1999,23.0
01,05,1999,21.5
01,06,1999,23.75
01,07,1999,24.0
01,08,1999,25.0
01,09,1999,28.25
01,10,1999,23.0
01,11,1999,23.0
01,12,1999,21.25
01,13,1999,23.25
01,14,1999,26.25
01,15,1999,25.75
01,16,1999,25.5
01,17,1999,27.0
01,18,1999,28.25
01,19,1999,26.75
01,20,1999,25.75
01,21,1999,26.75
01,22,1999,28.25
01,23,1999,24.75
01,24,1999,22.75
01,25,1999,22.25
01,26,1999,24.0
01,27,1999,24.5
01,28,1999,26.75
01,29,1999,28.0
01,30,1999,27.75
01,31,1999,27.5
02,01,1999,27.5
02,02,1999,27.25
02,03,1999,26.75
02,04,1999,27.0
02,05,1999,27.75
02,06,1999,26.5
02,07,1999,26.25
02,08,1999,27.0
02,09,1999,26.75
02,10,1999,27.0
02,11,1999,27.5
02,12,1999,24.75
02,13,1999,22.5
02,14,1999,20.75
02,15,1999,21.75
02,16,1999,23.75
02,17,1999,26.75
02,18,1999,28.25
02,19,1999,29.0
02,20,1999,27.75
02,21,1999,26.75
02,22,1999,24.75
02,23,1999,25.25
02,24,1999,25.25
02,25,1999,26.0
02,26,1999,25.25
02,27,1999,26.0
02,28,1999,27.75
03,01,1999,27.5
03,02,1999,28.5
03,03,1999,28.0
03,04,1999,27.5
03,05,1999,27.25
03,06,1999,27.0
03,07,1999,27.5
03,08,1999,26.75
03,09,1999,26.5
03,10,1999,27.0
03,11,1999,28.25
03,12,1999,28.75
03,13,1999,30.5
03,14,1999,24.75
03,15,1999,23.5
03,16,1999,22.75
03,17,1999,24.5
03,18,1999,26.75
03,19,1999,27.75
03,20,1999,29.0
03,21,1999,28.25
03,22,1999,27.0
03,23,1999,28.25
03,24,1999,29.0
03,25,1999,29.5
03,26,1999,30.25
03,27,1999,29.25
03,28,1999,30.0
03,29,1999,30.75
03,30,1999,28.75
03,31,1999,29.75
04,01,1999,30.0
04,02,1999,30.25
04,03,1999,30.25
04,04,1999,30.5
04,05,1999,31.5
04,06,1999,31.5
04,07,1999,29.75
04,08,1999,29.25
04,09,1999,28.75
04,10,1999,29.75
04,11,1999,30.0
04,12,1999,30.75
04,13,1999,30.5
04,14,1999,30.5
04,15,1999,32.0
04,16,1999,29.5
04,17,1999,27.75
04,18,1999,25.75
04,19,1999,26.25
04,20,1999,27.75
04,21,1999,28.0
04,22,1999,29.25
04,23,1999,30.75
04,24,1999,30.75
04,25,1999,30.0
04,26,1999,31.25
04,27,1999,31.75
04,28,1999,31.5
04,29,1999,32.0
04,30,1999,33.0
05,01,1999,33.0
05,02,1999,33.25
05,03,1999,33.0
05,04,1999,33.0
05,05,1999,33.5
05,06,1999,34.0
05,07,1999,29.25
05,08,1999,30.0
05,09,1999,30.75
05,10,1999,30.75
05,11,1999,31.0
05,12,1999,31.0
05,13,1999,31.5
05,14,1999,31.5
05,15,1999,30.5
05,16,1999,31.25
05,17,1999,31.5
05,18,1999,31.5
05,19,1999,29.75
05,20,1999,29.5
05,21,1999,30.0
05,22,1999,30.0
05,23,1999,29.75
05,24,1999,29.75
05,25,1999,30.25
05,26,1999,31.0
05,27,1999,31.5
05,28,1999,30.5
05,29,1999,30.0
05,30,1999,30.5
05,31,1999,30.75
06,01,1999,30.75
06,02,1999,30.0
06,03,1999,29.25
06,04,1999,29.0
06,05,1999,30.0
06,06,1999,28.75
06,07,1999,28.25
06,08,1999,29.0
06,09,1999,29.5
06,10,1999,28.0
06,11,1999,28.5
06,12,1999,29.75
06,13,1999,29.75
06,14,1999,30.0
06,15,1999,30.5
06,16,1999,29.75
06,17,1999,30.25
06,18,1999,30.0
06,19,1999,30.5
06,20,1999,30.0
06,21,1999,29.5
06,22,1999,28.75
06,23,1999,29.0
06,24,1999,30.25
06,25,1999,30.0
06,26,1999,30.25
06,27,1999,29.0
06,28,1999,29.75
06,29,1999,30.25
06,30,1999,28.75
07,01,1999,29.0
07,02,1999,29.0
07,03,1999,28.75
07,04,1999,29.5
07,05,1999,27.5
07,06,1999,29.5
07,07,1999,29.0
07,08,1999,29.0
07,09,1999,30.0
07,10,1999,29.5
07,11,1999,26.0
07,12,1999,28.25
07,13,1999,29.0
07,14,1999,28.0
07,15,1999,28.25
07,16,1999,28.25
07,17,1999,29.75
07,18,1999,29.0
07,19,1999,27.75
07,20,1999,27.5
07,21,1999,28.75
07,22,1999,29.25
07,23,1999,27.75
07,24,1999,28.25
07,25,1999,27.5
07,26,1999,29.0
07,27,1999,29.75
07,28,1999,29.25
07,29,1999,29.75
07,30,1999,28.75
07,31,1999,29.75
08,01,1999,30.0
08,02,1999,29.75
08,03,1999,29.25
08,04,1999,29.25
08,05,1999,null
08,06,1999,30.0
08,07,1999,28.5
08,08,1999,29.75
08,09,1999,29.75
08,10,1999,29.0
08,11,1999,29.0
08,12,1999,30.0
08,13,1999,29.75
08,14,1999,29.5
08,15,1999,29.75
08,16,1999,30.0
08,17,1999,27.75
08,18,1999,29.5
08,19,1999,28.5
08,20,1999,29.5
08,21,1999,30.5
08,22,1999,30.75
08,23,1999,31.75
08,24,1999,31.75
08,25,1999,31.0
08,26,1999,30.25
08,27,1999,31.25
08,28,1999,31.25
08,29,1999,32.25
08,30,1999,31.0
08,31,1999,30.5
09,01,1999,30.0
09,02,1999,30.0
09,03,1999,29.25
09,04,1999,30.5
09,05,1999,29.75
09,06,1999,30.5
09,07,1999,31.5
09,08,1999,29.75
09,09,1999,29.5
09,10,1999,28.75
09,11,1999,28.5
09,12,1999,29.5
09,13,1999,29.75
09,14,1999,30.5
09,15,1999,30.25
09,16,1999,30.5
09,17,1999,29.5
09,18,1999,28.0
09,19,1999,28.75
09,20,1999,28.25
09,21,1999,29.25
09,22,1999,29.0
09,23,1999,28.0
09,24,1999,29.25
09,25,1999,30.0
09,26,1999,30.5
09,27,1999,28.0
09,28,1999,29.0
09,29,1999,30.25
09,30,1999,29.5
10,01,1999,30.75
10,02,1999,28.5
10,03,1999,29.0
10,04,1999,29.25
10,05,1999,30.5
10,06,1999,29.25
10,07,1999,29.25
10,08,1999,30.0
10,09,1999,30.25
10,10,1999,29.5
10,11,1999,29.0
10,12,1999,28.75
10,13,1999,27.0
10,14,1999,28.0
10,15,1999,28.0
10,16,1999,28.75
10,17,1999,28.25
10,18,1999,27.75
10,19,1999,28.5
10,20,1999,27.25
10,21,1999,24.75
10,22,1999,24.25
10,23,1999,25.0
10,24,1999,25.75
10,25,1999,22.5
10,26,1999,24.5
10,27,1999,26.25
10,28,1999,26.75
10,29,1999,28.25
10,30,1999,26.25
10,31,1999,22.5
11,01,1999,23.25
11,02,1999,25.5
11,03,1999,25.5
11,04,1999,25.0
11,05,1999,24.5
11,06,1999,23.25
11,07,1999,25.0
11,08,1999,24.75
11,09,1999,25.0
11,10,1999,25.5
11,11,1999,26.25
11,12,1999,24.75
11,13,1999,26.0
11,14,1999,24.25
11,15,1999,23.5
11,16,1999,24.75
11,17,1999,25.25
11,18,1999,26.5
11,19,1999,25.0
11,20,1999,24.25
11,21,1999,25.75
11,22,1999,26.0
11,23,1999,27.25
11,24,1999,26.25
11,25,1999,25.75
11,26,1999,24.0
11,27,1999,24.75
11,28,1999,23.75
11,29,1999,24.0
11,30,1999,24.25
12,01,1999,23.25
12,02,1999,21.5
12,03,1999,22.5
12,04,1999,24.0
12,05,1999,25.0
12,06,1999,25.25
12,07,1999,25.25
12,08,1999,25.25
12,09,1999,25.0
12,10,1999,21.75
12,11,1999,25.75
12,12,1999,27.0
12,13,1999,25.5
12,14,1999,22.75
12,15,1999,24.5
12,16,1999,23.5
12,17,1999,25.5
12,18,1999,24.75
12,19,1999,25.0
12,20,1999,26.0
12,21,1999,25.5
12,22,1999,26.75
12,23,1999,26.0
12,24,1999,26.25
12,25,1999,22.75
12,26,1999,22.25
12,27,1999,21.0
12,28,1999,20.0
12,29,1999,21.25
12,30,1999,22.25
12,31,1999,24.25
01,01,2000,24.25
01,02,2000,25.0
01,03,2000,26.5
01,04,2000,26.0
01,05,2000,24.75
01,06,2000,22.75
01,07,2000,24.0
01,08,2000,25.75
01,09,2000,26.0
01,10,2000,26.25
01,11,2000,25.5
01,12,2000,25.5
01,13,2000,26.0
01,14,2000,25.0
01,15,2000,22.5
01,16,2000,24.0
01,17,2000,23.75
01,18,2000,22.5
01,19,2000,23.5
01,20,2000,24.25
01,21,2000,23.25
01,22,2000,23.75
01,23,2000,25.5
01,24,2000,23.75
01,25,2000,25.25
01,26,2000,23.0
01,27,2000,23.0
01,28,2000,24.5
01,29,2000,25.5
01,30,2000,26.0
01,31,2000,26.0
02,01,2000,26.75
02,02,2000,26.5
02,03,2000,25.75
02,04,2000,24.75
02,05,2000,22.25
02,06,2000,22.0
02,07,2000,21.5
02,08,2000,23.0
02,09,2000,22.5
02,10,2000,21.75
02,11,2000,24.0
02,12,2000,25.0
02,13,2000,26.25
02,14,2000,29.0
02,15,2000,28.75
02,16,2000,27.5
02,17,2000,26.25
02,18,2000,25.0
02,19,2000,27.25
02,20,2000,27.25
02,21,2000,26.5
02,22,2000,26.75
02,23,2000,26.0
02,24,2000,24.75
02,25,2000,26.25
02,26,2000,27.0
02,27,2000,27.5
02,28,2000,26.75
02,29,2000,null
03,01,2000,27.0
03,02,2000,26.75
03,03,2000,26.5
03,04,2000,28.0
03,05,2000,28.25
03,06,2000,30.25
03,07,2000,27.5
03,08,2000,26.5
03,09,2000,28.25
03,10,2000,29.75
03,11,2000,30.25
03,12,2000,28.0
03,13,2000,27.75
03,14,2000,27.75
03,15,2000,29.5
03,16,2000,31.0
03,17,2000,31.25
03,18,2000,29.75
03,19,2000,31.0
03,20,2000,30.0
03,21,2000,29.0
03,22,2000,29.0
03,23,2000,29.5
03,24,2000,29.5
03,25,2000,28.5
03,26,2000,30.0
03,27,2000,30.5
03,28,2000,31.5
03,29,2000,32.5
03,30,2000,33.25
03,31,2000,32.0
04,01,2000,30.5
04,02,2000,30.75
04,03,2000,31.25
04,04,2000,27.75
04,05,2000,26.75
04,06,2000,28.25
04,07,2000,29.5
04,08,2000,29.0
04,09,2000,29.25
04,10,2000,28.5
04,11,2000,29.0
04,12,2000,29.75
04,13,2000,26.75
04,14,2000,29.25
04,15,2000,31.0
04,16,2000,31.0
04,17,2000,32.0
04,18,2000,31.25
04,19,2000,31.5
04,20,2000,29.5
04,21,2000,30.25
04,22,2000,29.75
04,23,2000,31.25
04,24,2000,22.75
04,25,2000,30.25
04,26,2000,30.0
04,27,2000,31.0
04,28,2000,31.25
04,29,2000,31.0
04,30,2000,32.0
05,01,2000,30.25
05,02,2000,31.25
05,03,2000,32.0
05,04,2000,31.25
05,05,2000,31.5
05,06,2000,31.75
05,07,2000,32.0
05,08,2000,33.0
05,09,2000,32.5
05,10,2000,33.25
05,11,2000,33.25
05,12,2000,33.75
05,13,2000,32.75
05,14,2000,30.25
05,15,2000,28.75
05,16,2000,31.0
05,17,2000,29.25
05,18,2000,29.75
05,19,2000,29.25
05,20,2000,29.5
05,21,2000,30.75
05,22,2000,30.25
05,23,2000,30.0
05,24,2000,32.0
05,25,2000,33.5
05,26,2000,32.25
05,27,2000,30.5
05,28,2000,29.5
05,29,2000,30.25
05,30,2000,31.25
05,31,2000,31.0
06,01,2000,31.25
06,02,2000,31.25
06,03,2000,28.75
06,04,2000,28.75
06,05,2000,29.5
06,06,2000,31.0
06,07,2000,28.75
06,08,2000,30.0
06,09,2000,30.75
06,10,2000,31.0
06,11,2000,31.0
06,12,2000,31.0
06,13,2000,29.75
06,14,2000,30.5
06,15,2000,31.25
06,16,2000,29.25
06,17,2000,30.0
06,18,2000,31.5
06,19,2000,29.0
06,20,2000,29.75
06,21,2000,30.25
06,22,2000,30.75
06,23,2000,31.25
06,24,2000,29.75
06,25,2000,28.75
06,26,2000,29.75
06,27,2000,29.5
06,28,2000,29.5
06,29,2000,30.75
06,30,2000,29.75
07,01,2000,30.5
07,02,2000,29.75
07,03,2000,30.25
07,04,2000,28.5
07,05,2000,30.0
07,06,2000,31.0
07,07,2000,30.5
07,08,2000,28.25
07,09,2000,29.5
07,10,2000,28.25
07,11,2000,30.5
07,12,2000,29.5
07,13,2000,30.25
07,14,2000,30.0
07,15,2000,31.25
07,16,2000,31.75
07,17,2000,29.0
07,18,2000,29.75
07,19,2000,30.5
07,20,2000,29.25
07,21,2000,31.0
07,22,2000,30.25
07,23,2000,28.75
07,24,2000,30.25
07,25,2000,29.75
07,26,2000,30.5
07,27,2000,30.75
07,28,2000,30.5
07,29,2000,30.25
07,30,2000,30.0
07,31,2000,29.0
08,01,2000,29.5
08,02,2000,28.25
08,03,2000,29.75
08,04,2000,30.5
08,05,2000,30.25
08,06,2000,29.25
08,07,2000,28.5
08,08,2000,27.0
08,09,2000,27.0
08,10,2000,27.5
08,11,2000,28.5
08,12,2000,26.75
08,13,2000,30.0
08,14,2000,30.0
08,15,2000,29.75
08,16,2000,30.5
08,17,2000,30.0
08,18,2000,30.0
08,19,2000,29.25
08,20,2000,30.0
08,21,2000,30.5
08,22,2000,29.0
08,23,2000,29.25
08,24,2000,29.75
08,25,2000,19.75
08,26,2000,29.5
08,27,2000,30.25
08,28,2000,30.5
08,29,2000,31.25
08,30,2000,31.25
08,31,2000,31.25
09,01,2000,29.5
09,02,2000,28.75
09,03,2000,30.0
09,04,2000,30.5
09,05,2000,29.0
09,06,2000,30.0
09,07,2000,29.75
09,08,2000,28.5
09,09,2000,30.25
09,10,2000,31.25
09,11,2000,30.75
09,12,2000,31.5
09,13,2000,30.5
09,14,2000,29.5
09,15,2000,29.25
09,16,2000,29.0
09,17,2000,27.75
09,18,2000,29.0
09,19,2000,30.0
09,20,2000,29.0
09,21,2000,30.0
09,22,2000,31.0
09,23,2000,30.0
09,24,2000,31.0
09,25,2000,30.5
09,26,2000,28.75
09,27,2000,30.0
09,28,2000,27.75
09,29,2000,27.5
09,30,2000,27.0
10,01,2000,26.0
10,02,2000,25.75
10,03,2000,24.5
10,04,2000,29.75
10,05,2000,29.75
10,06,2000,30.25
10,07,2000,30.25
10,08,2000,29.5
10,09,2000,24.0
10,10,2000,26.0
10,11,2000,27.5
10,12,2000,28.25
10,13,2000,28.5
10,14,2000,27.75
10,15,2000,28.5
10,16,2000,29.5
10,17,2000,28.25
10,18,2000,28.75
10,19,2000,28.0
10,20,2000,27.25
10,21,2000,29.0
10,22,2000,30.25
10,23,2000,28.5
10,24,2000,27.75
10,25,2000,28.5
10,26,2000,28.75
10,27,2000,29.5
10,28,2000,29.5
10,29,2000,28.5
10,30,2000,29.5
10,31,2000,28.25
11,01,2000,28.75
11,02,2000,28.5
11,03,2000,29.0
11,04,2000,29.0
11,05,2000,28.75
11,06,2000,29.0
11,07,2000,30.25
11,08,2000,30.5
11,09,2000,28.25
11,10,2000,29.5
11,11,2000,29.0
11,12,2000,29.5
11,13,2000,29.5
11,14,2000,29.0
11,15,2000,29.0
11,16,2000,28.75
11,17,2000,29.0
11,18,2000,28.0
11,19,2000,28.75
11,20,2000,28.0
11,21,2000,25.5
11,22,2000,26.25
11,23,2000,27.25
11,24,2000,28.5
11,25,2000,27.75
11,26,2000,26.75
11,27,2000,26.0
11,28,2000,27.0
11,29,2000,27.25
11,30,2000,27.25
12,01,2000,26.0
12,02,2000,26.0
12,03,2000,25.5
12,04,2000,24.75
12,05,2000,24.75
12,06,2000,23.0
12,07,2000,22.75
12,08,2000,24.0
12,09,2000,24.75
12,10,2000,24.75
12,11,2000,26.0
12,12,2000,26.0
12,13,2000,27.0
12,14,2000,26.0
12,15,2000,26.5
12,16,2000,25.25
12,17,2000,26.5
12,18,2000,24.5
12,19,2000,22.5
12,20,2000,22.75
12,21,2000,21.0
12,22,2000,22.5
12,23,2000,24.5
12,24,2000,21.5
12,25,2000,24.75
12,26,2000,26.25
12,27,2000,24.0
12,28,2000,22.5
12,29,2000,21.0
12,30,2000,23.0
12,31,2000,22.5
01,01,2001,21.5
01,02,2001,22.5
01,03,2001,24.25
01,04,2001,22.0
01,05,2001,21.25
01,06,2001,21.0
01,07,2001,23.0
01,08,2001,23.5
01,09,2001,24.25
01,10,2001,24.0
01,11,2001,25.75
01,12,2001,25.0
01,13,2001,25.75
01,14,2001,25.0
01,15,2001,26.0
01,16,2001,24.0
01,17,2001,25.0
01,18,2001,26.25
01,19,2001,24.0
01,20,2001,19.5
01,21,2001,20.75
01,22,2001,22.0
01,23,2001,21.0
01,24,2001,20.75
01,25,2001,22.0
01,26,2001,22.75
01,27,2001,23.0
01,28,2001,25.5
01,29,2001,26.0
01,30,2001,26.75
01,31,2001,28.0
02,01,2001,27.75
02,02,2001,27.75
02,03,2001,25.0
02,04,2001,25.0
02,05,2001,23.75
02,06,2001,24.5
02,07,2001,24.25
02,08,2001,25.25
02,09,2001,25.25
02,10,2001,26.75
02,11,2001,27.5
02,12,2001,26.75
02,13,2001,27.25
02,14,2001,27.25
02,15,2001,28.0
02,16,2001,27.5
02,17,2001,28.0
02,18,2001,27.5
02,19,2001,27.0
02,20,2001,25.0
02,21,2001,25.75
02,22,2001,26.25
02,23,2001,25.75
02,24,2001,26.75
02,25,2001,27.75
02,26,2001,27.0
02,27,2001,27.0
02,28,2001,28.25
03,01,2001,27.25
03,02,2001,29.0
03,03,2001,29.75
03,04,2001,27.75
03,05,2001,25.0
03,06,2001,24.5
03,07,2001,23.25
03,08,2001,24.25
03,09,2001,26.25
03,10,2001,27.75
03,11,2001,29.5
03,12,2001,29.5
03,13,2001,30.75
03,14,2001,30.75
03,15,2001,30.0
03,16,2001,30.25
03,17,2001,30.65
03,18,2001,28.25
03,19,2001,29.25
03,20,2001,25.0
03,21,2001,23.0
03,22,2001,24.0
03,23,2001,26.0
03,24,2001,26.5
03,25,2001,27.75
03,26,2001,27.25
03,27,2001,28.25
03,28,2001,28.5
03,29,2001,30.5
03,30,2001,32.0
03,31,2001,29.75
04,01,2001,29.25
04,02,2001,30.75
04,03,2001,31.25
04,04,2001,31.0
04,05,2001,30.75
04,06,2001,30.0
04,07,2001,29.5
04,08,2001,31.5
04,09,2001,31.25
04,10,2001,30.5
04,11,2001,31.75
04,12,2001,32.5
04,13,2001,30.25
04,14,2001,30.0
04,15,2001,31.5
04,16,2001,32.0
04,17,2001,32.0
04,18,2001,31.25
04,19,2001,29.5
04,20,2001,29.25
04,21,2001,30.5
04,22,2001,31.25
04,23,2001,31.0
04,24,2001,32.25
04,25,2001,31.25
04,26,2001,28.5
04,27,2001,28.0
04,28,2001,27.5
04,29,2001,29.25
04,30,2001,29.5
05,01,2001,30.0
05,02,2001,31.0
05,03,2001,31.75
05,04,2001,31.5
05,05,2001,31.5
05,06,2001,32.0
05,07,2001,30.0
05,08,2001,27.5
05,09,2001,27.25
05,10,2001,28.0
05,11,2001,29.5
05,12,2001,28.5
05,13,2001,27.5
05,14,2001,29.0
05,15,2001,29.75
05,16,2001,30.5
05,17,2001,32.0
05,18,2001,31.5
05,19,2001,32.5
05,20,2001,32.0
05,21,2001,32.5
05,22,2001,32.0
05,23,2001,30.5
05,24,2001,31.75
05,25,2001,31.0
05,26,2001,29.75
05,27,2001,29.5
05,28,2001,30.75
05,29,2001,32.5
05,30,2001,31.25
05,31,2001,31.5
06,01,2001,31.5
06,02,2001,29.75
06,03,2001,29.5
06,04,2001,31.25
06,05,2001,31.25
06,06,2001,31.75
06,07,2001,30.5
06,08,2001,32.0
06,09,2001,31.0
06,10,2001,32.0
06,11,2001,32.0
06,12,2001,30.75
06,13,2001,31.5
06,14,2001,30.0
06,15,2001,30.5
06,16,2001,28.5
06,17,2001,29.75
06,18,2001,29.75
06,19,2001,29.25
06,20,2001,29.25
06,21,2001,29.25
06,22,2001,30.0
06,23,2001,30.0
06,24,2001,29.75
06,25,2001,29.5
06,26,2001,29.5
06,27,2001,29.0
06,28,2001,29.75
06,29,2001,30.5
06,30,2001,30.5
07,01,2001,29.75
07,02,2001,28.5
07,03,2001,29.25
07,04,2001,29.25
07,05,2001,30.0
07,06,2001,29.25
07,07,2001,29.0
07,08,2001,28.75
07,09,2001,29.0
07,10,2001,27.75
07,11,2001,30.0
07,12,2001,30.0
07,13,2001,30.0
07,14,2001,30.0
07,15,2001,31.5
07,16,2001,31.25
07,17,2001,29.25
07,18,2001,30.0
07,19,2001,30.5
07,20,2001,30.0
07,21,2001,30.5
07,22,2001,31.0
07,23,2001,31.75
07,24,2001,31.5
07,25,2001,31.5
07,26,2001,29.5
07,27,2001,30.75
07,28,2001,30.5
07,29,2001,28.25
07,30,2001,28.75
07,31,2001,29.5
08,01,2001,30.0
08,02,2001,30.5
08,03,2001,29.0
08,04,2001,31.0
08,05,2001,31.0
08,06,2001,30.25
08,07,2001,30.5
08,08,2001,30.25
08,09,2001,28.25
08,10,2001,28.5
08,11,2001,29.75
08,12,2001,30.25
08,13,2001,29.5
08,14,2001,28.0
08,15,2001,28.0
08,16,2001,30.5
08,17,2001,31.25
08,18,2001,31.0
08,19,2001,31.0
08,20,2001,29.75
08,21,2001,27.25
08,22,2001,28.5
08,23,2001,29.0
08,24,2001,29.0
08,25,2001,29.25
08,26,2001,30.75
08,27,2001,30.5
08,28,2001,30.0
08,29,2001,30.5
08,30,2001,30.25
08,31,2001,30.0
09,01,2001,31.5
09,02,2001,31.25
09,03,2001,31.0
09,04,2001,30.0
09,05,2001,29.5
09,06,2001,28.75
09,07,2001,29.0
09,08,2001,29.5
09,09,2001,30.75
09,10,2001,29.75
09,11,2001,30.75
09,12,2001,30.75
09,13,2001,29.75
09,14,2001,30.0
09,15,2001,29.5
09,16,2001,28.5
09,17,2001,29.5
09,18,2001,30.75
09,19,2001,29.75
09,20,2001,28.5
09,21,2001,27.5
09,22,2001,29.0
09,23,2001,29.0
09,24,2001,30.75
09,25,2001,30.5
09,26,2001,29.0
09,27,2001,29.25
09,28,2001,28.5
09,29,2001,26.25
09,30,2001,26.0
10,01,2001,26.5
10,02,2001,27.25
10,03,2001,29.25
10,04,2001,30.0
10,05,2001,30.25
10,06,2001,29.5
10,07,2001,30.25
10,08,2001,29.5
10,09,2001,28.5
10,10,2001,28.75
10,11,2001,30.0
10,12,2001,29.75
10,13,2001,29.75
10,14,2001,31.0
10,15,2001,28.0
10,16,2001,28.5
10,17,2001,26.75
10,18,2001,27.5
10,19,2001,27.75
10,20,2001,26.5
10,21,2001,26.75
10,22,2001,28.5
10,23,2001,29.0
10,24,2001,29.5
10,25,2001,30.5
10,26,2001,27.5
10,27,2001,27.5
10,28,2001,24.75
10,29,2001,24.0
10,30,2001,24.25
10,31,2001,25.75
11,01,2001,27.0
11,02,2001,26.75
11,03,2001,25.75
11,04,2001,26.0
11,05,2001,27.5
11,06,2001,27.0
11,07,2001,25.75
11,08,2001,26.25
11,09,2001,27.0
11,10,2001,25.0
11,11,2001,26.5
11,12,2001,27.0
11,13,2001,26.25
11,14,2001,26.75
11,15,2001,26.5
11,16,2001,27.0
11,17,2001,27.5
11,18,2001,26.25
11,19,2001,25.75
11,20,2001,24.75
11,21,2001,26.25
11,22,2001,25.25
11,23,2001,26.75
11,24,2001,28.0
11,25,2001,27.5
11,26,2001,27.5
11,27,2001,27.0
11,28,2001,28.0
11,29,2001,28.25
11,30,2001,29.0
12,01,2001,27.0
12,02,2001,26.25
12,03,2001,24.75
12,04,2001,26.5
12,05,2001,25.75
12,06,2001,26.0
12,07,2001,27.5
12,08,2001,26.75
12,09,2001,27.5
12,10,2001,27.25
12,11,2001,25.75
12,12,2001,26.25
12,13,2001,26.25
12,14,2001,27.0
12,15,2001,27.0
12,16,2001,27.5
12,17,2001,27.5
12,18,2001,26.25
12,19,2001,25.0
12,20,2001,24.75
12,21,2001,24.25
12,22,2001,25.5
12,23,2001,27.5
12,24,2001,25.0
12,25,2001,25.25
12,26,2001,22.5
12,27,2001,22.25
12,28,2001,23.0
12,29,2001,24.25
12,30,2001,25.0
12,31,2001,26.5
01,01,2002,26.5
01,02,2002,28.75
01,03,2002,21.75
01,04,2002,21.0
01,05,2002,22.5
01,06,2002,21.75
01,07,2002,21.0
01,08,2002,20.75
01,09,2002,19.5
01,10,2002,20.5
01,11,2002,22.0
01,12,2002,22.75
01,13,2002,22.75
01,14,2002,24.25
01,15,2002,22.0
01,16,2002,24.5
01,17,2002,25.0
01,18,2002,26.5
01,19,2002,26.5
01,20,2002,28.0
01,21,2002,27.5
01,22,2002,25.5
01,23,2002,27.0
01,24,2002,27.25
01,25,2002,28.0
01,26,2002,27.0
01,27,2002,26.25
01,28,2002,25.25
01,29,2002,25.75
01,30,2002,26.25
01,31,2002,27.0
02,01,2002,27.25
02,02,2002,26.75
02,03,2002,26.5
02,04,2002,26.5
02,05,2002,26.5
02,06,2002,27.5
02,07,2002,25.0
02,08,2002,21.5
02,09,2002,23.0
02,10,2002,25.75
02,11,2002,20.75
02,12,2002,20.5
02,13,2002,21.5
02,14,2002,22.25
02,15,2002,25.0
02,16,2002,25.75
02,17,2002,26.0
02,18,2002,26.5
02,19,2002,26.75
02,20,2002,28.25
02,21,2002,27.25
02,22,2002,26.0
02,23,2002,20.25
02,24,2002,19.5
02,25,2002,24.0
02,26,2002,25.25
02,27,2002,25.0
02,28,2002,25.5
03,01,2002,26.75
03,02,2002,28.5
03,03,2002,22.75
03,04,2002,20.75
03,05,2002,22.5
03,06,2002,24.25
03,07,2002,26.0
03,08,2002,27.0
03,09,2002,27.0
03,10,2002,28.0
03,11,2002,27.25
03,12,2002,28.75
03,13,2002,29.0
03,14,2002,28.0
03,15,2002,29.0
03,16,2002,28.25
03,17,2002,27.5
03,18,2002,27.75
03,19,2002,28.0
03,20,2002,29.5
03,21,2002,27.0
03,22,2002,22.75
03,23,2002,24.75
03,24,2002,25.75
03,25,2002,27.75
03,26,2002,30.75
03,27,2002,30.5
03,28,2002,29.75
03,29,2002,27.75
03,30,2002,27.5
03,31,2002,29.75
04,01,2002,29.5
04,02,2002,30.25
04,03,2002,30.0
04,04,2002,30.0
04,05,2002,29.5
04,06,2002,29.25
04,07,2002,29.0
04,08,2002,30.25
04,09,2002,29.5
04,10,2002,30.25
04,11,2002,30.25
04,12,2002,30.5
04,13,2002,30.0
04,14,2002,30.0
04,15,2002,30.5
04,16,2002,29.25
04,17,2002,30.25
04,18,2002,30.0
04,19,2002,30.25
04,20,2002,30.25
04,21,2002,30.75
04,22,2002,30.5
04,23,2002,30.5
04,24,2002,31.25
04,25,2002,30.5
04,26,2002,30.5
04,27,2002,30.25
04,28,2002,31.25
04,29,2002,31.25
04,30,2002,30.5
05,01,2002,31.0
05,02,2002,31.5
05,03,2002,31.75
05,04,2002,31.5
05,05,2002,32.0
05,06,2002,31.5
05,07,2002,30.75
05,08,2002,31.25
05,09,2002,30.75
05,10,2002,31.25
05,11,2002,31.25
05,12,2002,31.0
05,13,2002,32.0
05,14,2002,30.5
05,15,2002,30.5
05,16,2002,30.0
05,17,2002,31.25
05,18,2002,31.5
05,19,2002,27.75
05,20,2002,27.5
05,21,2002,27.75
05,22,2002,28.75
05,23,2002,30.0
05,24,2002,31.0
05,25,2002,32.0
05,26,2002,31.25
05,27,2002,31.0
05,28,2002,32.5
05,29,2002,32.5
05,30,2002,32.0
05,31,2002,32.5
06,01,2002,32.5
06,02,2002,30.25
06,03,2002,29.5
06,04,2002,31.25
06,05,2002,30.75
06,06,2002,28.5
06,07,2002,29.75
06,08,2002,31.0
06,09,2002,32.0
06,10,2002,32.5
06,11,2002,32.25
06,12,2002,29.75
06,13,2002,31.25
06,14,2002,31.5
06,15,2002,30.25
06,16,2002,31.75
06,17,2002,32.5
06,18,2002,31.5
06,19,2002,29.75
06,20,2002,29.25
06,21,2002,29.25
06,22,2002,30.25
06,23,2002,31.0
06,24,2002,29.0
06,25,2002,28.5
06,26,2002,29.0
06,27,2002,28.75
06,28,2002,28.75
06,29,2002,30.25
06,30,2002,30.0
07,01,2002,30.25
07,02,2002,30.25
07,03,2002,29.25
07,04,2002,30.5
07,05,2002,31.0
07,06,2002,30.0
07,07,2002,30.0
07,08,2002,30.5
07,09,2002,30.75
07,10,2002,29.5
07,11,2002,30.0
07,12,2002,28.25
07,13,2002,30.25
07,14,2002,29.0
07,15,2002,30.25
07,16,2002,30.75
07,17,2002,27.25
07,18,2002,30.25
07,19,2002,30.75
07,20,2002,29.0
07,21,2002,29.5
07,22,2002,30.0
07,23,2002,30.75
07,24,2002,31.0
07,25,2002,30.0
07,26,2002,29.5
07,27,2002,29.5
07,28,2002,30.25
07,29,2002,29.5
07,30,2002,28.75
07,31,2002,28.75
08,01,2002,30.0
08,02,2002,31.75
08,03,2002,31.25
08,04,2002,30.25
08,05,2002,30.75
08,06,2002,30.25
08,07,2002,30.5
08,08,2002,30.75
08,09,2002,31.25
08,10,2002,30.0
08,11,2002,29.5
08,12,2002,30.25
08,13,2002,31.0
08,14,2002,31.0
08,15,2002,30.5
08,16,2002,31.0
08,17,2002,30.75
08,18,2002,29.5
08,19,2002,30.0
08,20,2002,29.75
08,21,2002,30.5
08,22,2002,30.0
08,23,2002,29.75
08,24,2002,30.0
08,25,2002,30.5
08,26,2002,30.0
08,27,2002,29.5
08,28,2002,30.0
08,29,2002,29.75
08,30,2002,30.5
08,31,2002,30.25
09,01,2002,29.5
09,02,2002,29.25
09,03,2002,30.25
09,04,2002,30.5
09,05,2002,31.75
09,06,2002,30.75
09,07,2002,32.0
09,08,2002,30.5
09,09,2002,31.0
09,10,2002,31.5
09,11,2002,29.75
09,12,2002,30.75
09,13,2002,31.0
09,14,2002,30.25
09,15,2002,30.5
09,16,2002,30.25
09,17,2002,31.25
09,18,2002,31.0
09,19,2002,31.5
09,20,2002,30.5
09,21,2002,27.0
09,22,2002,27.5
09,23,2002,24.5
09,24,2002,24.25
09,25,2002,26.0
09,26,2002,28.75
09,27,2002,26.5
09,28,2002,28.75
09,29,2002,28.75
09,30,2002,29.0
10,01,2002,28.75
10,02,2002,29.5
10,03,2002,29.25
10,04,2002,29.75
10,05,2002,28.75
10,06,2002,27.75
10,07,2002,26.75
10,08,2002,27.5
10,09,2002,28.5
10,10,2002,29.0
10,11,2002,28.5
10,12,2002,28.5
10,13,2002,28.25
10,14,2002,28.25
10,15,2002,27.25
10,16,2002,27.75
10,17,2002,28.5
10,18,2002,28.25
10,19,2002,28.0
10,20,2002,28.25
10,21,2002,28.75
10,22,2002,29.0
10,23,2002,28.5
10,24,2002,28.75
10,25,2002,28.25
10,26,2002,28.25
10,27,2002,27.5
10,28,2002,29.25
10,29,2002,29.5
10,30,2002,30.5
10,31,2002,27.0
11,01,2002,28.25
11,02,2002,28.5
11,03,2002,28.25
11,04,2002,27.75
11,05,2002,28.75
11,06,2002,28.75
11,07,2002,26.5
11,08,2002,27.75
11,09,2002,27.5
11,10,2002,28.0
11,11,2002,28.0
11,12,2002,28.25
11,13,2002,25.75
11,14,2002,25.75
11,15,2002,26.5
11,16,2002,26.25
11,17,2002,23.75
11,18,2002,21.25
11,19,2002,21.75
11,20,2002,24.75
11,21,2002,24.0
11,22,2002,22.75
11,23,2002,22.0
11,24,2002,24.5
11,25,2002,23.5
11,26,2002,24.5
11,27,2002,27.0
11,28,2002,26.0
11,29,2002,25.75
11,30,2002,25.75
12,01,2002,27.0
12,02,2002,25.25
12,03,2002,23.0
12,04,2002,25.25
12,05,2002,25.75
12,06,2002,22.75
12,07,2002,23.75
12,08,2002,24.25
12,09,2002,25.25
12,10,2002,26.25
12,11,2002,26.0
12,12,2002,27.25
12,13,2002,24.75
12,14,2002,23.75
12,15,2002,22.5
12,16,2002,22.75
12,17,2002,21.25
12,18,2002,25.75
12,19,2002,27.25
12,20,2002,23.75
12,21,2002,24.25
12,22,2002,25.0
12,23,2002,26.5
12,24,2002,27.75
12,25,2002,24.0
12,26,2002,22.25
12,27,2002,22.25
12,28,2002,23.0
12,29,2002,24.5
12,30,2002,25.0
12,31,2002,26.75
01,01,2003,25.25
01,02,2003,26.25
01,03,2003,21.5
01,04,2003,21.0
01,05,2003,21.75
01,06,2003,21.75
01,07,2003,24.0
01,08,2003,23.0
01,09,2003,21.5
01,10,2003,22.5
01,11,2003,24.0
01,12,2003,24.5
01,13,2003,24.5
01,14,2003,23.25
01,15,2003,23.5
01,16,2003,23.0
01,17,2003,21.75
01,18,2003,21.5
01,19,2003,21.5
01,20,2003,20.5
01,21,2003,22.75
01,22,2003,23.0
01,23,2003,24.5
01,24,2003,23.25
01,25,2003,23.75
01,26,2003,22.75
01,27,2003,22.25
01,28,2003,24.0
01,29,2003,22.75
01,30,2003,23.25
01,31,2003,24.0
02,01,2003,23.75
02,02,2003,25.25
02,03,2003,26.25
02,04,2003,27.5
02,05,2003,27.0
02,06,2003,27.5
02,07,2003,26.75
02,08,2003,27.75
02,09,2003,27.75
02,10,2003,27.75
02,11,2003,27.5
02,12,2003,27.0
02,13,2003,27.0
02,14,2003,27.25
02,15,2003,28.75
02,16,2003,26.5
02,17,2003,24.5
02,18,2003,24.0
02,19,2003,25.5
02,20,2003,27.75
02,21,2003,29.5
02,22,2003,27.25
02,23,2003,27.0
02,24,2003,28.0
02,25,2003,28.75
02,26,2003,29.5
02,27,2003,30.0
02,28,2003,29.5
03,01,2003,30.75
03,02,2003,31.25
03,03,2003,31.5
03,04,2003,31.0
03,05,2003,30.75
03,06,2003,31.5
03,07,2003,26.25
03,08,2003,31.0
03,09,2003,30.75
03,10,2003,30.25
03,11,2003,30.0
03,12,2003,29.5
03,13,2003,30.0
03,14,2003,29.75
03,15,2003,29.5
03,16,2003,30.5
03,17,2003,32.75
03,18,2003,32.0
03,19,2003,29.75
03,20,2003,29.0
03,21,2003,28.0
03,22,2003,30.5
03,23,2003,27.75
03,24,2003,29.0
03,25,2003,28.75
03,26,2003,29.25
03,27,2003,30.25
03,28,2003,31.75
03,29,2003,27.0
03,30,2003,22.5
03,31,2003,21.75
04,01,2003,21.5
04,02,2003,23.25
04,03,2003,26.25
04,04,2003,29.5
04,05,2003,31.75
04,06,2003,31.5
04,07,2003,31.25
04,08,2003,31.5
04,09,2003,27.0
04,10,2003,25.0
04,11,2003,25.0
04,12,2003,24.5
04,13,2003,28.0
04,14,2003,30.0
04,15,2003,29.75
04,16,2003,31.5
04,17,2003,31.25
04,18,2003,31.25
04,19,2003,30.75
04,20,2003,31.5
04,21,2003,30.5
04,22,2003,29.25
04,23,2003,31.5
04,24,2003,32.5
04,25,2003,33.5
04,26,2003,32.75
04,27,2003,32.75
04,28,2003,32.25
04,29,2003,33.25
04,30,2003,34.5
05,01,2003,34.25
05,02,2003,33.5
05,03,2003,33.5
05,04,2003,33.0
05,05,2003,33.5
05,06,2003,33.5
05,07,2003,34.0
05,08,2003,33.25
05,09,2003,32.5
05,10,2003,32.75
05,11,2003,32.75
05,12,2003,32.5
05,13,2003,31.25
05,14,2003,31.75
05,15,2003,32.75
05,16,2003,31.75
05,17,2003,33.25
05,18,2003,33.0
05,19,2003,32.75
05,20,2003,33.5
05,21,2003,32.5
05,22,2003,31.5
05,23,2003,30.5
05,24,2003,32.0
05,25,2003,33.25
05,26,2003,32.75
05,27,2003,33.0
05,28,2003,29.25
05,29,2003,28.0
05,30,2003,30.75
05,31,2003,31.0
06,01,2003,31.0
06,02,2003,32.75
06,03,2003,34.25
06,04,2003,32.25
06,05,2003,32.0
06,06,2003,32.75
06,07,2003,31.25
06,08,2003,31.25
06,09,2003,31.25
06,10,2003,31.25
06,11,2003,32.0
06,12,2003,32.25
06,13,2003,32.5
06,14,2003,32.0
06,15,2003,32.25
06,16,2003,31.25
06,17,2003,30.75
06,18,2003,30.5
06,19,2003,31.0
06,20,2003,32.25
06,21,2003,31.25
06,22,2003,31.25
06,23,2003,32.0
06,24,2003,31.25
06,25,2003,30.0
06,26,2003,28.75
06,27,2003,28.5
06,28,2003,29.0
06,29,2003,29.25
06,30,2003,31.25
07,01,2003,31.5
07,02,2003,31.25
07,03,2003,30.75
07,04,2003,31.0
07,05,2003,31.0
07,06,2003,28.25
07,07,2003,30.25
07,08,2003,31.0
07,09,2003,31.0
07,10,2003,29.25
07,11,2003,28.5
07,12,2003,31.0
07,13,2003,31.25
07,14,2003,29.0
07,15,2003,29.25
07,16,2003,30.5
07,17,2003,30.5
07,18,2003,28.0
07,19,2003,28.0
07,20,2003,29.5
07,21,2003,28.75
07,22,2003,30.5
07,23,2003,31.0
07,24,2003,31.0
07,25,2003,28.5
07,26,2003,30.25
07,27,2003,29.5
07,28,2003,29.5
07,29,2003,30.75
07,30,2003,29.75
07,31,2003,30.0
08,01,2003,29.75
08,02,2003,30.75
08,03,2003,30.75
08,04,2003,31.25
08,05,2003,29.5
08,06,2003,30.75
08,07,2003,30.25
08,08,2003,30.5
08,09,2003,30.75
08,10,2003,31.25
08,11,2003,30.5
08,12,2003,29.75
08,13,2003,30.0
08,14,2003,29.25
08,15,2003,29.75
08,16,2003,29.0
08,17,2003,29.25
08,18,2003,30.0
08,19,2003,29.25
08,20,2003,31.0
08,21,2003,30.0
08,22,2003,29.75
08,23,2003,30.0
08,24,2003,29.75
08,25,2003,28.75
08,26,2003,29.5
08,27,2003,29.75
08,28,2003,28.75
08,29,2003,30.75
08,30,2003,30.25
08,31,2003,30.5
09,01,2003,31.0
09,02,2003,29.5
09,03,2003,30.5
09,04,2003,31.25
09,05,2003,31.0
09,06,2003,31.25
09,07,2003,31.25
09,08,2003,30.75
09,09,2003,31.5
09,10,2003,31.25
09,11,2003,30.25
09,12,2003,30.25
09,13,2003,30.0
09,14,2003,29.75
09,15,2003,29.5
09,16,2003,30.5
09,17,2003,31.0
09,18,2003,31.0
09,19,2003,31.0
09,20,2003,30.75
09,21,2003,30.25
09,22,2003,31.0
09,23,2003,31.0
09,24,2003,31.25
09,25,2003,31.0
09,26,2003,31.25
09,27,2003,31.25
09,28,2003,29.5
09,29,2003,29.0
09,30,2003,29.75
10,01,2003,27.0
10,02,2003,28.25
10,03,2003,29.25
10,04,2003,29.5
10,05,2003,29.0
10,06,2003,29.0
10,07,2003,29.5
10,08,2003,30.25
10,09,2003,31.0
10,10,2003,30.25
10,11,2003,30.0
10,12,2003,31.25
10,13,2003,31.0
10,14,2003,31.0
10,15,2003,30.25
10,16,2003,29.25
10,17,2003,28.5
10,18,2003,28.25
10,19,2003,28.25
10,20,2003,27.75
10,21,2003,27.75
10,22,2003,28.5
10,23,2003,28.25
10,24,2003,27.5
10,25,2003,27.75
10,26,2003,27.75
10,27,2003,27.25
10,28,2003,27.25
10,29,2003,28.25
10,30,2003,29.25
10,31,2003,29.75
11,01,2003,29.0
11,02,2003,28.0
11,03,2003,26.5
11,04,2003,27.75
11,05,2003,28.25
11,06,2003,28.5
11,07,2003,27.5
11,08,2003,28.0
11,09,2003,27.0
11,10,2003,27.75
11,11,2003,27.75
11,12,2003,28.25
11,13,2003,27.5
11,14,2003,27.0
11,15,2003,27.5
11,16,2003,27.25
11,17,2003,27.5
11,18,2003,28.5
11,19,2003,24.5
11,20,2003,24.0
11,21,2003,24.0
11,22,2003,24.5
11,23,2003,26.25
11,24,2003,26.0
11,25,2003,26.5
11,26,2003,28.0
11,27,2003,28.0
11,28,2003,27.5
11,29,2003,22.0
11,30,2003,23.0
12,01,2003,22.25
12,02,2003,22.75
12,03,2003,24.5
12,04,2003,23.5
12,05,2003,24.5
12,06,2003,21.75
12,07,2003,21.5
12,08,2003,21.75
12,09,2003,23.25
12,10,2003,23.0
12,11,2003,23.25
12,12,2003,24.5
12,13,2003,25.75
12,14,2003,22.0
12,15,2003,22.0
12,16,2003,24.5
12,17,2003,20.0
12,18,2003,20.25
12,19,2003,20.0
12,20,2003,20.25
12,21,2003,20.75
12,22,2003,21.5
12,23,2003,22.5
12,24,2003,22.25
12,25,2003,22.75
12,26,2003,23.25
12,27,2003,24.0
12,28,2003,24.75
12,29,2003,25.5
12,30,2003,25.0
12,31,2003,25.25
01,01,2004,25.25
01,02,2004,24.75
01,03,2004,25.5
01,04,2004,26.25
01,05,2004,26.5
01,06,2004,26.75
01,07,2004,25.25
01,08,2004,25.0
01,09,2004,26.25
01,10,2004,24.75
01,11,2004,22.0
01,12,2004,21.75
01,13,2004,21.75
01,14,2004,22.0
01,15,2004,24.0
01,16,2004,24.5
01,17,2004,26.0
01,18,2004,26.75
01,19,2004,23.5
01,20,2004,24.75
01,21,2004,24.5
01,22,2004,25.0
01,23,2004,26.0
01,24,2004,25.0
01,25,2004,26.0
01,26,2004,27.0
01,27,2004,24.25
01,28,2004,20.75
01,29,2004,24.5
01,30,2004,26.5
01,31,2004,24.5
02,01,2004,25.25
02,02,2004,26.5
02,03,2004,26.75
02,04,2004,27.5
02,05,2004,26.25
02,06,2004,27.0
02,07,2004,29.0
02,08,2004,20.0
02,09,2004,18.25
02,10,2004,24.0
02,11,2004,26.0
02,12,2004,26.25
02,13,2004,28.0
02,14,2004,28.0
02,15,2004,25.75
02,16,2004,23.5
02,17,2004,22.75
02,18,2004,19.75
02,19,2004,20.75
02,20,2004,22.25
02,21,2004,25.75
02,22,2004,28.0
02,23,2004,27.0
02,24,2004,28.25
02,25,2004,29.75
02,26,2004,26.5
02,27,2004,21.75
02,28,2004,22.0
02,29,2004,23.5
03,01,2004,26.25
03,02,2004,27.5
03,03,2004,27.75
03,04,2004,28.5
03,05,2004,29.25
03,06,2004,29.5
03,07,2004,28.25
03,08,2004,27.5
03,09,2004,27.5
03,10,2004,25.0
03,11,2004,25.25
03,12,2004,26.0
03,13,2004,25.75
03,14,2004,28.0
03,15,2004,29.5
03,16,2004,30.0
03,17,2004,29.5
03,18,2004,29.0
03,19,2004,28.0
03,20,2004,28.0
03,21,2004,26.5
03,22,2004,25.25
03,23,2004,25.25
03,24,2004,27.0
03,25,2004,27.5
03,26,2004,28.25
03,27,2004,28.5
03,28,2004,28.75
03,29,2004,28.75
03,30,2004,28.25
03,31,2004,28.0
04,01,2004,28.0
04,02,2004,29.5
04,03,2004,29.75
04,04,2004,29.0
04,05,2004,30.0
04,06,2004,30.0
04,07,2004,31.0
04,08,2004,30.5
04,09,2004,32.5
04,10,2004,32.25
04,11,2004,32.25
04,12,2004,29.25
04,13,2004,29.0
04,14,2004,25.5
04,15,2004,25.75
04,16,2004,25.25
04,17,2004,26.75
04,18,2004,27.5
04,19,2004,27.5
04,20,2004,27.5
04,21,2004,28.5
04,22,2004,30.25
04,23,2004,30.75
04,24,2004,31.75
04,25,2004,32.5
04,26,2004,32.25
04,27,2004,29.5
04,28,2004,29.75
04,29,2004,30.25
04,30,2004,31.5
05,01,2004,31.5
05,02,2004,26.0
05,03,2004,25.0
05,04,2004,27.0
05,05,2004,26.25
05,06,2004,28.0
05,07,2004,28.5
05,08,2004,28.0
05,09,2004,30.25
05,10,2004,31.0
05,11,2004,31.0
05,12,2004,31.0
05,13,2004,31.5
05,14,2004,30.5
05,15,2004,26.75
05,16,2004,27.25
05,17,2004,27.75
05,18,2004,28.25
05,19,2004,28.25
05,20,2004,28.5
05,21,2004,29.5
05,22,2004,30.0
05,23,2004,30.25
05,24,2004,30.5
05,25,2004,30.75
05,26,2004,30.75
05,27,2004,30.0
05,28,2004,31.5
05,29,2004,32.25
05,30,2004,32.0
05,31,2004,32.25
06,01,2004,30.5
06,02,2004,30.5
06,03,2004,30.75
06,04,2004,29.75
06,05,2004,28.25
06,06,2004,30.0
06,07,2004,29.75
06,08,2004,30.0
06,09,2004,30.75
06,10,2004,30.5
06,11,2004,29.75
06,12,2004,30.0
06,13,2004,29.0
06,14,2004,30.25
06,15,2004,30.75
06,16,2004,30.5
06,17,2004,30.25
06,18,2004,30.5
06,19,2004,28.25
06,20,2004,29.75
06,21,2004,29.75
06,22,2004,29.25
06,23,2004,29.25
06,24,2004,31.0
06,25,2004,29.5
06,26,2004,29.5
06,27,2004,30.0
06,28,2004,29.75
06,29,2004,31.0
06,30,2004,31.25
07,01,2004,28.0
07,02,2004,30.5
07,03,2004,31.5
07,04,2004,31.5
07,05,2004,30.5
07,06,2004,29.0
07,07,2004,28.5
07,08,2004,29.75
07,09,2004,28.5
07,10,2004,27.5
07,11,2004,29.25
07,12,2004,29.5
07,13,2004,29.25
07,14,2004,28.5
07,15,2004,29.0
07,16,2004,29.5
07,17,2004,30.0
07,18,2004,30.75
07,19,2004,31.0
07,20,2004,30.75
07,21,2004,30.25
07,22,2004,30.75
07,23,2004,31.25
07,24,2004,30.75
07,25,2004,29.5
07,26,2004,28.5
07,27,2004,29.5
07,28,2004,30.75
07,29,2004,31.25
07,30,2004,31.25
07,31,2004,31.5
08,01,2004,29.75
08,02,2004,30.0
08,03,2004,31.25
08,04,2004,31.0
08,05,2004,31.25
08,06,2004,31.75
08,07,2004,32.0
08,08,2004,32.0
08,09,2004,30.25
08,10,2004,32.0
08,11,2004,32.5
08,12,2004,32.5
08,13,2004,31.25
08,14,2004,30.0
08,15,2004,29.75
08,16,2004,28.75
08,17,2004,28.75
08,18,2004,29.25
08,19,2004,29.75
08,20,2004,30.5
08,21,2004,30.75
08,22,2004,30.0
08,23,2004,31.0
08,24,2004,30.75
08,25,2004,30.25
08,26,2004,29.75
08,27,2004,29.75
08,28,2004,29.75
08,29,2004,30.25
08,30,2004,30.25
08,31,2004,30.5
09,01,2004,29.75
09,02,2004,29.75
09,03,2004,30.0
09,04,2004,31.0
09,05,2004,31.0
09,06,2004,30.5
09,07,2004,30.0
09,08,2004,29.25
09,09,2004,29.5
09,10,2004,31.0
09,11,2004,29.75
09,12,2004,29.0
09,13,2004,29.0
09,14,2004,30.25
09,15,2004,31.75
09,16,2004,31.5
09,17,2004,31.5
09,18,2004,31.5
09,19,2004,29.75
09,20,2004,29.5
09,21,2004,30.5
09,22,2004,28.75
09,23,2004,26.75
09,24,2004,30.0
09,25,2004,28.0
09,26,2004,29.5
09,27,2004,30.25
09,28,2004,30.75
09,29,2004,31.0
09,30,2004,30.75
10,01,2004,29.5
10,02,2004,28.0
10,03,2004,28.25
10,04,2004,27.75
10,05,2004,27.5
10,06,2004,29.25
10,07,2004,29.5
10,08,2004,30.25
10,09,2004,30.0
10,10,2004,29.0
10,11,2004,28.75
10,12,2004,29.0
10,13,2004,28.75
10,14,2004,30.25
10,15,2004,27.0
10,16,2004,29.25
10,17,2004,29.5
10,18,2004,29.75
10,19,2004,30.25
10,20,2004,30.5
10,21,2004,30.75
10,22,2004,31.0
10,23,2004,30.0
10,24,2004,29.5
10,25,2004,29.0
10,26,2004,29.0
10,27,2004,28.5
10,28,2004,28.0
10,29,2004,28.0
10,30,2004,29.0
10,31,2004,28.5
11,01,2004,29.0
11,02,2004,29.5
11,03,2004,28.75
11,04,2004,28.0
11,05,2004,26.75
11,06,2004,24.5
11,07,2004,24.5
11,08,2004,24.25
11,09,2004,24.5
11,10,2004,24.5
11,11,2004,25.25
11,12,2004,26.0
11,13,2004,27.0
11,14,2004,26.5
11,15,2004,26.75
11,16,2004,26.5
11,17,2004,25.75
11,18,2004,27.25
11,19,2004,27.0
11,20,2004,27.0
11,21,2004,26.5
11,22,2004,26.0
11,23,2004,28.0
11,24,2004,29.25
11,25,2004,25.75
11,26,2004,24.5
11,27,2004,27.0
11,28,2004,28.0
11,29,2004,27.25
11,30,2004,27.0
12,01,2004,26.5
12,02,2004,26.75
12,03,2004,25.25
12,04,2004,25.75
12,05,2004,26.5
12,06,2004,27.25
12,07,2004,27.25
12,08,2004,28.25
12,09,2004,28.75
12,10,2004,29.0
12,11,2004,26.0
12,12,2004,24.5
12,13,2004,24.75
12,14,2004,24.25
12,15,2004,23.25
12,16,2004,22.5
12,17,2004,24.0
12,18,2004,24.5
12,19,2004,24.75
12,20,2004,23.25
12,21,2004,23.25
12,22,2004,25.0
12,23,2004,25.75
12,24,2004,26.0
12,25,2004,23.25
12,26,2004,20.5
12,27,2004,20.75
12,28,2004,20.5
12,29,2004,23.5
12,30,2004,23.25
12,31,2004,23.0
01,01,2005,24.5
01,02,2005,26.0
01,03,2005,23.75
01,04,2005,25.25
01,05,2005,25.5
01,06,2005,26.5
01,07,2005,26.5
01,08,2005,25.75
01,09,2005,25.25
01,10,2005,25.75
01,11,2005,24.5
01,12,2005,25.75
01,13,2005,28.75
01,14,2005,24.5
01,15,2005,22.25
01,16,2005,21.75
01,17,2005,23.75
01,18,2005,23.0
01,19,2005,24.0
01,20,2005,21.25
01,21,2005,22.0
01,22,2005,24.0
01,23,2005,24.0
01,24,2005,24.25
01,25,2005,24.5
01,26,2005,25.0
01,27,2005,25.5
01,28,2005,25.25
01,29,2005,26.0
01,30,2005,27.5
01,31,2005,27.75
02,01,2005,26.5
02,02,2005,26.5
02,03,2005,24.25
02,04,2005,23.0
02,05,2005,24.5
02,06,2005,25.75
02,07,2005,26.0
02,08,2005,26.5
02,09,2005,26.75
02,10,2005,26.0
02,11,2005,25.0
02,12,2005,26.0
02,13,2005,24.3
02,14,2005,27.0
02,15,2005,27.0
02,16,2005,27.75
02,17,2005,27.5
02,18,2005,28.0
02,19,2005,26.75
02,20,2005,26.75
02,21,2005,27.25
02,22,2005,28.0
02,23,2005,27.5
02,24,2005,29.25
02,25,2005,27.5
02,26,2005,30.25
02,27,2005,31.5
02,28,2005,30.25
03,01,2005,26.5
03,02,2005,28.0
03,03,2005,29.0
03,04,2005,27.25
03,05,2005,28.5
03,06,2005,28.75
03,07,2005,30.75
03,08,2005,31.25
03,09,2005,28.5
03,10,2005,25.5
03,11,2005,26.0
03,12,2005,26.5
03,13,2005,29.75
03,14,2005,31.0
03,15,2005,31.75
03,16,2005,32.5
03,17,2005,27.25
03,18,2005,28.0
03,19,2005,29.25
03,20,2005,30.25
03,21,2005,32.0
03,22,2005,34.25
03,23,2005,29.75
03,24,2005,31.5
03,25,2005,32.5
03,26,2005,33.75
03,27,2005,32.0
03,28,2005,26.75
03,29,2005,28.75
03,30,2005,30.25
03,31,2005,34.0
04,01,2005,32.0
04,02,2005,24.0
04,03,2005,25.0
04,04,2005,27.25
04,05,2005,29.5
04,06,2005,31.25
04,07,2005,28.75
04,08,2005,30.0
04,09,2005,30.0
04,10,2005,30.75
04,11,2005,33.0
04,12,2005,28.5
04,13,2005,27.75
04,14,2005,30.25
04,15,2005,28.5
04,16,2005,27.0
04,17,2005,27.5
04,18,2005,28.5
04,19,2005,29.75
04,20,2005,31.0
04,21,2005,31.0
04,22,2005,31.5
04,23,2005,28.5
04,24,2005,28.75
04,25,2005,31.0
04,26,2005,33.0
04,27,2005,30.0
04,28,2005,32.0
04,29,2005,33.5
04,30,2005,34.75
05,01,2005,28.75
05,02,2005,30.0
05,03,2005,31.0
05,04,2005,32.0
05,05,2005,30.75
05,06,2005,32.0
05,07,2005,32.25
05,08,2005,32.5
05,09,2005,32.75
05,10,2005,33.0
05,11,2005,31.5
05,12,2005,30.25
05,13,2005,31.5
05,14,2005,29.75
05,15,2005,31.25
05,16,2005,31.25
05,17,2005,30.0
05,18,2005,32.25
05,19,2005,30.25
05,20,2005,31.25
05,21,2005,30.0
05,22,2005,30.5
05,23,2005,29.5
05,24,2005,32.5
05,25,2005,33.5
05,26,2005,33.25
05,27,2005,33.5
05,28,2005,30.5
05,29,2005,31.75
05,30,2005,32.5
05,31,2005,33.25
06,01,2005,33.75
06,02,2005,33.0
06,03,2005,33.75
06,04,2005,33.5
06,05,2005,34.75
06,06,2005,34.25
06,07,2005,33.25
06,08,2005,32.0
06,09,2005,32.5
06,10,2005,33.0
06,11,2005,33.5
06,12,2005,33.75
06,13,2005,33.25
06,14,2005,31.5
06,15,2005,30.5
06,16,2005,30.75
06,17,2005,29.75
06,18,2005,29.25
06,19,2005,28.75
06,20,2005,29.25
06,21,2005,29.25
06,22,2005,30.0
06,23,2005,29.25
06,24,2005,29.5
06,25,2005,30.25
06,26,2005,29.75
06,27,2005,28.75
06,28,2005,29.75
06,29,2005,30.5
06,30,2005,30.25
07,01,2005,32.25
07,02,2005,32.0
07,03,2005,31.25
07,04,2005,31.5
07,05,2005,31.5
07,06,2005,31.5
07,07,2005,31.75
07,08,2005,32.0
07,09,2005,31.5
07,10,2005,31.0
07,11,2005,30.25
07,12,2005,30.0
07,13,2005,29.75
07,14,2005,30.5
07,15,2005,29.5
07,16,2005,31.5
07,17,2005,31.0
07,18,2005,30.0
07,19,2005,30.75
07,20,2005,31.25
07,21,2005,30.5
07,22,2005,29.0
07,23,2005,29.75
07,24,2005,31.0
07,25,2005,31.0
07,26,2005,30.5
07,27,2005,30.5
07,28,2005,31.0
07,29,2005,30.25
07,30,2005,30.75
07,31,2005,30.25
08,01,2005,29.5
08,02,2005,28.75
08,03,2005,30.0
08,04,2005,30.5
08,05,2005,29.0
08,06,2005,30.75
08,07,2005,29.5
08,08,2005,30.25
08,09,2005,29.75
08,10,2005,30.5
08,11,2005,30.5
08,12,2005,30.5
08,13,2005,30.5
08,14,2005,30.75
08,15,2005,30.75
08,16,2005,30.5
08,17,2005,28.5
08,18,2005,29.5
08,19,2005,30.0
08,20,2005,30.25
08,21,2005,31.0
08,22,2005,29.75
08,23,2005,30.0
08,24,2005,29.0
08,25,2005,30.0
08,26,2005,30.0
08,27,2005,30.0
08,28,2005,30.5
08,29,2005,31.25
08,30,2005,32.0
08,31,2005,31.0
09,01,2005,30.25
09,02,2005,31.0
09,03,2005,31.0
09,04,2005,30.0
09,05,2005,29.5
09,06,2005,30.0
09,07,2005,29.5
09,08,2005,29.25
09,09,2005,31.0
09,10,2005,31.0
09,11,2005,30.25
09,12,2005,29.75
09,13,2005,30.0
09,14,2005,30.25
09,15,2005,30.5
09,16,2005,30.5
09,17,2005,30.0
09,18,2005,29.75
09,19,2005,30.0
09,20,2005,28.25
09,21,2005,28.75
09,22,2005,29.25
09,23,2005,30.75
09,24,2005,30.0
09,25,2005,30.5
09,26,2005,30.5
09,27,2005,29.75
09,28,2005,29.25
09,29,2005,28.5
09,30,2005,29.5
10,01,2005,27.75
10,02,2005,28.75
10,03,2005,29.0
10,04,2005,27.25
10,05,2005,28.5
10,06,2005,29.25
10,07,2005,27.5
10,08,2005,28.0
10,09,2005,29.25
10,10,2005,30.25
10,11,2005,30.0
10,12,2005,30.0
10,13,2005,30.25
10,14,2005,29.25
10,15,2005,27.5
10,16,2005,28.25
10,17,2005,26.75
10,18,2005,28.5
10,19,2005,28.0
10,20,2005,25.75
10,21,2005,26.75
10,22,2005,26.0
10,23,2005,27.75
10,24,2005,26.5
10,25,2005,26.0
10,26,2005,26.25
10,27,2005,26.5
10,28,2005,26.75
10,29,2005,26.75
10,30,2005,26.25
10,31,2005,24.25
11,01,2005,26.5
11,02,2005,22.75
11,03,2005,26.25
11,04,2005,26.25
11,05,2005,27.0
11,06,2005,28.75
11,07,2005,27.5
11,08,2005,28.75
11,09,2005,27.25
11,10,2005,27.25
11,11,2005,28.75
11,12,2005,28.5
11,13,2005,28.25
11,14,2005,27.75
11,15,2005,28.0
11,16,2005,28.25
11,17,2005,27.25
11,18,2005,26.0
11,19,2005,25.5
11,20,2005,24.25
11,21,2005,25.0
11,22,2005,24.75
11,23,2005,23.75
11,24,2005,23.0
11,25,2005,24.0
11,26,2005,24.25
11,27,2005,25.25
11,28,2005,26.5
11,29,2005,24.75
11,30,2005,25.0
12,01,2005,27.25
12,02,2005,26.25
12,03,2005,26.75
12,04,2005,26.75
12,05,2005,27.0
12,06,2005,26.25
12,07,2005,26.75
12,08,2005,27.25
12,09,2005,24.75
12,10,2005,24.25
12,11,2005,24.25
12,12,2005,26.5
12,13,2005,26.25
12,14,2005,26.25
12,15,2005,25.75
12,16,2005,27.5
12,17,2005,27.75
12,18,2005,26.25
12,19,2005,27.0
12,20,2005,24.25
12,21,2005,25.0
12,22,2005,23.75
12,23,2005,24.5
12,24,2005,25.0
12,25,2005,23.0
12,26,2005,23.25
12,27,2005,23.0
12,28,2005,23.75
12,29,2005,23.75
12,30,2005,23.5
12,31,2005,26.0
01,01,2006,28.75
01,02,2006,28.25
01,03,2006,27.5
01,04,2006,27.5
01,05,2006,27.0
01,06,2006,23.25
01,07,2006,20.75
01,08,2006,21.5
01,09,2006,23.25
01,10,2006,25.25
01,11,2006,24.5
01,12,2006,25.0
01,13,2006,26.75
01,14,2006,24.5
01,15,2006,21.25
01,16,2006,23.25
01,17,2006,23.75
01,18,2006,22.5
01,19,2006,21.0
01,20,2006,24.75
01,21,2006,25.75
01,22,2006,26.25
01,23,2006,26.5
01,24,2006,25.25
01,25,2006,25.5
01,26,2006,26.0
01,27,2006,25.25
01,28,2006,25.5
01,29,2006,26.5
01,30,2006,28.0
01,31,2006,26.5
02,01,2006,27.75
02,02,2006,28.0
02,03,2006,26.0
02,04,2006,25.5
02,05,2006,23.0
02,06,2006,23.75
02,07,2006,23.0
02,08,2006,24.75
02,09,2006,24.75
02,10,2006,24.25
02,11,2006,24.75
02,12,2006,20.0
02,13,2006,18.75
02,14,2006,20.5
02,15,2006,22.75
02,16,2006,24.25
02,17,2006,27.25
02,18,2006,27.25
02,19,2006,26.5
02,20,2006,25.75
02,21,2006,27.25
02,22,2006,27.75
02,23,2006,28.5
02,24,2006,26.75
02,25,2006,27.5
02,26,2006,26.25
02,27,2006,22.75
02,28,2006,26.25
03,01,2006,27.25
03,02,2006,27.75
03,03,2006,28.0
03,04,2006,27.25
03,05,2006,28.5
03,06,2006,27.5
03,07,2006,27.25
03,08,2006,26.75
03,09,2006,27.0
03,10,2006,27.5
03,11,2006,29.0
03,12,2006,29.5
03,13,2006,30.0
03,14,2006,30.0
03,15,2006,29.0
03,16,2006,28.25
03,17,2006,28.5
03,18,2006,29.0
03,19,2006,28.75
03,20,2006,29.75
03,21,2006,30.75
03,22,2006,29.75
03,23,2006,31.5
03,24,2006,25.5
03,25,2006,25.25
03,26,2006,25.0
03,27,2006,27.0
03,28,2006,27.5
03,29,2006,27.75
03,30,2006,28.0
03,31,2006,28.5
04,01,2006,30.25
04,02,2006,29.75
04,03,2006,29.25
04,04,2006,29.0
04,05,2006,29.25
04,06,2006,29.25
04,07,2006,29.5
04,08,2006,31.0
04,09,2006,27.5
04,10,2006,28.25
04,11,2006,27.25
04,12,2006,28.25
04,13,2006,28.5
04,14,2006,29.0
04,15,2006,29.5
04,16,2006,30.25
04,17,2006,31.0
04,18,2006,31.5
04,19,2006,32.75
04,20,2006,32.75
04,21,2006,32.5
04,22,2006,32.25
04,23,2006,32.5
04,24,2006,31.75
04,25,2006,32.25
04,26,2006,32.5
04,27,2006,32.0
04,28,2006,32.0
04,29,2006,32.5
04,30,2006,31.5
05,01,2006,31.5
05,02,2006,31.0
05,03,2006,31.75
05,04,2006,32.0
05,05,2006,33.25
05,06,2006,33.25
05,07,2006,34.5
05,08,2006,34.25
05,09,2006,33.0
05,10,2006,33.5
05,11,2006,33.0
05,12,2006,30.0
05,13,2006,30.75
05,14,2006,29.75
05,15,2006,29.5
05,16,2006,25.75
05,17,2006,26.25
05,18,2006,27.5
05,19,2006,28.5
05,20,2006,28.0
05,21,2006,28.0
05,22,2006,28.25
05,23,2006,29.25
05,24,2006,27.25
05,25,2006,27.0
05,26,2006,28.75
05,27,2006,29.75
05,28,2006,30.25
05,29,2006,31.5
05,30,2006,31.5
05,31,2006,30.25
06,01,2006,28.5
06,02,2006,28.75
06,03,2006,29.5
06,04,2006,30.0
06,05,2006,29.5
06,06,2006,30.25
06,07,2006,29.5
06,08,2006,28.0
06,09,2006,27.0
06,10,2006,27.5
06,11,2006,29.75
06,12,2006,29.75
06,13,2006,29.0
06,14,2006,29.25
06,15,2006,28.25
06,16,2006,30.75
06,17,2006,31.0
06,18,2006,30.75
06,19,2006,31.0
06,20,2006,31.25
06,21,2006,29.75
06,22,2006,28.5
06,23,2006,29.25
06,24,2006,28.75
06,25,2006,28.75
06,26,2006,28.75
06,27,2006,28.75
06,28,2006,28.25
06,29,2006,30.5
06,30,2006,29.5
07,01,2006,29.25
07,02,2006,30.0
07,03,2006,30.5
07,04,2006,31.0
07,05,2006,31.0
07,06,2006,31.75
07,07,2006,29.75
07,08,2006,28.75
07,09,2006,28.0
07,10,2006,29.75
07,11,2006,28.75
07,12,2006,26.25
07,13,2006,28.25
07,14,2006,30.0
07,15,2006,30.0
07,16,2006,29.0
07,17,2006,30.0
07,18,2006,28.5
07,19,2006,27.5
07,20,2006,27.25
07,21,2006,28.0
07,22,2006,28.75
07,23,2006,29.75
07,24,2006,29.75
07,25,2006,30.75
07,26,2006,30.75
07,27,2006,30.75
07,28,2006,30.0
07,29,2006,30.5
07,30,2006,29.0
07,31,2006,29.25
08,01,2006,31.25
08,02,2006,31.5
08,03,2006,31.0
08,04,2006,30.5
08,05,2006,30.0
08,06,2006,30.25
08,07,2006,30.75
08,08,2006,29.25
08,09,2006,30.0
08,10,2006,30.0
08,11,2006,30.25
08,12,2006,30.5
08,13,2006,30.5
08,14,2006,30.75
08,15,2006,30.5
08,16,2006,31.0
08,17,2006,30.5
08,18,2006,31.0
08,19,2006,30.25
08,20,2006,29.5
08,21,2006,28.5
08,22,2006,29.5
08,23,2006,31.5
08,24,2006,30.75
08,25,2006,31.0
08,26,2006,30.5
08,27,2006,30.75
08,28,2006,30.25
08,29,2006,30.75
08,30,2006,31.5
08,31,2006,31.5
09,01,2006,31.0
09,02,2006,30.5
09,03,2006,30.25
09,04,2006,29.75
09,05,2006,30.25
09,06,2006,30.25
09,07,2006,29.0
09,08,2006,30.5
09,09,2006,31.0
09,10,2006,31.25
09,11,2006,31.25
09,12,2006,31.0
09,13,2006,30.0
09,14,2006,31.0
09,15,2006,31.25
09,16,2006,31.75
09,17,2006,31.5
09,18,2006,31.25
09,19,2006,31.0
09,20,2006,30.25
09,21,2006,30.75
09,22,2006,30.5
09,23,2006,31.25
09,24,2006,31.75
09,25,2006,31.0
09,26,2006,28.75
09,27,2006,29.25
09,28,2006,29.75
09,29,2006,30.0
09,30,2006,30.0
10,01,2006,29.25
10,02,2006,29.25
10,03,2006,29.0
10,04,2006,29.0
10,05,2006,28.25
10,06,2006,28.5
10,07,2006,28.75
10,08,2006,28.5
10,09,2006,29.25
10,10,2006,30.0
10,11,2006,30.5
10,12,2006,30.0
10,13,2006,31.0
10,14,2006,30.75
10,15,2006,30.25
10,16,2006,31.0
10,17,2006,31.75
10,18,2006,31.75
10,19,2006,31.0
10,20,2006,30.5
10,21,2006,30.5
10,22,2006,30.5
10,23,2006,29.75
10,24,2006,29.0
10,25,2006,29.0
10,26,2006,29.5
10,27,2006,30.25
10,28,2006,28.75
10,29,2006,26.5
10,30,2006,26.25
10,31,2006,25.75
11,01,2006,26.0
11,02,2006,27.75
11,03,2006,27.5
11,04,2006,27.25
11,05,2006,28.0
11,06,2006,28.5
11,07,2006,28.25
11,08,2006,28.25
11,09,2006,28.25
11,10,2006,28.75
11,11,2006,28.75
11,12,2006,28.5
11,13,2006,29.5
11,14,2006,28.75
11,15,2006,29.75
11,16,2006,23.5
11,17,2006,24.0
11,18,2006,23.75
11,19,2006,24.25
11,20,2006,21.25
11,21,2006,21.0
11,22,2006,22.0
11,23,2006,20.75
11,24,2006,21.5
11,25,2006,23.25
11,26,2006,24.25
11,27,2006,25.25
11,28,2006,27.25
11,29,2006,27.0
11,30,2006,26.5
12,01,2006,23.5
12,02,2006,25.75
12,03,2006,27.0
12,04,2006,25.5
12,05,2006,23.25
12,06,2006,25.5
12,07,2006,25.5
12,08,2006,24.25
12,09,2006,22.75
12,10,2006,24.0
12,11,2006,24.75
12,12,2006,25.25
12,13,2006,27.25
12,14,2006,25.5
12,15,2006,26.25
12,16,2006,26.75
12,17,2006,27.25
12,18,2006,27.75
12,19,2006,27.0
12,20,2006,26.5
12,21,2006,27.0
12,22,2006,28.0
12,23,2006,27.75
12,24,2006,29.25
12,25,2006,23.0
12,26,2006,18.75
12,27,2006,20.5
12,28,2006,21.25
12,29,2006,26.0
12,30,2006,27.75
12,31,2006,27.25
01,01,2007,27.0
01,02,2007,26.75
01,03,2007,25.0
01,04,2007,25.75
01,05,2007,26.0
01,06,2007,26.75
01,07,2007,27.0
01,08,2007,27.5
01,09,2007,25.75
01,10,2007,28.75
01,11,2007,25.25
01,12,2007,23.0
01,13,2007,24.75
01,14,2007,26.75
01,15,2007,26.25
01,16,2007,27.25
01,17,2007,26.5
01,18,2007,22.25
01,19,2007,25.25
01,20,2007,25.25
01,21,2007,24.75
01,22,2007,26.25
01,23,2007,26.75
01,24,2007,28.75
01,25,2007,25.75
01,26,2007,21.0
01,27,2007,22.75
01,28,2007,24.0
01,29,2007,22.75
01,30,2007,23.25
01,31,2007,23.25
02,01,2007,26.25
02,02,2007,27.0
02,03,2007,27.5
02,04,2007,28.0
02,05,2007,27.75
02,06,2007,23.5
02,07,2007,25.0
02,08,2007,26.25
02,09,2007,27.5
02,10,2007,27.75
02,11,2007,27.75
02,12,2007,24.5
02,13,2007,25.5
02,14,2007,28.25
02,15,2007,27.75
02,16,2007,27.5
02,17,2007,25.25
02,18,2007,22.25
02,19,2007,22.0
02,20,2007,22.0
02,21,2007,23.75
02,22,2007,26.25
02,23,2007,26.75
02,24,2007,27.25
02,25,2007,27.0
02,26,2007,28.25
02,27,2007,28.0
02,28,2007,29.75
03,01,2007,29.75
03,02,2007,30.5
03,03,2007,27.5
03,04,2007,28.25
03,05,2007,24.0
03,06,2007,20.25
03,07,2007,22.25
03,08,2007,23.75
03,09,2007,26.0
03,10,2007,28.5
03,11,2007,29.25
03,12,2007,28.0
03,13,2007,27.75
03,14,2007,28.5
03,15,2007,28.25
03,16,2007,29.5
03,17,2007,29.25
03,18,2007,25.75
03,19,2007,26.75
03,20,2007,25.75
03,21,2007,27.0
03,22,2007,28.5
03,23,2007,29.0
03,24,2007,28.75
03,25,2007,28.25
03,26,2007,28.5
03,27,2007,28.5
03,28,2007,29.0
03,29,2007,29.75
03,30,2007,29.0
03,31,2007,29.75
04,01,2007,27.0
04,02,2007,30.5
04,03,2007,31.0
04,04,2007,30.5
04,05,2007,27.75
04,06,2007,28.0
04,07,2007,26.0
04,08,2007,28.0
04,09,2007,29.0
04,10,2007,31.0
04,11,2007,32.5
04,12,2007,32.25
04,13,2007,32.0
04,14,2007,32.75
04,15,2007,34.0
04,16,2007,24.75
04,17,2007,27.0
04,18,2007,28.0
04,19,2007,26.75
04,20,2007,28.25
04,21,2007,30.0
04,22,2007,31.25
04,23,2007,32.0
04,24,2007,31.0
04,25,2007,30.0
04,26,2007,31.0
04,27,2007,32.0
04,28,2007,32.0
04,29,2007,32.0
04,30,2007,30.75
05,01,2007,30.25
05,02,2007,31.75
05,03,2007,32.25
05,04,2007,33.0
05,05,2007,33.5
05,06,2007,32.75
05,07,2007,32.75
05,08,2007,32.0
05,09,2007,31.5
05,10,2007,32.0
05,11,2007,31.75
05,12,2007,30.25
05,13,2007,30.25
05,14,2007,29.75
05,15,2007,30.0
05,16,2007,30.25
05,17,2007,31.0
05,18,2007,30.25
05,19,2007,30.0
05,20,2007,29.25
05,21,2007,29.5
05,22,2007,31.25
05,23,2007,32.75
05,24,2007,32.5
05,25,2007,32.75
05,26,2007,32.25
05,27,2007,32.0
05,28,2007,31.75
05,29,2007,31.5
05,30,2007,31.35
05,31,2007,28.5
06,01,2007,null
06,02,2007,null
06,03,2007,null
06,04,2007,null
06,05,2007,null
06,06,2007,null
06,07,2007,null
06,08,2007,null
06,09,2007,null
06,10,2007,null
06,11,2007,null
06,12,2007,null
06,13,2007,null
06,14,2007,null
06,15,2007,null
06,16,2007,null
06,17,2007,null
06,18,2007,null
06,19,2007,null
06,20,2007,null
06,21,2007,null
06,22,2007,null
06,23,2007,null
06,24,2007,null
06,25,2007,null
06,26,2007,null
06,27,2007,null
06,28,2007,null
06,29,2007,null
06,30,2007,null
07,01,2007,30.5
07,02,2007,30.75
07,03,2007,30.25
07,04,2007,30.5
07,05,2007,30.5
07,06,2007,30.25
07,07,2007,31.0
07,08,2007,30.25
07,09,2007,30.75
07,10,2007,30.5
07,11,2007,31.0
07,12,2007,28.75
07,13,2007,30.0
07,14,2007,28.75
07,15,2007,29.25
07,16,2007,30.0
07,17,2007,30.75
07,18,2007,30.75
07,19,2007,30.75
07,20,2007,30.25
07,21,2007,31.5
07,22,2007,31.25
07,23,2007,30.25
07,24,2007,29.0
07,25,2007,29.0
07,26,2007,30.0
07,27,2007,30.25
07,28,2007,30.5
07,29,2007,31.25
07,30,2007,30.25
07,31,2007,30.5
08,01,2007,30.75
08,02,2007,31.5
08,03,2007,30.5
08,04,2007,29.75
08,05,2007,27.25
08,06,2007,30.0
08,07,2007,30.0
08,08,2007,30.75
08,09,2007,30.5
08,10,2007,30.5
08,11,2007,29.75
08,12,2007,27.75
08,13,2007,29.5
08,14,2007,28.75
08,15,2007,30.25
08,16,2007,31.0
08,17,2007,28.75
08,18,2007,30.0
08,19,2007,30.0
08,20,2007,30.0
08,21,2007,29.5
08,22,2007,29.0
08,23,2007,28.25
08,24,2007,29.5
08,25,2007,29.0
08,26,2007,29.75
08,27,2007,29.75
08,28,2007,29.5
08,29,2007,27.5
08,30,2007,29.5
08,31,2007,28.75
09,01,2007,30.25
09,02,2007,29.75
09,03,2007,30.5
09,04,2007,30.5
09,05,2007,29.0
09,06,2007,27.5
09,07,2007,30.0
09,08,2007,29.5
09,09,2007,29.5
09,10,2007,28.0
09,11,2007,28.25
09,12,2007,29.25
09,13,2007,29.5
09,14,2007,28.75
09,15,2007,29.0
09,16,2007,29.5
09,17,2007,29.25
09,18,2007,28.25
09,19,2007,26.5
09,20,2007,29.0
09,21,2007,28.5
09,22,2007,28.75
09,23,2007,28.5
09,24,2007,29.0
09,25,2007,29.25
09,26,2007,29.5
09,27,2007,30.0
09,28,2007,30.25
09,29,2007,30.5
09,30,2007,29.75
10,01,2007,29.0
10,02,2007,28.5
10,03,2007,27.75
10,04,2007,29.25
10,05,2007,29.5
10,06,2007,29.75
10,07,2007,29.5
10,08,2007,27.75
10,09,2007,26.5
10,10,2007,26.25
10,11,2007,24.5
10,12,2007,26.5
10,13,2007,28.0
10,14,2007,29.0
10,15,2007,29.5
10,16,2007,30.25
10,17,2007,28.25
10,18,2007,30.0
10,19,2007,30.0
10,20,2007,29.5
10,21,2007,28.25
10,22,2007,30.0
10,23,2007,25.75
10,24,2007,21.75
10,25,2007,24.0
10,26,2007,24.75
10,27,2007,23.75
10,28,2007,23.25
10,29,2007,23.75
10,30,2007,26.25
10,31,2007,26.0
11,01,2007,26.75
11,02,2007,27.75
11,03,2007,27.5
11,04,2007,25.75
11,05,2007,24.75
11,06,2007,25.0
11,07,2007,25.0
11,08,2007,25.0
11,09,2007,24.5
11,10,2007,24.5
11,11,2007,24.75
11,12,2007,24.75
11,13,2007,24.25
11,14,2007,26.25
11,15,2007,26.25
11,16,2007,25.75
11,17,2007,25.0
11,18,2007,25.25
11,19,2007,25.0
11,20,2007,26.5
11,21,2007,26.5
11,22,2007,27.25
11,23,2007,26.75
11,24,2007,27.0
11,25,2007,27.0
11,26,2007,26.5
11,27,2007,25.75
11,28,2007,26.25
11,29,2007,26.75
11,30,2007,27.0
12,01,2007,26.5
12,02,2007,26.5
12,03,2007,25.75
12,04,2007,25.75
12,05,2007,25.25
12,06,2007,24.0
12,07,2007,25.5
12,08,2007,26.0
12,09,2007,26.25
12,10,2007,26.75
12,11,2007,26.5
12,12,2007,25.5
12,13,2007,25.75
12,14,2007,25.75
12,15,2007,24.75
12,16,2007,25.0
12,17,2007,24.75
12,18,2007,20.75
12,19,2007,22.5
12,20,2007,21.75
12,21,2007,25.25
12,22,2007,25.0
12,23,2007,25.25
12,24,2007,25.5
12,25,2007,23.75
12,26,2007,24.25
12,27,2007,24.0
12,28,2007,24.5
12,29,2007,26.25
12,30,2007,25.25
12,31,2007,26.0
01,01,2008,26.25
01,02,2008,25.75
01,03,2008,18.25
01,04,2008,19.0
01,05,2008,20.75
01,06,2008,23.0
01,07,2008,24.0
01,08,2008,24.75
01,09,2008,25.75
01,10,2008,25.5
01,11,2008,25.0
01,12,2008,26.25
01,13,2008,26.0
01,14,2008,26.0
01,15,2008,25.5
01,16,2008,25.25
01,17,2008,26.75
01,18,2008,26.0
01,19,2008,26.25
01,20,2008,26.5
01,21,2008,21.75
01,22,2008,22.75
01,23,2008,23.75
01,24,2008,26.25
01,25,2008,26.0
01,26,2008,26.0
01,27,2008,25.5
01,28,2008,26.0
01,29,2008,25.25
01,30,2008,26.5
01,31,2008,26.0
02,01,2008,26.25
02,02,2008,26.5
02,03,2008,26.5
02,04,2008,25.75
02,05,2008,26.25
02,06,2008,27.5
02,07,2008,27.75
02,08,2008,26.75
02,09,2008,26.5
02,10,2008,27.75
02,11,2008,27.5
02,12,2008,26.25
02,13,2008,26.75
02,14,2008,26.5
02,15,2008,26.75
02,16,2008,27.25
02,17,2008,26.75
02,18,2008,28.5
02,19,2008,29.25
02,20,2008,26.75
02,21,2008,27.25
02,22,2008,27.0
02,23,2008,28.5
02,24,2008,28.25
02,25,2008,28.5
02,26,2008,28.25
02,27,2008,28.75
02,28,2008,22.25
02,29,2008,27.0
03,01,2008,23.75
03,02,2008,25.75
03,03,2008,26.25
03,04,2008,27.75
03,05,2008,25.75
03,06,2008,25.5
03,07,2008,28.75
03,08,2008,25.5
03,09,2008,19.75
03,10,2008,23.0
03,11,2008,26.5
03,12,2008,27.75
03,13,2008,27.25
03,14,2008,27.5
03,15,2008,29.0
03,16,2008,30.0
03,17,2008,29.25
03,18,2008,28.75
03,19,2008,29.75
03,20,2008,26.75
03,21,2008,21.75
03,22,2008,23.75
03,23,2008,26.75
03,24,2008,27.5
03,25,2008,21.75
03,26,2008,25.75
03,27,2008,25.5
03,28,2008,26.25
03,29,2008,29.25
03,30,2008,29.5
03,31,2008,29.75
04,01,2008,29.0
04,02,2008,29.75
04,03,2008,29.5
04,04,2008,29.0
04,05,2008,29.75
04,06,2008,30.5
04,07,2008,31.0
04,08,2008,30.5
04,09,2008,30.5
04,10,2008,31.5
04,11,2008,31.5
04,12,2008,32.0
04,13,2008,30.5
04,14,2008,28.25
04,15,2008,24.75
04,16,2008,22.75
04,17,2008,23.5
04,18,2008,26.0
04,19,2008,28.5
04,20,2008,29.25
04,21,2008,29.5
04,22,2008,30.5
04,23,2008,30.5
04,24,2008,30.75
04,25,2008,31.25
04,26,2008,30.5
04,27,2008,29.5
04,28,2008,29.25
04,29,2008,29.75
04,30,2008,27.75
05,01,2008,28.0
05,02,2008,29.75
05,03,2008,30.75
05,04,2008,31.75
05,05,2008,30.0
05,06,2008,30.25
05,07,2008,30.0
05,08,2008,29.75
05,09,2008,32.0
05,10,2008,33.0
05,11,2008,33.25
05,12,2008,33.75
05,13,2008,32.25
05,14,2008,32.5
05,15,2008,32.5
05,16,2008,31.5
05,17,2008,32.75
05,18,2008,31.25
05,19,2008,31.5
05,20,2008,30.5
05,21,2008,31.5
05,22,2008,32.25
05,23,2008,32.75
05,24,2008,33.75
05,25,2008,32.0
05,26,2008,30.25
05,27,2008,29.5
05,28,2008,31.0
05,29,2008,30.0
05,30,2008,27.5
05,31,2008,27.5
06,01,2008,26.5
06,02,2008,26.0
06,03,2008,23.5
06,04,2008,25.75
06,05,2008,26.5
06,06,2008,30.0
06,07,2008,29.5
06,08,2008,29.25
06,09,2008,29.5
06,10,2008,26.5
06,11,2008,27.5
06,12,2008,28.75
06,13,2008,29.75
06,14,2008,28.25
06,15,2008,28.5
06,16,2008,29.75
06,17,2008,29.75
06,18,2008,30.25
06,19,2008,29.25
06,20,2008,27.25
06,21,2008,29.5
06,22,2008,29.0
06,23,2008,29.5
06,24,2008,29.0
06,25,2008,26.75
06,26,2008,27.25
06,27,2008,27.75
06,28,2008,28.0
06,29,2008,29.0
06,30,2008,27.75
07,01,2008,27.25
07,02,2008,29.0
07,03,2008,28.25
07,04,2008,26.75
07,05,2008,28.0
07,06,2008,29.25
07,07,2008,29.25
07,08,2008,29.0
07,09,2008,28.25
07,10,2008,29.5
07,11,2008,27.75
07,12,2008,29.25
07,13,2008,28.75
07,14,2008,28.5
07,15,2008,26.75
07,16,2008,28.75
07,17,2008,29.5
07,18,2008,29.5
07,19,2008,28.5
07,20,2008,28.25
07,21,2008,29.0
07,22,2008,27.75
07,23,2008,28.25
07,24,2008,28.75
07,25,2008,29.25
07,26,2008,29.0
07,27,2008,29.0
07,28,2008,29.75
07,29,2008,30.0
07,30,2008,30.25
07,31,2008,30.0
08,01,2008,30.0
08,02,2008,28.0
08,03,2008,29.5
08,04,2008,28.75
08,05,2008,29.5
08,06,2008,27.0
08,07,2008,29.25
08,08,2008,29.75
08,09,2008,29.5
08,10,2008,28.25
08,11,2008,28.75
08,12,2008,29.75
08,13,2008,30.25
08,14,2008,30.75
08,15,2008,30.5
08,16,2008,30.25
08,17,2008,30.0
08,18,2008,30.0
08,19,2008,31.0
08,20,2008,30.75
08,21,2008,31.0
08,22,2008,30.75
08,23,2008,30.75
08,24,2008,30.5
08,25,2008,30.75
08,26,2008,30.0
08,27,2008,30.75
08,28,2008,29.0
08,29,2008,29.5
08,30,2008,27.5
08,31,2008,30.0
09,01,2008,29.25
09,02,2008,28.75
09,03,2008,30.75
09,04,2008,30.5
09,05,2008,29.0
09,06,2008,30.0
09,07,2008,30.0
09,08,2008,29.0
09,09,2008,30.25
09,10,2008,30.0
09,11,2008,30.0
09,12,2008,31.5
09,13,2008,31.0
09,14,2008,30.0
09,15,2008,29.75
09,16,2008,29.0
09,17,2008,29.5
09,18,2008,28.0
09,19,2008,28.5
09,20,2008,28.25
09,21,2008,28.25
09,22,2008,29.25
09,23,2008,29.5
09,24,2008,29.0
09,25,2008,29.0
09,26,2008,29.25
09,27,2008,28.5
09,28,2008,27.25
09,29,2008,23.5
09,30,2008,23.75
10,01,2008,24.75
10,02,2008,25.75
10,03,2008,25.5
10,04,2008,27.5
10,05,2008,27.5
10,06,2008,25.0
10,07,2008,28.5
10,08,2008,29.25
10,09,2008,27.25
10,10,2008,28.5
10,11,2008,28.25
10,12,2008,29.0
10,13,2008,28.5
10,14,2008,28.25
10,15,2008,28.0
10,16,2008,27.75
10,17,2008,27.5
10,18,2008,26.25
10,19,2008,25.5
10,20,2008,27.25
10,21,2008,27.5
10,22,2008,25.75
10,23,2008,26.25
10,24,2008,26.5
10,25,2008,25.25
10,26,2008,27.5
10,27,2008,26.75
10,28,2008,24.75
10,29,2008,24.25
10,30,2008,23.75
10,31,2008,22.5
11,01,2008,23.75
11,02,2008,24.75
11,03,2008,24.75
11,04,2008,24.5
11,05,2008,24.5
11,06,2008,24.25
11,07,2008,25.75
11,08,2008,25.5
11,09,2008,24.0
11,10,2008,24.0
11,11,2008,25.25
11,12,2008,27.0
11,13,2008,27.25
11,14,2008,27.0
11,15,2008,27.5
11,16,2008,27.25
11,17,2008,21.25
11,18,2008,22.75
11,19,2008,22.25
11,20,2008,23.25
11,21,2008,22.0
11,22,2008,22.0
11,23,2008,23.25
11,24,2008,24.25
11,25,2008,24.0
11,26,2008,23.5
11,27,2008,23.75
11,28,2008,24.5
11,29,2008,24.75
11,30,2008,25.25
12,01,2008,25.75
12,02,2008,19.25
12,03,2008,21.25
12,04,2008,21.75
12,05,2008,23.5
12,06,2008,23.25
12,07,2008,23.5
12,08,2008,24.25
12,09,2008,24.25
12,10,2008,25.75
12,11,2008,26.75
12,12,2008,19.75
12,13,2008,20.5
12,14,2008,21.25
12,15,2008,23.0
12,16,2008,25.0
12,17,2008,25.5
12,18,2008,24.5
12,19,2008,23.75
12,20,2008,24.5
12,21,2008,24.25
12,22,2008,25.0
12,23,2008,23.75
12,24,2008,24.25
12,25,2008,25.25
12,26,2008,25.0
12,27,2008,25.25
12,28,2008,25.0
12,29,2008,25.5
12,30,2008,24.75
12,31,2008,25.25
01,01,2009,24.5
01,02,2009,24.0
01,03,2009,24.5
01,04,2009,25.0
01,05,2009,26.25
01,06,2009,25.75
01,07,2009,25.75
01,08,2009,26.5
01,09,2009,26.0
01,10,2009,26.25
01,11,2009,26.25
01,12,2009,26.0
01,13,2009,26.25
01,14,2009,22.25
01,15,2009,20.75
01,16,2009,19.25
01,17,2009,21.75
01,18,2009,21.5
01,19,2009,21.25
01,20,2009,23.25
01,21,2009,22.75
01,22,2009,21.25
01,23,2009,20.75
01,24,2009,20.5
01,25,2009,23.5
01,26,2009,22.0
01,27,2009,22.0
01,28,2009,25.25
01,29,2009,25.75
01,30,2009,26.0
01,31,2009,26.25
02,01,2009,20.75
02,02,2009,24.0
02,03,2009,27.0
02,04,2009,23.75
02,05,2009,20.5
02,06,2009,21.75
02,07,2009,21.5
02,08,2009,22.5
02,09,2009,20.75
02,10,2009,23.75
02,11,2009,25.75
02,12,2009,26.5
02,13,2009,26.0
02,14,2009,25.5
02,15,2009,27.25
02,16,2009,28.0
02,17,2009,26.75
02,18,2009,25.75
02,19,2009,25.75
02,20,2009,27.0
02,21,2009,27.0
02,22,2009,25.75
02,23,2009,25.25
02,24,2009,24.75
02,25,2009,24.5
02,26,2009,25.5
02,27,2009,26.5
02,28,2009,26.25
03,01,2009,25.0
03,02,2009,24.25
03,03,2009,21.25
03,04,2009,21.5
03,05,2009,22.25
03,06,2009,24.75
03,07,2009,24.0
03,08,2009,24.75
03,09,2009,26.25
03,10,2009,26.75
03,11,2009,27.0
03,12,2009,27.5
03,13,2009,27.25
03,14,2009,27.0
03,15,2009,28.0
03,16,2009,29.25
03,17,2009,27.5
03,18,2009,28.75
03,19,2009,27.5
03,20,2009,27.5
03,21,2009,25.25
03,22,2009,27.0
03,23,2009,24.75
03,24,2009,26.25
03,25,2009,27.75
03,26,2009,28.75
03,27,2009,30.75
03,28,2009,32.0
03,29,2009,29.25
03,30,2009,26.75
03,31,2009,28.5
04,01,2009,31.5
04,02,2009,31.75
04,03,2009,32.75
04,04,2009,30.0
04,05,2009,31.75
04,06,2009,31.5
04,07,2009,28.25
04,08,2009,20.5
04,09,2009,24.5
04,10,2009,28.5
04,11,2009,30.5
04,12,2009,31.75
04,13,2009,32.25
04,14,2009,32.25
04,15,2009,29.25
04,16,2009,31.25
04,17,2009,30.75
04,18,2009,30.25
04,19,2009,30.25
04,20,2009,30.75
04,21,2009,29.0
04,22,2009,27.5
04,23,2009,28.5
04,24,2009,29.0
04,25,2009,30.25
04,26,2009,30.5
04,27,2009,30.0
04,28,2009,30.5
04,29,2009,30.75
04,30,2009,30.25
05,01,2009,29.5
05,02,2009,30.75
05,03,2009,31.25
05,04,2009,32.0
05,05,2009,32.25
05,06,2009,31.25
05,07,2009,31.25
05,08,2009,32.5
05,09,2009,31.75
05,10,2009,30.75
05,11,2009,29.5
05,12,2009,28.75
05,13,2009,30.0
05,14,2009,30.0
05,15,2009,31.75
05,16,2009,31.0
05,17,2009,31.25
05,18,2009,29.75
05,19,2009,29.0
05,20,2009,27.0
05,21,2009,28.0
05,22,2009,27.0
05,23,2009,29.0
05,24,2009,30.25
05,25,2009,31.5
05,26,2009,32.75
05,27,2009,34.0
05,28,2009,33.5
05,29,2009,33.25
05,30,2009,33.0
05,31,2009,31.0
06,01,2009,30.0
06,02,2009,30.5
06,03,2009,28.5
06,04,2009,29.25
06,05,2009,30.5
06,06,2009,30.5
06,07,2009,30.75
06,08,2009,32.0
06,09,2009,32.5
06,10,2009,31.5
06,11,2009,31.5
06,12,2009,32.75
06,13,2009,32.75
06,14,2009,32.25
06,15,2009,31.5
06,16,2009,30.5
06,17,2009,30.5
06,18,2009,28.0
06,19,2009,27.75
06,20,2009,29.0
06,21,2009,29.5
06,22,2009,28.25
06,23,2009,30.5
06,24,2009,29.0
06,25,2009,31.25
06,26,2009,30.5
06,27,2009,30.0
06,28,2009,31.0
06,29,2009,30.0
06,30,2009,31.5
07,01,2009,30.5
07,02,2009,29.5
07,03,2009,30.25
07,04,2009,30.0
07,05,2009,30.25
07,06,2009,29.5
07,07,2009,29.0
07,08,2009,29.25
07,09,2009,30.0
07,10,2009,30.0
07,11,2009,29.0
07,12,2009,28.75
07,13,2009,29.5
07,14,2009,30.5
07,15,2009,29.5
07,16,2009,30.0
07,17,2009,30.25
07,18,2009,30.5
07,19,2009,29.75
07,20,2009,30.5
07,21,2009,30.75
07,22,2009,28.75
07,23,2009,30.75
07,24,2009,28.5
07,25,2009,27.25
07,26,2009,29.75
07,27,2009,30.25
07,28,2009,29.75
07,29,2009,30.25
07,30,2009,31.0
07,31,2009,30.75
08,01,2009,30.25
08,02,2009,30.0
08,03,2009,29.0
08,04,2009,29.0
08,05,2009,30.0
08,06,2009,30.75
08,07,2009,30.5
08,08,2009,30.0
08,09,2009,28.5
08,10,2009,29.0
08,11,2009,30.75
08,12,2009,29.5
08,13,2009,29.25
08,14,2009,30.25
08,15,2009,30.25
08,16,2009,30.5
08,17,2009,31.0
08,18,2009,29.0
08,19,2009,30.0
08,20,2009,30.75
08,21,2009,30.5
08,22,2009,31.0
08,23,2009,31.0
08,24,2009,30.0
08,25,2009,29.5
08,26,2009,29.0
08,27,2009,29.5
08,28,2009,30.25
08,29,2009,29.75
08,30,2009,30.0
08,31,2009,30.0
09,01,2009,30.25
09,02,2009,29.75
09,03,2009,30.5
09,04,2009,30.0
09,05,2009,30.5
09,06,2009,30.75
09,07,2009,30.5
09,08,2009,29.0
09,09,2009,30.5
09,10,2009,30.75
09,11,2009,31.25
09,12,2009,31.5
09,13,2009,31.25
09,14,2009,31.25
09,15,2009,31.75
09,16,2009,32.0
09,17,2009,32.5
09,18,2009,32.25
09,19,2009,30.75
09,20,2009,29.0
09,21,2009,30.25
09,22,2009,28.0
09,23,2009,29.25
09,24,2009,30.75
09,25,2009,27.25
09,26,2009,28.5
09,27,2009,29.25
09,28,2009,29.5
09,29,2009,29.75
09,30,2009,29.5
10,01,2009,29.0
10,02,2009,30.0
10,03,2009,29.75
10,04,2009,30.5
10,05,2009,30.25
10,06,2009,30.0
10,07,2009,30.0
10,08,2009,29.25
10,09,2009,30.0
10,10,2009,29.75
10,11,2009,28.0
10,12,2009,28.75
10,13,2009,29.75
10,14,2009,30.5
10,15,2009,30.25
10,16,2009,30.25
10,17,2009,30.5
10,18,2009,28.75
10,19,2009,24.5
10,20,2009,24.5
10,21,2009,27.0
10,22,2009,29.25
10,23,2009,29.75
10,24,2009,30.5
10,25,2009,29.5
10,26,2009,29.5
10,27,2009,29.25
10,28,2009,30.5
10,29,2009,30.0
10,30,2009,30.0
10,31,2009,30.25
11,01,2009,26.25
11,02,2009,27.75
11,03,2009,26.0
11,04,2009,25.0
11,05,2009,26.0
11,06,2009,23.5
11,07,2009,26.25
11,08,2009,26.0
11,09,2009,26.25
11,10,2009,26.5
11,11,2009,25.5
11,12,2009,23.0
11,13,2009,23.0
11,14,2009,24.5
11,15,2009,24.75
11,16,2009,25.75
11,17,2009,27.25
11,18,2009,25.0
11,19,2009,25.5
11,20,2009,25.5
11,21,2009,25.25
11,22,2009,26.75
11,23,2009,27.5
11,24,2009,27.75
11,25,2009,28.0
11,26,2009,27.0
11,27,2009,24.25
11,28,2009,22.5
11,29,2009,23.25
11,30,2009,24.5
12,01,2009,27.5
12,02,2009,27.25
12,03,2009,28.75
12,04,2009,28.25
12,05,2009,27.25
12,06,2009,22.75
12,07,2009,24.25
12,08,2009,26.75
12,09,2009,27.0
12,10,2009,28.5
12,11,2009,26.75
12,12,2009,27.0
12,13,2009,27.5
12,14,2009,27.75
12,15,2009,25.5
12,16,2009,26.5
12,17,2009,26.75
12,18,2009,23.25
12,19,2009,23.75
12,20,2009,21.75
12,21,2009,17.75
12,22,2009,17.0
12,23,2009,21.0
12,24,2009,23.25
12,25,2009,26.75
12,26,2009,23.75
12,27,2009,24.5
12,28,2009,26.25
12,29,2009,25.75
12,30,2009,24.75
12,31,2009,24.0
01,01,2010,26.0
01,02,2010,25.5
01,03,2010,20.5
01,04,2010,23.25
01,05,2010,21.25
01,06,2010,19.25
01,07,2010,20.75
01,08,2010,21.5
01,09,2010,21.0
01,10,2010,18.5
01,11,2010,16.25
01,12,2010,18.25
01,13,2010,19.25
01,14,2010,20.25
01,15,2010,20.75
01,16,2010,25.0
01,17,2010,23.0
01,18,2010,21.5
01,19,2010,24.5
01,20,2010,25.0
01,21,2010,26.0
01,22,2010,27.25
01,23,2010,28.25
01,24,2010,28.5
01,25,2010,27.25
01,26,2010,22.75
01,27,2010,24.0
01,28,2010,23.5
01,29,2010,24.0
01,30,2010,26.75
01,31,2010,25.25
02,01,2010,23.25
02,02,2010,23.5
02,03,2010,26.25
02,04,2010,27.0
02,05,2010,27.25
02,06,2010,24.0
02,07,2010,22.25
02,08,2010,23.5
02,09,2010,26.25
02,10,2010,27.5
02,11,2010,22.5
02,12,2010,25.75
02,13,2010,22.0
02,14,2010,21.0
02,15,2010,22.5
02,16,2010,24.0
02,17,2010,21.25
02,18,2010,21.75
02,19,2010,20.0
02,20,2010,22.0
02,21,2010,24.5
02,22,2010,29.25
02,23,2010,30.0
02,24,2010,29.25
02,25,2010,21.5
02,26,2010,19.5
02,27,2010,22.75
02,28,2010,21.5
03,01,2010,22.0
03,02,2010,27.75
03,03,2010,21.75
03,04,2010,19.75
03,05,2010,22.25
03,06,2010,23.75
03,07,2010,24.75
03,08,2010,24.25
03,09,2010,25.5
03,10,2010,28.75
03,11,2010,30.75
03,12,2010,31.0
03,13,2010,27.5
03,14,2010,24.0
03,15,2010,25.25
03,16,2010,28.0
03,17,2010,27.5
03,18,2010,21.0
03,19,2010,24.0
03,20,2010,27.5
03,21,2010,23.25
03,22,2010,21.75
03,23,2010,24.5
03,24,2010,26.0
03,25,2010,28.25
03,26,2010,29.75
03,27,2010,25.5
03,28,2010,28.75
03,29,2010,30.25
03,30,2010,22.75
03,31,2010,24.25
04,01,2010,27.25
04,02,2010,29.0
04,03,2010,30.5
04,04,2010,31.75
04,05,2010,29.75
04,06,2010,29.25
04,07,2010,30.0
04,08,2010,31.75
04,09,2010,30.5
04,10,2010,28.75
04,11,2010,29.5
04,12,2010,29.5
04,13,2010,29.25
04,14,2010,29.75
04,15,2010,27.75
04,16,2010,29.75
04,17,2010,27.75
04,18,2010,28.5
04,19,2010,29.25
04,20,2010,28.75
04,21,2010,31.0
04,22,2010,31.25
04,23,2010,31.75
04,24,2010,32.0
04,25,2010,33.75
04,26,2010,33.25
04,27,2010,28.75
04,28,2010,31.5
04,29,2010,31.75
04,30,2010,31.0
05,01,2010,33.25
05,02,2010,34.5
05,03,2010,32.75
05,04,2010,31.25
05,05,2010,30.75
05,06,2010,31.0
05,07,2010,31.25
05,08,2010,31.25
05,09,2010,32.25
05,10,2010,31.25
05,11,2010,30.5
05,12,2010,30.75
05,13,2010,31.0
05,14,2010,31.75
05,15,2010,31.75
05,16,2010,30.75
05,17,2010,32.0
05,18,2010,29.75
05,19,2010,29.5
05,20,2010,30.25
05,21,2010,31.75
05,22,2010,32.25
05,23,2010,30.0
05,24,2010,29.75
05,25,2010,30.0
05,26,2010,30.5
05,27,2010,30.5
05,28,2010,30.75
05,29,2010,29.75
05,30,2010,28.25
05,31,2010,30.25
06,01,2010,31.5
06,02,2010,32.75
06,03,2010,33.25
06,04,2010,33.75
06,05,2010,33.0
06,06,2010,31.0
06,07,2010,31.75
06,08,2010,31.25
06,09,2010,31.5
06,10,2010,31.75
06,11,2010,31.25
06,12,2010,30.75
06,13,2010,29.75
06,14,2010,28.0
06,15,2010,29.0
06,16,2010,31.0
06,17,2010,30.25
06,18,2010,28.5
06,19,2010,29.5
06,20,2010,30.15
06,21,2010,30.0
06,22,2010,29.75
06,23,2010,30.75
06,24,2010,31.0
06,25,2010,30.25
06,26,2010,30.5
06,27,2010,29.0
06,28,2010,25.25
06,29,2010,26.25
06,30,2010,29.5
07,01,2010,31.5
07,02,2010,32.0
07,03,2010,31.5
07,04,2010,31.0
07,05,2010,31.0
07,06,2010,30.5
07,07,2010,30.0
07,08,2010,29.75
07,09,2010,28.5
07,10,2010,29.0
07,11,2010,29.75
07,12,2010,28.5
07,13,2010,30.0
07,14,2010,30.25
07,15,2010,30.25
07,16,2010,30.25
07,17,2010,29.75
07,18,2010,29.0
07,19,2010,29.75
07,20,2010,29.5
07,21,2010,30.25
07,22,2010,26.25
07,23,2010,29.0
07,24,2010,28.5
07,25,2010,31.5
07,26,2010,30.25
07,27,2010,29.0
07,28,2010,28.75
07,29,2010,28.75
07,30,2010,29.5
07,31,2010,29.5
08,01,2010,null
08,02,2010,null
08,03,2010,null
08,04,2010,null
08,05,2010,null
08,06,2010,null
08,07,2010,null
08,08,2010,null
08,09,2010,null
08,10,2010,null
08,11,2010,null
08,12,2010,null
08,13,2010,null
08,14,2010,null
08,15,2010,null
08,16,2010,null
08,17,2010,null
08,18,2010,null
08,19,2010,null
08,20,2010,null
08,21,2010,null
08,22,2010,null
08,23,2010,null
08,24,2010,null
08,25,2010,null
08,26,2010,null
08,27,2010,null
08,28,2010,null
08,29,2010,null
08,30,2010,null
08,31,2010,null
09,01,2010,30.5
09,02,2010,28.75
09,03,2010,30.5
09,04,2010,30.75
09,05,2010,30.0
09,06,2010,28.75
09,07,2010,30.0
09,08,2010,30.25
09,09,2010,30.75
09,10,2010,30.0
09,11,2010,30.0
09,12,2010,30.0
09,13,2010,29.25
09,14,2010,29.75
09,15,2010,29.75
09,16,2010,28.25
09,17,2010,28.5
09,18,2010,29.25
09,19,2010,30.75
09,20,2010,31.0
09,21,2010,30.5
09,22,2010,30.0
09,23,2010,29.5
09,24,2010,29.75
09,25,2010,28.25
09,26,2010,26.75
09,27,2010,28.25
09,28,2010,27.75
09,29,2010,27.0
09,30,2010,25.5
10,01,2010,null
10,02,2010,null
10,03,2010,null
10,04,2010,null
10,05,2010,null
10,06,2010,null
10,07,2010,null
10,08,2010,null
10,09,2010,null
10,10,2010,null
10,11,2010,null
10,12,2010,null
10,13,2010,null
10,14,2010,null
10,15,2010,null
10,16,2010,null
10,17,2010,null
10,18,2010,null
10,19,2010,null
10,20,2010,null
10,21,2010,null
10,22,2010,null
10,23,2010,null
10,24,2010,null
10,25,2010,null
10,26,2010,null
10,27,2010,null
10,28,2010,null
10,29,2010,null
10,30,2010,null
10,31,2010,null
11,01,2010,null
11,02,2010,null
11,03,2010,null
11,04,2010,null
11,05,2010,null
11,06,2010,null
11,07,2010,null
11,08,2010,null
11,09,2010,null
11,10,2010,null
11,11,2010,null
11,12,2010,null
11,13,2010,null
11,14,2010,null
11,15,2010,null
11,16,2010,null
11,17,2010,null
11,18,2010,null
11,19,2010,null
11,20,2010,null
11,21,2010,null
11,22,2010,null
11,23,2010,null
11,24,2010,null
11,25,2010,null
11,26,2010,null
11,27,2010,null
11,28,2010,null
11,29,2010,null
11,30,2010,null
12,01,2010,26.25
12,02,2010,23.5
12,03,2010,22.75
12,04,2010,22.25
12,05,2010,23.0
12,06,2010,23.25
12,07,2010,22.0
12,08,2010,22.75
12,09,2010,23.75
12,10,2010,19.25
12,11,2010,20.75
12,12,2010,21.5
12,13,2010,22.25
12,14,2010,18.75
12,15,2010,18.5
12,16,2010,20.0
12,17,2010,25.5
12,18,2010,24.0
12,19,2010,23.5
12,20,2010,23.25
12,21,2010,23.75
12,22,2010,24.25
12,23,2010,23.75
12,24,2010,23.25
12,25,2010,23.5
12,26,2010,23.75
12,27,2010,18.0
12,28,2010,19.75
12,29,2010,20.0
12,30,2010,22.25
12,31,2010,25.0
01,01,2011,25.5
01,02,2011,27.0
01,03,2011,27.25
01,04,2011,25.75
01,05,2011,25.0
01,06,2011,25.5
01,07,2011,24.75
01,08,2011,23.5
01,09,2011,24.5
01,10,2011,26.0
01,11,2011,27.25
01,12,2011,26.0
01,13,2011,21.0
01,14,2011,20.0
01,15,2011,20.75
01,16,2011,21.25
01,17,2011,23.25
01,18,2011,24.75
01,19,2011,26.25
01,20,2011,25.5
01,21,2011,27.0
01,22,2011,25.75
01,23,2011,21.75
01,24,2011,23.0
01,25,2011,26.0
01,26,2011,27.0
01,27,2011,24.0
01,28,2011,22.5
01,29,2011,22.5
01,30,2011,23.75
01,31,2011,26.0
02,01,2011,27.25
02,02,2011,27.75
02,03,2011,25.0
02,04,2011,22.5
02,05,2011,23.5
02,06,2011,22.0
02,07,2011,25.0
02,08,2011,24.75
02,09,2011,22.0
02,10,2011,25.75
02,11,2011,25.5
02,12,2011,21.0
02,13,2011,21.0
02,14,2011,21.5
02,15,2011,22.75
02,16,2011,23.25
02,17,2011,24.5
02,18,2011,26.0
02,19,2011,27.0
02,20,2011,25.75
02,21,2011,25.5
02,22,2011,26.25
02,23,2011,28.0
02,24,2011,28.0
02,25,2011,27.75
02,26,2011,28.0
02,27,2011,28.0
02,28,2011,28.75
03,01,2011,30.25
03,02,2011,29.0
03,03,2011,28.25
03,04,2011,28.5
03,05,2011,26.75
03,06,2011,27.25
03,07,2011,27.5
03,08,2011,26.25
03,09,2011,28.25
03,10,2011,29.0
03,11,2011,26.25
03,12,2011,23.75
03,13,2011,25.25
03,14,2011,25.75
03,15,2011,26.0
03,16,2011,27.0
03,17,2011,27.25
03,18,2011,26.75
03,19,2011,27.0
03,20,2011,27.0
03,21,2011,26.75
03,22,2011,26.25
03,23,2011,26.0
03,24,2011,27.0
03,25,2011,27.75
03,26,2011,29.0
03,27,2011,29.5
03,28,2011,30.75
03,29,2011,30.5
03,30,2011,31.25
03,31,2011,31.75
04,01,2011,null
04,02,2011,null
04,03,2011,null
04,04,2011,null
04,05,2011,null
04,06,2011,null
04,07,2011,null
04,08,2011,null
04,09,2011,null
04,10,2011,null
04,11,2011,null
04,12,2011,null
04,13,2011,null
04,14,2011,null
04,15,2011,null
04,16,2011,null
04,17,2011,null
04,18,2011,null
04,19,2011,null
04,20,2011,null
04,21,2011,null
04,22,2011,null
04,23,2011,null
04,24,2011,null
04,25,2011,null
04,26,2011,null
04,27,2011,null
04,28,2011,null
04,29,2011,null
04,30,2011,null
05,01,2011,28.75
05,02,2011,30.75
05,03,2011,31.0
05,04,2011,31.25
05,05,2011,29.5
05,06,2011,28.75
05,07,2011,29.75
05,08,2011,29.5
05,09,2011,30.0
05,10,2011,31.0
05,11,2011,31.75
05,12,2011,32.25
05,13,2011,32.75
05,14,2011,31.75
05,15,2011,31.25
05,16,2011,30.75
05,17,2011,29.75
05,18,2011,30.25
05,19,2011,32.0
05,20,2011,34.0
05,21,2011,33.25
05,22,2011,33.0
05,23,2011,31.5
05,24,2011,32.0
05,25,2011,32.75
05,26,2011,33.25
05,27,2011,33.25
05,28,2011,33.25
05,29,2011,33.75
05,30,2011,33.0
05,31,2011,32.25
06,01,2011,30.0
06,02,2011,30.0
06,03,2011,29.25
06,04,2011,30.25
06,05,2011,31.25
06,06,2011,29.8
06,07,2011,29.75
06,08,2011,31.0
06,09,2011,31.5
06,10,2011,32.0
06,11,2011,32.0
06,12,2011,30.75
06,13,2011,30.25
06,14,2011,30.25
06,15,2011,29.75
06,16,2011,31.0
06,17,2011,30.5
06,18,2011,29.5
06,19,2011,29.75
06,20,2011,29.5
06,21,2011,29.5
06,22,2011,31.0
06,23,2011,31.5
06,24,2011,28.5
06,25,2011,31.75
06,26,2011,30.25
06,27,2011,31.0
06,28,2011,27.0
06,29,2011,28.25
06,30,2011,29.0
07,01,2011,29.0
07,02,2011,29.75
07,03,2011,29.25
07,04,2011,28.25
07,05,2011,28.0
07,06,2011,28.25
07,07,2011,29.0
07,08,2011,29.5
07,09,2011,28.75
07,10,2011,30.75
07,11,2011,29.5
07,12,2011,29.0
07,13,2011,28.25
07,14,2011,28.75
07,15,2011,29.25
07,16,2011,29.0
07,17,2011,29.5
07,18,2011,30.0
07,19,2011,29.25
07,20,2011,28.75
07,21,2011,30.25
07,22,2011,30.0
07,23,2011,30.5
07,24,2011,29.75
07,25,2011,29.75
07,26,2011,29.75
07,27,2011,29.25
07,28,2011,29.5
07,29,2011,29.0
07,30,2011,29.5
07,31,2011,28.75
08,01,2011,28.5
08,02,2011,28.5
08,03,2011,28.25
08,04,2011,29.75
08,05,2011,30.0
08,06,2011,30.25
08,07,2011,30.5
08,08,2011,30.5
08,09,2011,30.0
08,10,2011,30.75
08,11,2011,31.0
08,12,2011,31.5
08,13,2011,30.5
08,14,2011,30.25
08,15,2011,29.0
08,16,2011,29.25
08,17,2011,29.75
08,18,2011,29.25
08,19,2011,29.0
08,20,2011,30.0
08,21,2011,30.25
08,22,2011,29.25
08,23,2011,30.5
08,24,2011,29.25
08,25,2011,29.5
08,26,2011,29.75
08,27,2011,30.0
08,28,2011,29.5
08,29,2011,28.25
08,30,2011,29.75
08,31,2011,29.75
09,01,2011,29.75
09,02,2011,29.5
09,03,2011,29.5
09,04,2011,29.75
09,05,2011,30.75
09,06,2011,29.5
09,07,2011,27.0
09,08,2011,26.5
09,09,2011,27.0
09,10,2011,27.5
09,11,2011,28.25
09,12,2011,28.5
09,13,2011,28.0
09,14,2011,28.75
09,15,2011,29.25
09,16,2011,29.75
09,17,2011,30.25
09,18,2011,28.75
09,19,2011,28.75
09,20,2011,28.5
09,21,2011,28.25
09,22,2011,29.25
09,23,2011,30.25
09,24,2011,29.25
09,25,2011,28.75
09,26,2011,29.0
09,27,2011,30.0
09,28,2011,29.75
09,29,2011,29.75
09,30,2011,29.0
10,01,2011,27.5
10,02,2011,28.5
10,03,2011,28.0
10,04,2011,28.5
10,05,2011,27.75
10,06,2011,28.25
10,07,2011,29.0
10,08,2011,28.75
10,09,2011,27.75
10,10,2011,29.25
10,11,2011,29.5
10,12,2011,29.25
10,13,2011,27.75
10,14,2011,25.5
10,15,2011,27.5
10,16,2011,26.5
10,17,2011,27.25
10,18,2011,27.75
10,19,2011,28.25
10,20,2011,26.25
10,21,2011,25.25
10,22,2011,24.75
10,23,2011,24.25
10,24,2011,25.0
10,25,2011,24.5
10,26,2011,25.25
10,27,2011,25.5
10,28,2011,27.75
10,29,2011,28.25
10,30,2011,27.25
10,31,2011,24.0
11,01,2011,25.0
11,02,2011,25.25
11,03,2011,27.25
11,04,2011,27.5
11,05,2011,26.75
11,06,2011,26.5
11,07,2011,27.0
11,08,2011,26.5
11,09,2011,27.25
11,10,2011,28.0
11,11,2011,26.25
11,12,2011,23.25
11,13,2011,25.0
11,14,2011,26.5
11,15,2011,26.75
11,16,2011,28.0
11,17,2011,28.75
11,18,2011,28.0
11,19,2011,27.5
11,20,2011,27.75
11,21,2011,27.75
11,22,2011,27.5
11,23,2011,27.75
11,24,2011,27.0
11,25,2011,26.0
11,26,2011,25.75
11,27,2011,25.75
11,28,2011,25.0
11,29,2011,19.75
11,30,2011,21.25
12,01,2011,21.75
12,02,2011,21.75
12,03,2011,22.25
12,04,2011,25.0
12,05,2011,24.25
12,06,2011,26.0
12,07,2011,26.75
12,08,2011,25.75
12,09,2011,22.0
12,10,2011,22.25
12,11,2011,23.25
12,12,2011,23.5
12,13,2011,23.75
12,14,2011,25.75
12,15,2011,24.5
12,16,2011,26.0
12,17,2011,25.75
12,18,2011,25.0
12,19,2011,25.0
12,20,2011,25.0
12,21,2011,25.5
12,22,2011,26.75
12,23,2011,27.0
12,24,2011,26.25
12,25,2011,26.5
12,26,2011,26.0
12,27,2011,24.5
12,28,2011,25.75
12,29,2011,25.25
12,30,2011,25.0
12,31,2011,25.75
01,01,2012,26.25
01,02,2012,26.5
01,03,2012,24.5
01,04,2012,20.5
01,05,2012,20.75
01,06,2012,21.25
01,07,2012,22.25
01,08,2012,24.25
01,09,2012,26.0
01,10,2012,26.75
01,11,2012,26.5
01,12,2012,24.25
01,13,2012,25.5
01,14,2012,26.5
01,15,2012,24.25
01,16,2012,25.5
01,17,2012,25.75
01,18,2012,26.0
01,19,2012,25.5
01,20,2012,26.5
01,21,2012,26.25
01,22,2012,25.25
01,23,2012,27.0
01,24,2012,26.75
01,25,2012,27.0
01,26,2012,26.75
01,27,2012,27.5
01,28,2012,23.25
01,29,2012,25.0
01,30,2012,25.5
01,31,2012,24.0
02,01,2012,24.5
02,02,2012,24.25
02,03,2012,24.5
02,04,2012,24.75
02,05,2012,25.25
02,06,2012,26.25
02,07,2012,25.75
02,08,2012,25.25
02,09,2012,23.25
02,10,2012,24.5
02,11,2012,23.75
02,12,2012,25.75
02,13,2012,23.0
02,14,2012,25.0
02,15,2012,26.75
02,16,2012,27.75
02,17,2012,28.25
02,18,2012,27.5
02,19,2012,27.75
02,20,2012,28.25
02,21,2012,27.0
02,22,2012,27.5
02,23,2012,27.0
02,24,2012,27.75
02,25,2012,29.0
02,26,2012,25.5
02,27,2012,24.75
02,28,2012,27.0
02,29,2012,27.25
03,01,2012,27.25
03,02,2012,26.75
03,03,2012,27.75
03,04,2012,28.75
03,05,2012,28.75
03,06,2012,23.25
03,07,2012,23.5
03,08,2012,25.0
03,09,2012,27.0
03,10,2012,27.75
03,11,2012,28.0
03,12,2012,27.5
03,13,2012,28.0
03,14,2012,27.5
03,15,2012,28.0
03,16,2012,27.0
03,17,2012,27.25
03,18,2012,27.5
03,19,2012,27.75
03,20,2012,28.25
03,21,2012,28.75
03,22,2012,30.0
03,23,2012,28.0
03,24,2012,28.25
03,25,2012,28.75
03,26,2012,29.0
03,27,2012,28.5
03,28,2012,28.0
03,29,2012,27.75
03,30,2012,27.5
03,31,2012,null
04,01,2012,null
04,02,2012,null
04,03,2012,null
04,04,2012,null
04,05,2012,null
04,06,2012,null
04,07,2012,null
04,08,2012,null
04,09,2012,null
04,10,2012,null
04,11,2012,null
04,12,2012,null
04,13,2012,null
04,14,2012,null
04,15,2012,null
04,16,2012,null
04,17,2012,null
04,18,2012,null
04,19,2012,null
04,20,2012,null
04,21,2012,null
04,22,2012,null
04,23,2012,null
04,24,2012,null
04,25,2012,null
04,26,2012,null
04,27,2012,null
04,28,2012,null
04,29,2012,null
04,30,2012,null
05,01,2012,31.5
05,02,2012,31.5
05,03,2012,31.75
05,04,2012,31.75
05,05,2012,31.75
05,06,2012,31.75
05,07,2012,32.25
05,08,2012,32.5
05,09,2012,32.25
05,10,2012,32.25
05,11,2012,32.25
05,12,2012,32.5
05,13,2012,32.25
05,14,2012,31.5
05,15,2012,29.5
05,16,2012,28.5
05,17,2012,28.25
05,18,2012,27.25
05,19,2012,29.25
05,20,2012,29.8
05,21,2012,28.5
05,22,2012,28.75
05,23,2012,27.5
05,24,2012,30.0
05,25,2012,30.75
05,26,2012,30.75
05,27,2012,31.25
05,28,2012,30.0
05,29,2012,30.5
05,30,2012,29.5
05,31,2012,28.75
06,01,2012,31.25
06,02,2012,31.5
06,03,2012,30.25
06,04,2012,30.0
06,05,2012,30.25
06,06,2012,31.75
06,07,2012,31.25
06,08,2012,29.25
06,09,2012,29.5
06,10,2012,30.75
06,11,2012,31.25
06,12,2012,28.75
06,13,2012,28.75
06,14,2012,28.75
06,15,2012,29.75
06,16,2012,29.0
06,17,2012,30.0
06,18,2012,27.75
06,19,2012,27.5
06,20,2012,27.75
06,21,2012,29.0
06,22,2012,29.5
06,23,2012,28.75
06,24,2012,29.25
06,25,2012,28.75
06,26,2012,30.0
06,27,2012,30.0
06,28,2012,29.5
06,29,2012,30.25
06,30,2012,30.25
07,01,2012,29.5
07,02,2012,29.5
07,03,2012,29.75
07,04,2012,29.25
07,05,2012,29.25
07,06,2012,28.75
07,07,2012,28.5
07,08,2012,28.25
07,09,2012,26.75
07,10,2012,28.25
07,11,2012,29.0
07,12,2012,29.5
07,13,2012,29.5
07,14,2012,29.25
07,15,2012,29.25
07,16,2012,29.5
07,17,2012,29.75
07,18,2012,29.75
07,19,2012,28.75
07,20,2012,30.0
07,21,2012,28.75
07,22,2012,28.75
07,23,2012,28.25
07,24,2012,29.0
07,25,2012,29.25
07,26,2012,29.5
07,27,2012,29.5
07,28,2012,29.5
07,29,2012,29.25
07,30,2012,29.5
07,31,2012,29.0
08,01,2012,29.5
08,02,2012,29.5
08,03,2012,29.5
08,04,2012,30.0
08,05,2012,30.5
08,06,2012,29.75
08,07,2012,29.75
08,08,2012,28.75
08,09,2012,25.0
08,10,2012,28.75
08,11,2012,29.5
08,12,2012,28.5
08,13,2012,29.25
08,14,2012,29.5
08,15,2012,29.0
08,16,2012,28.75
08,17,2012,28.75
08,18,2012,29.0
08,19,2012,27.25
08,20,2012,29.5
08,21,2012,30.25
08,22,2012,30.5
08,23,2012,28.25
08,24,2012,29.25
08,25,2012,29.25
08,26,2012,30.25
08,27,2012,30.75
08,28,2012,29.75
08,29,2012,29.25
08,30,2012,29.75
08,31,2012,30.0
09,01,2012,28.25
09,02,2012,29.5
09,03,2012,29.25
09,04,2012,29.75
09,05,2012,30.0
09,06,2012,30.0
09,07,2012,30.75
09,08,2012,30.0
09,09,2012,30.0
09,10,2012,30.5
09,11,2012,28.25
09,12,2012,29.75
09,13,2012,29.25
09,14,2012,29.5
09,15,2012,30.0
09,16,2012,29.75
09,17,2012,30.25
09,18,2012,29.5
09,19,2012,29.25
09,20,2012,28.75
09,21,2012,28.5
09,22,2012,28.5
09,23,2012,28.75
09,24,2012,29.25
09,25,2012,28.25
09,26,2012,27.75
09,27,2012,29.5
09,28,2012,28.75
09,29,2012,29.25
09,30,2012,29.25
10,01,2012,30.0
10,02,2012,29.75
10,03,2012,27.0
10,04,2012,27.5
10,05,2012,28.0
10,06,2012,28.5
10,07,2012,28.0
10,08,2012,27.75
10,09,2012,27.5
10,10,2012,28.25
10,11,2012,28.75
10,12,2012,28.0
10,13,2012,28.25
10,14,2012,27.25
10,15,2012,28.25
10,16,2012,28.5
10,17,2012,28.5
10,18,2012,28.75
10,19,2012,29.25
10,20,2012,29.5
10,21,2012,29.0
10,22,2012,28.5
10,23,2012,28.25
10,24,2012,28.25
10,25,2012,28.25
10,26,2012,27.25
10,27,2012,27.0
10,28,2012,27.75
10,29,2012,27.0
10,30,2012,25.0
10,31,2012,26.0
11,01,2012,26.0
11,02,2012,25.75
11,03,2012,26.25
11,04,2012,26.75
11,05,2012,27.0
11,06,2012,27.3
11,07,2012,26.0
11,08,2012,25.5
11,09,2012,23.75
11,10,2012,24.5
11,11,2012,24.5
11,12,2012,26.25
11,13,2012,25.25
11,14,2012,26.75
11,15,2012,27.0
11,16,2012,26.0
11,17,2012,25.0
11,18,2012,24.75
11,19,2012,23.75
11,20,2012,23.25
11,21,2012,24.5
11,22,2012,22.75
11,23,2012,23.5
11,24,2012,24.5
11,25,2012,22.75
11,26,2012,23.0
11,27,2012,24.0
11,28,2012,25.25
11,29,2012,25.25
11,30,2012,26.0
12,01,2012,26.25
12,02,2012,26.75
12,03,2012,26.25
12,04,2012,26.5
12,05,2012,26.25
12,06,2012,25.75
12,07,2012,25.0
12,08,2012,25.0
12,09,2012,25.75
12,10,2012,25.5
12,11,2012,26.75
12,12,2012,27.0
12,13,2012,26.5
12,14,2012,26.25
12,15,2012,26.25
12,16,2012,26.25
12,17,2012,26.75
12,18,2012,26.5
12,19,2012,26.5
12,20,2012,26.75
12,21,2012,27.0
12,22,2012,23.75
12,23,2012,26.25
12,24,2012,22.5
12,25,2012,23.25
12,26,2012,25.25
12,27,2012,25.0
12,28,2012,24.25
12,29,2012,27.25
12,30,2012,27.0
12,31,2012,26.5
01,01,2013,26.25
01,02,2013,26.0
01,03,2013,25.75
01,04,2013,25.75
01,05,2013,23.75
01,06,2013,24.75
01,07,2013,24.25
01,08,2013,24.75
01,09,2013,25.75
01,10,2013,28.0
01,11,2013,28.0
01,12,2013,27.0
01,13,2013,26.75
01,14,2013,26.75
01,15,2013,26.5
01,16,2013,26.75
01,17,2013,26.25
01,18,2013,19.25
01,19,2013,18.25
01,20,2013,21.0
01,21,2013,23.0
01,22,2013,23.75
01,23,2013,25.0
01,24,2013,25.0
01,25,2013,21.5
01,26,2013,23.75
01,27,2013,24.25
01,28,2013,21.75
01,29,2013,26.25
01,30,2013,27.0
01,31,2013,27.5
02,01,2013,23.0
02,02,2013,23.0
02,03,2013,23.25
02,04,2013,23.75
02,05,2013,21.75
02,06,2013,26.75
02,07,2013,27.5
02,08,2013,27.25
02,09,2013,27.0
02,10,2013,26.75
02,11,2013,26.75
02,12,2013,27.25
02,13,2013,27.5
02,14,2013,27.5
02,15,2013,22.25
02,16,2013,26.5
02,17,2013,22.25
02,18,2013,22.5
02,19,2013,24.25
02,20,2013,26.0
02,21,2013,27.75
02,22,2013,28.25
02,23,2013,28.0
02,24,2013,28.25
02,25,2013,28.5
02,26,2013,29.25
02,27,2013,26.25
02,28,2013,27.25
03,01,2013,24.5
03,02,2013,22.5
03,03,2013,19.25
03,04,2013,20.0
03,05,2013,20.75
03,06,2013,24.25
03,07,2013,23.5
03,08,2013,24.25
03,09,2013,24.75
03,10,2013,26.25
03,11,2013,27.25
03,12,2013,26.5
03,13,2013,22.75
03,14,2013,20.75
03,15,2013,23.5
03,16,2013,23.5
03,17,2013,25.5
03,18,2013,27.75
03,19,2013,29.5
03,20,2013,31.0
03,21,2013,29.5
03,22,2013,29.25
03,23,2013,32.0
03,24,2013,32.25
03,25,2013,32.5
03,26,2013,26.0
03,27,2013,21.75
03,28,2013,23.75
03,29,2013,24.75
03,30,2013,25.25
03,31,2013,26.25
