Id:,30195
Estación:,EMILIANO ZAPATA (CFE)-VER
Posición:,19.4833333333N -96.7963888889W
Variable:,Precipitación (mm)
Fecha Inicial:,03/01/1964
Fecha Final:,09/01/2009
No Dato:,nan
Mes,Día,Anio,Datos
03,01,1964,null
03,02,1964,null
03,03,1964,null
03,04,1964,null
03,05,1964,null
03,06,1964,null
03,07,1964,null
03,08,1964,null
03,09,1964,0.0
03,10,1964,0.0
03,11,1964,0.0
03,12,1964,0.0
03,13,1964,0.0
03,14,1964,0.1
03,15,1964,2.0
03,16,1964,0.0
03,17,1964,0.0
03,18,1964,0.0
03,19,1964,0.0
03,20,1964,0.0
03,21,1964,0.0
03,22,1964,0.0
03,23,1964,0.0
03,24,1964,0.0
03,25,1964,0.0
03,26,1964,0.0
03,27,1964,0.0
03,28,1964,0.0
03,29,1964,0.0
03,30,1964,7.5
03,31,1964,29.5
04,01,1964,0.0
04,02,1964,0.0
04,03,1964,0.0
04,04,1964,0.0
04,05,1964,0.0
04,06,1964,0.0
04,07,1964,0.0
04,08,1964,0.0
04,09,1964,0.0
04,10,1964,0.0
04,11,1964,0.0
04,12,1964,0.0
04,13,1964,0.0
04,14,1964,0.0
04,15,1964,0.0
04,16,1964,0.0
04,17,1964,0.0
04,18,1964,0.0
04,19,1964,0.0
04,20,1964,0.0
04,21,1964,0.0
04,22,1964,0.0
04,23,1964,0.0
04,24,1964,0.0
04,25,1964,0.0
04,26,1964,0.0
04,27,1964,0.0
04,28,1964,0.0
04,29,1964,0.0
04,30,1964,0.0
05,01,1964,0.0
05,02,1964,0.0
05,03,1964,0.0
05,04,1964,0.0
05,05,1964,0.0
05,06,1964,0.0
05,07,1964,0.0
05,08,1964,0.0
05,09,1964,0.0
05,10,1964,0.0
05,11,1964,0.0
05,12,1964,7.5
05,13,1964,0.0
05,14,1964,0.0
05,15,1964,0.0
05,16,1964,0.0
05,17,1964,0.0
05,18,1964,0.0
05,19,1964,0.0
05,20,1964,0.0
05,21,1964,2.0
05,22,1964,0.2
05,23,1964,0.1
05,24,1964,0.0
05,25,1964,13.0
05,26,1964,0.0
05,27,1964,0.0
05,28,1964,0.1
05,29,1964,0.0
05,30,1964,0.0
05,31,1964,12.0
06,01,1964,0.3
06,02,1964,19.5
06,03,1964,0.0
06,04,1964,0.0
06,05,1964,0.0
06,06,1964,0.0
06,07,1964,0.0
06,08,1964,0.0
06,09,1964,0.0
06,10,1964,16.5
06,11,1964,5.0
06,12,1964,7.7
06,13,1964,11.0
06,14,1964,0.0
06,15,1964,0.0
06,16,1964,0.0
06,17,1964,0.0
06,18,1964,0.0
06,19,1964,0.0
06,20,1964,0.0
06,21,1964,4.3
06,22,1964,7.5
06,23,1964,0.0
06,24,1964,0.0
06,25,1964,0.0
06,26,1964,0.0
06,27,1964,11.0
06,28,1964,19.6
06,29,1964,18.5
06,30,1964,10.9
07,01,1964,0.0
07,02,1964,0.0
07,03,1964,0.0
07,04,1964,10.0
07,05,1964,0.0
07,06,1964,0.0
07,07,1964,2.0
07,08,1964,0.0
07,09,1964,4.7
07,10,1964,0.0
07,11,1964,0.0
07,12,1964,0.0
07,13,1964,4.0
07,14,1964,4.1
07,15,1964,0.0
07,16,1964,4.5
07,17,1964,1.6
07,18,1964,17.4
07,19,1964,0.0
07,20,1964,0.0
07,21,1964,6.2
07,22,1964,0.0
07,23,1964,0.0
07,24,1964,1.7
07,25,1964,0.0
07,26,1964,14.6
07,27,1964,3.7
07,28,1964,0.0
07,29,1964,0.0
07,30,1964,0.0
07,31,1964,0.0
08,01,1964,0.0
08,02,1964,8.1
08,03,1964,0.0
08,04,1964,0.0
08,05,1964,0.0
08,06,1964,0.0
08,07,1964,0.0
08,08,1964,0.0
08,09,1964,0.0
08,10,1964,0.0
08,11,1964,0.0
08,12,1964,0.0
08,13,1964,0.0
08,14,1964,0.0
08,15,1964,0.0
08,16,1964,0.0
08,17,1964,8.6
08,18,1964,0.0
08,19,1964,0.0
08,20,1964,1.0
08,21,1964,0.0
08,22,1964,0.0
08,23,1964,4.0
08,24,1964,8.2
08,25,1964,0.0
08,26,1964,0.0
08,27,1964,0.0
08,28,1964,0.0
08,29,1964,0.0
08,30,1964,4.2
08,31,1964,0.0
09,01,1964,9.4
09,02,1964,5.1
09,03,1964,0.0
09,04,1964,25.3
09,05,1964,5.0
09,06,1964,7.0
09,07,1964,12.0
09,08,1964,0.0
09,09,1964,5.3
09,10,1964,0.0
09,11,1964,0.0
09,12,1964,0.0
09,13,1964,5.5
09,14,1964,0.0
09,15,1964,0.0
09,16,1964,0.0
09,17,1964,0.0
09,18,1964,0.0
09,19,1964,0.0
09,20,1964,2.0
09,21,1964,0.0
09,22,1964,0.0
09,23,1964,0.0
09,24,1964,0.0
09,25,1964,0.0
09,26,1964,0.0
09,27,1964,10.1
09,28,1964,0.1
09,29,1964,0.0
09,30,1964,2.0
10,01,1964,0.0
10,02,1964,0.0
10,03,1964,0.0
10,04,1964,0.0
10,05,1964,0.0
10,06,1964,0.0
10,07,1964,0.0
10,08,1964,0.0
10,09,1964,0.0
10,10,1964,0.0
10,11,1964,0.0
10,12,1964,0.0
10,13,1964,0.7
10,14,1964,0.0
10,15,1964,0.0
10,16,1964,0.0
10,17,1964,0.0
10,18,1964,17.5
10,19,1964,1.0
10,20,1964,0.0
10,21,1964,0.0
10,22,1964,0.0
10,23,1964,0.0
10,24,1964,0.0
10,25,1964,0.0
10,26,1964,0.0
10,27,1964,0.0
10,28,1964,0.0
10,29,1964,0.0
10,30,1964,0.0
10,31,1964,0.0
11,01,1964,0.0
11,02,1964,0.0
11,03,1964,0.0
11,04,1964,2.1
11,05,1964,0.0
11,06,1964,0.0
11,07,1964,0.0
11,08,1964,0.0
11,09,1964,0.0
11,10,1964,0.0
11,11,1964,0.0
11,12,1964,0.0
11,13,1964,0.0
11,14,1964,0.0
11,15,1964,0.0
11,16,1964,0.0
11,17,1964,0.0
11,18,1964,0.0
11,19,1964,0.0
11,20,1964,0.0
11,21,1964,0.0
11,22,1964,0.0
11,23,1964,2.1
11,24,1964,3.5
11,25,1964,0.0
11,26,1964,0.0
11,27,1964,0.0
11,28,1964,0.0
11,29,1964,0.0
11,30,1964,18.5
12,01,1964,0.0
12,02,1964,0.0
12,03,1964,0.0
12,04,1964,0.0
12,05,1964,0.0
12,06,1964,0.0
12,07,1964,0.0
12,08,1964,0.0
12,09,1964,0.0
12,10,1964,0.0
12,11,1964,0.0
12,12,1964,0.0
12,13,1964,0.0
12,14,1964,0.0
12,15,1964,0.0
12,16,1964,0.0
12,17,1964,0.0
12,18,1964,2.1
12,19,1964,0.0
12,20,1964,0.0
12,21,1964,0.0
12,22,1964,0.0
12,23,1964,0.0
12,24,1964,0.0
12,25,1964,0.0
12,26,1964,0.0
12,27,1964,0.0
12,28,1964,0.0
12,29,1964,0.0
12,30,1964,0.0
12,31,1964,0.0
01,01,1965,0.0
01,02,1965,0.0
01,03,1965,4.3
01,04,1965,0.0
01,05,1965,0.0
01,06,1965,0.0
01,07,1965,0.0
01,08,1965,0.0
01,09,1965,0.0
01,10,1965,0.0
01,11,1965,0.0
01,12,1965,0.0
01,13,1965,0.0
01,14,1965,0.0
01,15,1965,0.0
01,16,1965,0.0
01,17,1965,0.0
01,18,1965,0.0
01,19,1965,0.0
01,20,1965,0.0
01,21,1965,0.0
01,22,1965,0.0
01,23,1965,0.0
01,24,1965,0.0
01,25,1965,0.0
01,26,1965,0.0
01,27,1965,0.0
01,28,1965,0.0
01,29,1965,0.0
01,30,1965,0.0
01,31,1965,0.0
02,01,1965,0.0
02,02,1965,0.0
02,03,1965,0.0
02,04,1965,0.0
02,05,1965,0.0
02,06,1965,0.0
02,07,1965,0.0
02,08,1965,0.0
02,09,1965,0.0
02,10,1965,0.0
02,11,1965,0.0
02,12,1965,4.1
02,13,1965,3.7
02,14,1965,5.2
02,15,1965,0.0
02,16,1965,0.0
02,17,1965,0.0
02,18,1965,20.9
02,19,1965,2.1
02,20,1965,4.2
02,21,1965,4.5
02,22,1965,18.5
02,23,1965,0.0
02,24,1965,0.0
02,25,1965,0.0
02,26,1965,0.0
02,27,1965,0.0
02,28,1965,0.0
03,01,1965,0.0
03,02,1965,0.0
03,03,1965,0.0
03,04,1965,0.0
03,05,1965,0.0
03,06,1965,0.0
03,07,1965,0.0
03,08,1965,0.0
03,09,1965,0.0
03,10,1965,0.0
03,11,1965,0.0
03,12,1965,0.0
03,13,1965,0.0
03,14,1965,0.0
03,15,1965,0.0
03,16,1965,0.0
03,17,1965,0.0
03,18,1965,0.0
03,19,1965,0.0
03,20,1965,0.0
03,21,1965,0.0
03,22,1965,0.0
03,23,1965,0.0
03,24,1965,0.0
03,25,1965,0.0
03,26,1965,0.0
03,27,1965,0.0
03,28,1965,0.0
03,29,1965,0.0
03,30,1965,0.0
03,31,1965,null
04,01,1965,0.0
04,02,1965,0.0
04,03,1965,0.0
04,04,1965,0.0
04,05,1965,0.0
04,06,1965,0.0
04,07,1965,0.0
04,08,1965,0.0
04,09,1965,0.0
04,10,1965,0.0
04,11,1965,0.0
04,12,1965,0.0
04,13,1965,0.0
04,14,1965,0.0
04,15,1965,0.0
04,16,1965,0.0
04,17,1965,0.0
04,18,1965,0.0
04,19,1965,0.0
04,20,1965,0.0
04,21,1965,0.0
04,22,1965,0.0
04,23,1965,0.0
04,24,1965,0.0
04,25,1965,0.0
04,26,1965,0.0
04,27,1965,0.0
04,28,1965,0.0
04,29,1965,0.0
04,30,1965,0.0
05,01,1965,0.0
05,02,1965,0.0
05,03,1965,0.0
05,04,1965,0.0
05,05,1965,0.0
05,06,1965,0.0
05,07,1965,0.0
05,08,1965,0.0
05,09,1965,0.0
05,10,1965,0.0
05,11,1965,0.0
05,12,1965,0.0
05,13,1965,0.0
05,14,1965,0.0
05,15,1965,0.0
05,16,1965,0.0
05,17,1965,0.0
05,18,1965,0.0
05,19,1965,0.0
05,20,1965,0.0
05,21,1965,0.0
05,22,1965,0.0
05,23,1965,0.0
05,24,1965,0.7
05,25,1965,0.0
05,26,1965,0.0
05,27,1965,0.0
05,28,1965,5.5
05,29,1965,0.0
05,30,1965,0.0
05,31,1965,0.0
06,01,1965,0.0
06,02,1965,0.0
06,03,1965,0.0
06,04,1965,0.0
06,05,1965,0.0
06,06,1965,3.0
06,07,1965,0.0
06,08,1965,0.0
06,09,1965,0.0
06,10,1965,0.0
06,11,1965,0.0
06,12,1965,0.0
06,13,1965,0.0
06,14,1965,0.0
06,15,1965,0.0
06,16,1965,0.0
06,17,1965,18.3
06,18,1965,1.9
06,19,1965,17.0
06,20,1965,87.4
06,21,1965,0.0
06,22,1965,41.4
06,23,1965,44.5
06,24,1965,43.0
06,25,1965,0.0
06,26,1965,5.1
06,27,1965,38.2
06,28,1965,1.4
06,29,1965,18.2
06,30,1965,21.0
07,01,1965,0.0
07,02,1965,0.0
07,03,1965,0.0
07,04,1965,0.0
07,05,1965,13.5
07,06,1965,0.0
07,07,1965,1.9
07,08,1965,0.0
07,09,1965,0.0
07,10,1965,3.3
07,11,1965,1.0
07,12,1965,0.0
07,13,1965,0.0
07,14,1965,0.0
07,15,1965,7.2
07,16,1965,0.0
07,17,1965,0.0
07,18,1965,0.0
07,19,1965,17.0
07,20,1965,87.4
07,21,1965,0.0
07,22,1965,41.4
07,23,1965,44.5
07,24,1965,43.0
07,25,1965,0.0
07,26,1965,5.1
07,27,1965,38.2
07,28,1965,1.4
07,29,1965,18.2
07,30,1965,0.0
07,31,1965,0.0
08,01,1965,0.0
08,02,1965,0.0
08,03,1965,0.0
08,04,1965,0.0
08,05,1965,3.6
08,06,1965,7.9
08,07,1965,0.0
08,08,1965,27.9
08,09,1965,37.3
08,10,1965,2.0
08,11,1965,0.0
08,12,1965,0.0
08,13,1965,0.0
08,14,1965,24.7
08,15,1965,18.6
08,16,1965,1.7
08,17,1965,11.0
08,18,1965,0.0
08,19,1965,1.1
08,20,1965,0.0
08,21,1965,0.0
08,22,1965,0.0
08,23,1965,2.9
08,24,1965,0.0
08,25,1965,6.5
08,26,1965,8.0
08,27,1965,0.0
08,28,1965,35.7
08,29,1965,4.0
08,30,1965,0.0
08,31,1965,0.0
09,01,1965,0.0
09,02,1965,0.0
09,03,1965,0.0
09,04,1965,0.0
09,05,1965,17.5
09,06,1965,0.0
09,07,1965,8.3
09,08,1965,5.8
09,09,1965,0.0
09,10,1965,0.0
09,11,1965,8.0
09,12,1965,8.2
09,13,1965,21.1
09,14,1965,0.0
09,15,1965,0.0
09,16,1965,0.0
09,17,1965,4.3
09,18,1965,18.5
09,19,1965,22.5
09,20,1965,0.4
09,21,1965,0.0
09,22,1965,36.6
09,23,1965,5.5
09,24,1965,0.0
09,25,1965,0.0
09,26,1965,0.0
09,27,1965,23.2
09,28,1965,0.0
09,29,1965,1.0
09,30,1965,0.0
10,01,1965,8.9
10,02,1965,0.4
10,03,1965,0.0
10,04,1965,0.0
10,05,1965,6.1
10,06,1965,0.0
10,07,1965,0.0
10,08,1965,0.0
10,09,1965,0.0
10,10,1965,0.0
10,11,1965,0.0
10,12,1965,0.0
10,13,1965,0.0
10,14,1965,0.0
10,15,1965,0.0
10,16,1965,4.5
10,17,1965,4.0
10,18,1965,2.8
10,19,1965,35.0
10,20,1965,6.7
10,21,1965,0.4
10,22,1965,0.0
10,23,1965,0.0
10,24,1965,0.0
10,25,1965,0.0
10,26,1965,0.0
10,27,1965,0.0
10,28,1965,0.0
10,29,1965,0.0
10,30,1965,0.0
10,31,1965,0.0
11,01,1965,0.0
11,02,1965,0.0
11,03,1965,4.2
11,04,1965,0.0
11,05,1965,3.0
11,06,1965,0.0
11,07,1965,0.0
11,08,1965,0.0
11,09,1965,0.0
11,10,1965,0.0
11,11,1965,0.0
11,12,1965,0.0
11,13,1965,0.0
11,14,1965,3.5
11,15,1965,0.0
11,16,1965,0.0
11,17,1965,0.0
11,18,1965,0.0
11,19,1965,0.0
11,20,1965,0.0
11,21,1965,0.0
11,22,1965,0.0
11,23,1965,0.0
11,24,1965,0.0
11,25,1965,0.0
11,26,1965,0.0
11,27,1965,0.0
11,28,1965,0.0
11,29,1965,7.3
11,30,1965,0.0
12,01,1965,0.0
12,02,1965,0.0
12,03,1965,14.0
12,04,1965,5.7
12,05,1965,3.0
12,06,1965,0.0
12,07,1965,0.0
12,08,1965,46.5
12,09,1965,0.0
12,10,1965,0.0
12,11,1965,0.0
12,12,1965,0.0
12,13,1965,0.0
12,14,1965,0.0
12,15,1965,0.0
12,16,1965,0.0
12,17,1965,0.0
12,18,1965,0.0
12,19,1965,0.0
12,20,1965,0.0
12,21,1965,0.0
12,22,1965,0.0
12,23,1965,0.0
12,24,1965,0.0
12,25,1965,0.0
12,26,1965,0.0
12,27,1965,0.0
12,28,1965,0.0
12,29,1965,0.0
12,30,1965,0.0
12,31,1965,0.0
01,01,1966,0.0
01,02,1966,0.0
01,03,1966,0.0
01,04,1966,0.0
01,05,1966,0.0
01,06,1966,0.0
01,07,1966,0.0
01,08,1966,0.0
01,09,1966,0.0
01,10,1966,0.0
01,11,1966,0.0
01,12,1966,0.0
01,13,1966,0.0
01,14,1966,0.0
01,15,1966,0.0
01,16,1966,2.5
01,17,1966,2.0
01,18,1966,2.5
01,19,1966,0.0
01,20,1966,0.5
01,21,1966,0.0
01,22,1966,9.5
01,23,1966,0.0
01,24,1966,0.0
01,25,1966,0.0
01,26,1966,7.5
01,27,1966,0.0
01,28,1966,0.0
01,29,1966,0.0
01,30,1966,0.0
01,31,1966,0.0
02,01,1966,0.0
02,02,1966,0.0
02,03,1966,1.4
02,04,1966,0.0
02,05,1966,2.4
02,06,1966,0.0
02,07,1966,0.0
02,08,1966,0.0
02,09,1966,0.0
02,10,1966,0.0
02,11,1966,0.0
02,12,1966,0.0
02,13,1966,0.0
02,14,1966,0.0
02,15,1966,0.0
02,16,1966,0.0
02,17,1966,0.0
02,18,1966,2.0
02,19,1966,2.0
02,20,1966,2.1
02,21,1966,10.4
02,22,1966,1.2
02,23,1966,4.5
02,24,1966,0.0
02,25,1966,0.0
02,26,1966,0.0
02,27,1966,0.0
02,28,1966,7.0
03,01,1966,0.0
03,02,1966,0.0
03,03,1966,0.0
03,04,1966,2.8
03,05,1966,0.5
03,06,1966,1.4
03,07,1966,0.0
03,08,1966,1.5
03,09,1966,8.0
03,10,1966,19.0
03,11,1966,0.0
03,12,1966,0.0
03,13,1966,8.0
03,14,1966,0.0
03,15,1966,0.0
03,16,1966,0.0
03,17,1966,0.0
03,18,1966,0.0
03,19,1966,0.0
03,20,1966,0.0
03,21,1966,0.0
03,22,1966,0.0
03,23,1966,0.0
03,24,1966,1.4
03,25,1966,0.0
03,26,1966,0.0
03,27,1966,0.0
03,28,1966,0.0
03,29,1966,1.5
03,30,1966,6.0
03,31,1966,1.0
04,01,1966,0.0
04,02,1966,0.0
04,03,1966,3.5
04,04,1966,0.0
04,05,1966,0.0
04,06,1966,0.0
04,07,1966,0.0
04,08,1966,0.0
04,09,1966,6.5
04,10,1966,4.2
04,11,1966,0.0
04,12,1966,0.0
04,13,1966,0.0
04,14,1966,1.2
04,15,1966,0.0
04,16,1966,0.0
04,17,1966,0.0
04,18,1966,0.0
04,19,1966,0.0
04,20,1966,0.0
04,21,1966,2.0
04,22,1966,2.0
04,23,1966,0.0
04,24,1966,0.0
04,25,1966,0.0
04,26,1966,0.0
04,27,1966,0.0
04,28,1966,0.0
04,29,1966,0.0
04,30,1966,0.0
05,01,1966,9.0
05,02,1966,1.4
05,03,1966,0.0
05,04,1966,0.0
05,05,1966,0.0
05,06,1966,0.0
05,07,1966,2.4
05,08,1966,0.0
05,09,1966,0.0
05,10,1966,0.0
05,11,1966,7.0
05,12,1966,53.0
05,13,1966,12.4
05,14,1966,0.0
05,15,1966,0.0
05,16,1966,0.0
05,17,1966,0.0
05,18,1966,0.0
05,19,1966,11.4
05,20,1966,0.0
05,21,1966,0.0
05,22,1966,5.4
05,23,1966,0.7
05,24,1966,0.0
05,25,1966,2.3
05,26,1966,0.0
05,27,1966,0.0
05,28,1966,0.0
05,29,1966,0.0
05,30,1966,3.0
05,31,1966,6.1
06,01,1966,0.0
06,02,1966,0.0
06,03,1966,0.0
06,04,1966,0.0
06,05,1966,0.0
06,06,1966,0.0
06,07,1966,2.4
06,08,1966,8.0
06,09,1966,0.0
06,10,1966,0.0
06,11,1966,0.0
06,12,1966,2.3
06,13,1966,0.0
06,14,1966,0.0
06,15,1966,0.0
06,16,1966,20.0
06,17,1966,0.0
06,18,1966,0.0
06,19,1966,0.0
06,20,1966,5.0
06,21,1966,13.0
06,22,1966,3.3
06,23,1966,33.9
06,24,1966,3.4
06,25,1966,0.0
06,26,1966,0.0
06,27,1966,10.3
06,28,1966,0.6
06,29,1966,0.0
06,30,1966,0.0
07,01,1966,9.0
07,02,1966,1.4
07,03,1966,0.0
07,04,1966,0.0
07,05,1966,0.0
07,06,1966,0.0
07,07,1966,2.4
07,08,1966,0.0
07,09,1966,0.0
07,10,1966,0.0
07,11,1966,7.0
07,12,1966,53.0
07,13,1966,12.4
07,14,1966,0.0
07,15,1966,0.0
07,16,1966,0.0
07,17,1966,0.0
07,18,1966,0.0
07,19,1966,11.4
07,20,1966,0.0
07,21,1966,0.0
07,22,1966,5.4
07,23,1966,0.7
07,24,1966,0.0
07,25,1966,2.3
07,26,1966,0.0
07,27,1966,0.0
07,28,1966,0.0
07,29,1966,0.0
07,30,1966,3.0
07,31,1966,6.1
08,01,1966,0.0
08,02,1966,0.0
08,03,1966,0.0
08,04,1966,0.0
08,05,1966,0.0
08,06,1966,0.0
08,07,1966,0.0
08,08,1966,0.0
08,09,1966,0.0
08,10,1966,0.0
08,11,1966,0.0
08,12,1966,27.1
08,13,1966,18.6
08,14,1966,22.2
08,15,1966,0.0
08,16,1966,0.0
08,17,1966,0.0
08,18,1966,0.0
08,19,1966,4.0
08,20,1966,0.0
08,21,1966,0.0
08,22,1966,50.1
08,23,1966,12.2
08,24,1966,0.0
08,25,1966,0.0
08,26,1966,0.0
08,27,1966,0.0
08,28,1966,0.0
08,29,1966,0.0
08,30,1966,0.0
08,31,1966,0.0
09,01,1966,0.0
09,02,1966,2.8
09,03,1966,0.0
09,04,1966,0.0
09,05,1966,3.7
09,06,1966,3.7
09,07,1966,14.1
09,08,1966,0.0
09,09,1966,0.0
09,10,1966,0.0
09,11,1966,1.7
09,12,1966,0.0
09,13,1966,0.0
09,14,1966,0.0
09,15,1966,20.0
09,16,1966,0.0
09,17,1966,0.0
09,18,1966,82.8
09,19,1966,23.5
09,20,1966,79.0
09,21,1966,0.0
09,22,1966,0.0
09,23,1966,0.0
09,24,1966,0.0
09,25,1966,0.0
09,26,1966,0.0
09,27,1966,0.0
09,28,1966,0.0
09,29,1966,0.0
09,30,1966,0.0
10,01,1966,21.2
10,02,1966,0.0
10,03,1966,0.0
10,04,1966,3.0
10,05,1966,13.0
10,06,1966,0.0
10,07,1966,0.0
10,08,1966,0.0
10,09,1966,0.0
10,10,1966,6.7
10,11,1966,0.0
10,12,1966,8.2
10,13,1966,0.0
10,14,1966,0.0
10,15,1966,1.0
10,16,1966,0.0
10,17,1966,0.0
10,18,1966,30.9
10,19,1966,4.0
10,20,1966,0.0
10,21,1966,0.0
10,22,1966,0.0
10,23,1966,0.0
10,24,1966,0.0
10,25,1966,0.0
10,26,1966,0.0
10,27,1966,0.0
10,28,1966,0.0
10,29,1966,0.0
10,30,1966,0.0
10,31,1966,0.0
11,01,1966,0.0
11,02,1966,0.0
11,03,1966,0.0
11,04,1966,0.0
11,05,1966,0.0
11,06,1966,0.0
11,07,1966,0.0
11,08,1966,0.0
11,09,1966,0.0
11,10,1966,0.0
11,11,1966,0.0
11,12,1966,0.0
11,13,1966,0.0
11,14,1966,0.0
11,15,1966,0.0
11,16,1966,0.0
11,17,1966,1.2
11,18,1966,1.1
11,19,1966,0.0
11,20,1966,0.0
11,21,1966,0.0
11,22,1966,0.0
11,23,1966,0.0
11,24,1966,0.0
11,25,1966,0.0
11,26,1966,0.0
11,27,1966,0.0
11,28,1966,0.0
11,29,1966,0.0
11,30,1966,0.0
12,01,1966,0.0
12,02,1966,0.0
12,03,1966,3.5
12,04,1966,0.0
12,05,1966,0.0
12,06,1966,0.0
12,07,1966,0.0
12,08,1966,0.0
12,09,1966,0.0
12,10,1966,0.0
12,11,1966,0.0
12,12,1966,0.0
12,13,1966,0.0
12,14,1966,0.0
12,15,1966,0.0
12,16,1966,0.0
12,17,1966,0.0
12,18,1966,0.0
12,19,1966,0.0
12,20,1966,0.0
12,21,1966,0.0
12,22,1966,0.0
12,23,1966,0.1
12,24,1966,0.2
12,25,1966,0.0
12,26,1966,0.0
12,27,1966,0.0
12,28,1966,0.5
12,29,1966,0.0
12,30,1966,0.0
12,31,1966,0.0
01,01,1967,0.0
01,02,1967,0.0
01,03,1967,0.0
01,04,1967,0.0
01,05,1967,0.1
01,06,1967,0.0
01,07,1967,0.0
01,08,1967,2.1
01,09,1967,1.7
01,10,1967,0.6
01,11,1967,0.2
01,12,1967,0.0
01,13,1967,0.0
01,14,1967,0.0
01,15,1967,1.0
01,16,1967,0.0
01,17,1967,0.0
01,18,1967,0.0
01,19,1967,0.0
01,20,1967,0.2
01,21,1967,0.0
01,22,1967,0.0
01,23,1967,0.0
01,24,1967,0.0
01,25,1967,0.0
01,26,1967,0.0
01,27,1967,0.0
01,28,1967,0.0
01,29,1967,0.0
01,30,1967,0.0
01,31,1967,0.0
02,01,1967,0.0
02,02,1967,0.0
02,03,1967,0.0
02,04,1967,0.0
02,05,1967,0.0
02,06,1967,0.0
02,07,1967,0.0
02,08,1967,0.0
02,09,1967,0.0
02,10,1967,0.0
02,11,1967,0.0
02,12,1967,0.0
02,13,1967,0.0
02,14,1967,0.0
02,15,1967,0.0
02,16,1967,0.0
02,17,1967,0.0
02,18,1967,0.0
02,19,1967,0.0
02,20,1967,3.2
02,21,1967,3.0
02,22,1967,0.0
02,23,1967,0.0
02,24,1967,0.0
02,25,1967,20.7
02,26,1967,0.5
02,27,1967,0.0
02,28,1967,0.0
03,01,1967,0.0
03,02,1967,0.0
03,03,1967,0.0
03,04,1967,0.8
03,05,1967,0.0
03,06,1967,0.0
03,07,1967,0.0
03,08,1967,0.0
03,09,1967,0.0
03,10,1967,0.0
03,11,1967,0.0
03,12,1967,0.0
03,13,1967,0.0
03,14,1967,0.0
03,15,1967,0.0
03,16,1967,0.0
03,17,1967,0.0
03,18,1967,0.0
03,19,1967,0.0
03,20,1967,1.4
03,21,1967,0.0
03,22,1967,1.2
03,23,1967,5.3
03,24,1967,2.4
03,25,1967,0.0
03,26,1967,0.0
03,27,1967,0.0
03,28,1967,0.0
03,29,1967,0.0
03,30,1967,0.0
03,31,1967,0.0
04,01,1967,0.0
04,02,1967,0.0
04,03,1967,0.0
04,04,1967,0.0
04,05,1967,0.0
04,06,1967,0.0
04,07,1967,0.0
04,08,1967,0.0
04,09,1967,0.0
04,10,1967,0.4
04,11,1967,0.0
04,12,1967,0.0
04,13,1967,0.0
04,14,1967,0.0
04,15,1967,0.0
04,16,1967,0.0
04,17,1967,0.2
04,18,1967,0.5
04,19,1967,0.0
04,20,1967,0.0
04,21,1967,0.0
04,22,1967,0.0
04,23,1967,0.0
04,24,1967,0.0
04,25,1967,0.0
04,26,1967,0.0
04,27,1967,0.0
04,28,1967,0.0
04,29,1967,0.0
04,30,1967,0.0
05,01,1967,0.0
05,02,1967,0.0
05,03,1967,0.0
05,04,1967,0.0
05,05,1967,0.0
05,06,1967,0.0
05,07,1967,0.0
05,08,1967,0.0
05,09,1967,0.0
05,10,1967,0.0
05,11,1967,0.0
05,12,1967,0.0
05,13,1967,0.0
05,14,1967,0.0
05,15,1967,4.3
05,16,1967,0.0
05,17,1967,0.0
05,18,1967,0.0
05,19,1967,0.0
05,20,1967,0.0
05,21,1967,2.2
05,22,1967,0.4
05,23,1967,0.0
05,24,1967,0.0
05,25,1967,0.0
05,26,1967,0.0
05,27,1967,0.0
05,28,1967,0.0
05,29,1967,0.0
05,30,1967,0.0
05,31,1967,0.0
06,01,1967,0.0
06,02,1967,5.4
06,03,1967,0.0
06,04,1967,0.0
06,05,1967,0.0
06,06,1967,0.0
06,07,1967,0.0
06,08,1967,0.0
06,09,1967,0.0
06,10,1967,0.0
06,11,1967,0.0
06,12,1967,0.0
06,13,1967,15.9
06,14,1967,2.7
06,15,1967,1.9
06,16,1967,0.0
06,17,1967,42.2
06,18,1967,4.4
06,19,1967,0.0
06,20,1967,0.0
06,21,1967,0.0
06,22,1967,81.2
06,23,1967,5.9
06,24,1967,0.0
06,25,1967,0.0
06,26,1967,24.2
06,27,1967,0.0
06,28,1967,0.4
06,29,1967,0.0
06,30,1967,1.5
07,01,1967,0.0
07,02,1967,0.0
07,03,1967,4.4
07,04,1967,2.0
07,05,1967,0.0
07,06,1967,0.0
07,07,1967,0.0
07,08,1967,24.0
07,09,1967,0.0
07,10,1967,0.0
07,11,1967,0.0
07,12,1967,10.2
07,13,1967,0.0
07,14,1967,0.0
07,15,1967,3.4
07,16,1967,6.0
07,17,1967,22.1
07,18,1967,0.0
07,19,1967,0.0
07,20,1967,14.0
07,21,1967,8.4
07,22,1967,23.4
07,23,1967,18.5
07,24,1967,6.0
07,25,1967,2.0
07,26,1967,0.0
07,27,1967,0.0
07,28,1967,0.0
07,29,1967,0.0
07,30,1967,0.0
07,31,1967,0.0
08,01,1967,0.3
08,02,1967,0.0
08,03,1967,0.0
08,04,1967,0.0
08,05,1967,0.0
08,06,1967,0.0
08,07,1967,0.0
08,08,1967,32.9
08,09,1967,0.0
08,10,1967,2.0
08,11,1967,0.0
08,12,1967,0.0
08,13,1967,0.0
08,14,1967,0.0
08,15,1967,0.0
08,16,1967,1.4
08,17,1967,0.0
08,18,1967,2.4
08,19,1967,13.4
08,20,1967,46.4
08,21,1967,12.0
08,22,1967,0.0
08,23,1967,0.0
08,24,1967,0.2
08,25,1967,0.0
08,26,1967,0.0
08,27,1967,22.5
08,28,1967,2.3
08,29,1967,2.0
08,30,1967,0.0
08,31,1967,41.8
09,01,1967,0.0
09,02,1967,0.0
09,03,1967,0.0
09,04,1967,13.1
09,05,1967,0.0
09,06,1967,0.0
09,07,1967,0.0
09,08,1967,0.0
09,09,1967,0.0
09,10,1967,0.0
09,11,1967,24.1
09,12,1967,0.0
09,13,1967,0.0
09,14,1967,0.0
09,15,1967,0.0
09,16,1967,2.6
09,17,1967,0.0
09,18,1967,0.0
09,19,1967,0.0
09,20,1967,0.0
09,21,1967,0.0
09,22,1967,10.9
09,23,1967,38.2
09,24,1967,23.2
09,25,1967,1.0
09,26,1967,15.4
09,27,1967,34.3
09,28,1967,0.0
09,29,1967,0.0
09,30,1967,0.0
10,01,1967,0.0
10,02,1967,0.0
10,03,1967,1.5
10,04,1967,1.9
10,05,1967,0.0
10,06,1967,2.2
10,07,1967,4.3
10,08,1967,0.0
10,09,1967,0.0
10,10,1967,0.0
10,11,1967,0.0
10,12,1967,0.0
10,13,1967,0.9
10,14,1967,0.0
10,15,1967,0.0
10,16,1967,0.5
10,17,1967,0.0
10,18,1967,0.0
10,19,1967,0.0
10,20,1967,0.0
10,21,1967,0.0
10,22,1967,0.0
10,23,1967,0.0
10,24,1967,0.0
10,25,1967,0.0
10,26,1967,0.0
10,27,1967,0.0
10,28,1967,0.0
10,29,1967,0.0
10,30,1967,6.5
10,31,1967,0.5
11,01,1967,0.0
11,02,1967,0.0
11,03,1967,0.0
11,04,1967,0.0
11,05,1967,0.0
11,06,1967,1.5
11,07,1967,5.5
11,08,1967,0.1
11,09,1967,0.0
11,10,1967,0.0
11,11,1967,5.1
11,12,1967,0.0
11,13,1967,0.0
11,14,1967,0.0
11,15,1967,0.0
11,16,1967,0.0
11,17,1967,0.0
11,18,1967,0.0
11,19,1967,0.0
11,20,1967,0.0
11,21,1967,0.0
11,22,1967,0.0
11,23,1967,0.0
11,24,1967,0.0
11,25,1967,0.0
11,26,1967,0.0
11,27,1967,10.3
11,28,1967,0.0
11,29,1967,0.0
11,30,1967,0.0
12,01,1967,0.0
12,02,1967,21.5
12,03,1967,0.5
12,04,1967,0.0
12,05,1967,0.0
12,06,1967,0.0
12,07,1967,0.0
12,08,1967,0.0
12,09,1967,0.4
12,10,1967,0.0
12,11,1967,0.0
12,12,1967,0.0
12,13,1967,0.0
12,14,1967,0.0
12,15,1967,0.0
12,16,1967,0.0
12,17,1967,0.0
12,18,1967,0.0
12,19,1967,0.0
12,20,1967,0.0
12,21,1967,0.0
12,22,1967,0.0
12,23,1967,0.0
12,24,1967,0.0
12,25,1967,0.0
12,26,1967,0.0
12,27,1967,0.0
12,28,1967,0.0
12,29,1967,0.0
12,30,1967,0.0
12,31,1967,0.0
01,01,1968,0.0
01,02,1968,0.0
01,03,1968,0.0
01,04,1968,0.0
01,05,1968,6.0
01,06,1968,0.0
01,07,1968,0.0
01,08,1968,0.0
01,09,1968,0.0
01,10,1968,0.0
01,11,1968,0.0
01,12,1968,0.0
01,13,1968,0.0
01,14,1968,1.4
01,15,1968,0.0
01,16,1968,0.0
01,17,1968,0.0
01,18,1968,0.9
01,19,1968,3.0
01,20,1968,1.2
01,21,1968,0.0
01,22,1968,0.0
01,23,1968,0.0
01,24,1968,0.0
01,25,1968,0.0
01,26,1968,0.0
01,27,1968,0.0
01,28,1968,0.0
01,29,1968,0.0
01,30,1968,0.0
01,31,1968,0.0
02,01,1968,0.6
02,02,1968,0.0
02,03,1968,0.0
02,04,1968,0.7
02,05,1968,2.2
02,06,1968,0.7
02,07,1968,0.0
02,08,1968,0.0
02,09,1968,0.0
02,10,1968,0.0
02,11,1968,0.0
02,12,1968,0.0
02,13,1968,0.4
02,14,1968,0.0
02,15,1968,1.4
02,16,1968,0.4
02,17,1968,3.4
02,18,1968,1.9
02,19,1968,7.0
02,20,1968,0.0
02,21,1968,0.0
02,22,1968,0.0
02,23,1968,0.0
02,24,1968,0.3
02,25,1968,0.0
02,26,1968,2.4
02,27,1968,0.0
02,28,1968,0.0
02,29,1968,10.4
03,01,1968,0.0
03,02,1968,0.0
03,03,1968,0.4
03,04,1968,3.2
03,05,1968,0.0
03,06,1968,0.0
03,07,1968,0.0
03,08,1968,0.0
03,09,1968,0.0
03,10,1968,0.0
03,11,1968,0.0
03,12,1968,0.6
03,13,1968,0.0
03,14,1968,0.0
03,15,1968,0.0
03,16,1968,0.0
03,17,1968,0.0
03,18,1968,0.0
03,19,1968,0.0
03,20,1968,0.0
03,21,1968,2.6
03,22,1968,3.5
03,23,1968,0.0
03,24,1968,0.0
03,25,1968,0.0
03,26,1968,0.0
03,27,1968,0.0
03,28,1968,0.0
03,29,1968,0.0
03,30,1968,0.0
03,31,1968,0.0
04,01,1968,0.0
04,02,1968,0.0
04,03,1968,0.0
04,04,1968,0.0
04,05,1968,0.0
04,06,1968,0.0
04,07,1968,0.0
04,08,1968,0.9
04,09,1968,0.0
04,10,1968,0.0
04,11,1968,1.4
04,12,1968,0.0
04,13,1968,0.0
04,14,1968,0.0
04,15,1968,0.0
04,16,1968,0.0
04,17,1968,0.0
04,18,1968,0.0
04,19,1968,0.0
04,20,1968,0.0
04,21,1968,0.0
04,22,1968,0.0
04,23,1968,0.0
04,24,1968,7.0
04,25,1968,0.0
04,26,1968,0.0
04,27,1968,0.0
04,28,1968,0.0
04,29,1968,0.0
04,30,1968,0.0
05,01,1968,0.0
05,02,1968,0.0
05,03,1968,0.0
05,04,1968,30.7
05,05,1968,0.0
05,06,1968,0.0
05,07,1968,33.7
05,08,1968,10.1
05,09,1968,0.0
05,10,1968,0.0
05,11,1968,0.0
05,12,1968,0.0
05,13,1968,0.0
05,14,1968,0.0
05,15,1968,0.0
05,16,1968,0.0
05,17,1968,0.0
05,18,1968,2.3
05,19,1968,0.0
05,20,1968,0.0
05,21,1968,0.0
05,22,1968,0.0
05,23,1968,0.0
05,24,1968,0.0
05,25,1968,0.0
05,26,1968,0.0
05,27,1968,0.0
05,28,1968,0.0
05,29,1968,0.0
05,30,1968,0.0
05,31,1968,0.0
06,01,1968,0.0
06,02,1968,0.0
06,03,1968,0.0
06,04,1968,30.7
06,05,1968,0.0
06,06,1968,0.0
06,07,1968,33.7
06,08,1968,10.1
06,09,1968,0.0
06,10,1968,0.0
06,11,1968,0.0
06,12,1968,0.0
06,13,1968,0.0
06,14,1968,0.0
06,15,1968,0.0
06,16,1968,0.0
06,17,1968,0.0
06,18,1968,2.3
06,19,1968,0.0
06,20,1968,0.0
06,21,1968,0.0
06,22,1968,0.0
06,23,1968,0.0
06,24,1968,0.0
06,25,1968,0.0
06,26,1968,0.0
06,27,1968,0.0
06,28,1968,0.0
06,29,1968,4.0
06,30,1968,4.4
07,01,1968,0.7
07,02,1968,0.0
07,03,1968,0.0
07,04,1968,17.6
07,05,1968,20.6
07,06,1968,10.2
07,07,1968,26.9
07,08,1968,0.0
07,09,1968,0.0
07,10,1968,0.0
07,11,1968,0.0
07,12,1968,11.0
07,13,1968,19.9
07,14,1968,0.0
07,15,1968,0.3
07,16,1968,16.5
07,17,1968,0.0
07,18,1968,0.0
07,19,1968,0.0
07,20,1968,0.0
07,21,1968,0.0
07,22,1968,0.0
07,23,1968,0.0
07,24,1968,23.3
07,25,1968,23.0
07,26,1968,17.4
07,27,1968,29.3
07,28,1968,0.0
07,29,1968,0.0
07,30,1968,0.0
07,31,1968,0.0
08,01,1968,0.0
08,02,1968,1.9
08,03,1968,0.0
08,04,1968,0.0
08,05,1968,3.0
08,06,1968,5.1
08,07,1968,0.0
08,08,1968,0.0
08,09,1968,0.0
08,10,1968,0.0
08,11,1968,0.0
08,12,1968,0.0
08,13,1968,0.0
08,14,1968,14.4
08,15,1968,17.4
08,16,1968,0.0
08,17,1968,0.0
08,18,1968,0.0
08,19,1968,0.0
08,20,1968,20.6
08,21,1968,34.9
08,22,1968,3.9
08,23,1968,0.0
08,24,1968,0.0
08,25,1968,0.0
08,26,1968,1.6
08,27,1968,0.0
08,28,1968,0.0
08,29,1968,0.0
08,30,1968,0.0
08,31,1968,null
09,01,1968,0.0
09,02,1968,0.0
09,03,1968,5.4
09,04,1968,4.3
09,05,1968,6.7
09,06,1968,0.0
09,07,1968,22.9
09,08,1968,3.2
09,09,1968,5.7
09,10,1968,0.0
09,11,1968,1.3
09,12,1968,0.0
09,13,1968,0.0
09,14,1968,0.0
09,15,1968,0.0
09,16,1968,0.0
09,17,1968,0.0
09,18,1968,0.0
09,19,1968,0.0
09,20,1968,0.2
09,21,1968,1.9
09,22,1968,2.9
09,23,1968,0.0
09,24,1968,0.2
09,25,1968,0.0
09,26,1968,8.1
09,27,1968,0.0
09,28,1968,0.0
09,29,1968,0.0
09,30,1968,0.0
10,01,1968,2.5
10,02,1968,0.0
10,03,1968,0.0
10,04,1968,10.3
10,05,1968,0.0
10,06,1968,33.1
10,07,1968,24.5
10,08,1968,0.0
10,09,1968,0.7
10,10,1968,0.4
10,11,1968,20.1
10,12,1968,28.5
10,13,1968,0.0
10,14,1968,0.0
10,15,1968,0.5
10,16,1968,0.0
10,17,1968,0.0
10,18,1968,0.0
10,19,1968,0.0
10,20,1968,1.5
10,21,1968,0.0
10,22,1968,0.0
10,23,1968,0.0
10,24,1968,0.0
10,25,1968,0.0
10,26,1968,0.0
10,27,1968,0.0
10,28,1968,0.0
10,29,1968,0.0
10,30,1968,0.0
10,31,1968,0.0
11,01,1968,1.0
11,02,1968,0.0
11,03,1968,3.1
11,04,1968,0.0
11,05,1968,0.0
11,06,1968,0.0
11,07,1968,14.3
11,08,1968,0.0
11,09,1968,1.0
11,10,1968,0.0
11,11,1968,0.0
11,12,1968,0.0
11,13,1968,0.0
11,14,1968,0.0
11,15,1968,0.0
11,16,1968,0.0
11,17,1968,0.0
11,18,1968,32.5
11,19,1968,0.0
11,20,1968,7.0
11,21,1968,1.0
11,22,1968,0.0
11,23,1968,0.0
11,24,1968,0.0
11,25,1968,0.0
11,26,1968,0.0
11,27,1968,0.0
11,28,1968,2.4
11,29,1968,1.5
11,30,1968,0.0
12,01,1968,0.0
12,02,1968,0.0
12,03,1968,0.0
12,04,1968,0.0
12,05,1968,0.0
12,06,1968,0.0
12,07,1968,6.7
12,08,1968,0.0
12,09,1968,0.0
12,10,1968,11.9
12,11,1968,3.9
12,12,1968,0.0
12,13,1968,0.0
12,14,1968,4.2
12,15,1968,0.0
12,16,1968,0.0
12,17,1968,0.0
12,18,1968,0.0
12,19,1968,0.0
12,20,1968,0.0
12,21,1968,0.0
12,22,1968,11.9
12,23,1968,0.0
12,24,1968,1.2
12,25,1968,0.0
12,26,1968,0.0
12,27,1968,0.0
12,28,1968,0.0
12,29,1968,0.0
12,30,1968,0.0
12,31,1968,12.0
01,01,1969,0.0
01,02,1969,0.0
01,03,1969,0.0
01,04,1969,12.3
01,05,1969,1.0
01,06,1969,0.0
01,07,1969,0.0
01,08,1969,0.0
01,09,1969,1.6
01,10,1969,0.0
01,11,1969,0.0
01,12,1969,0.0
01,13,1969,5.6
01,14,1969,1.7
01,15,1969,0.0
01,16,1969,0.0
01,17,1969,0.0
01,18,1969,5.0
01,19,1969,0.0
01,20,1969,0.0
01,21,1969,0.0
01,22,1969,0.0
01,23,1969,0.0
01,24,1969,0.0
01,25,1969,0.0
01,26,1969,0.0
01,27,1969,0.0
01,28,1969,0.0
01,29,1969,3.0
01,30,1969,1.9
01,31,1969,2.4
02,01,1969,0.0
02,02,1969,0.3
02,03,1969,0.0
02,04,1969,0.0
02,05,1969,0.0
02,06,1969,0.0
02,07,1969,0.0
02,08,1969,0.0
02,09,1969,0.0
02,10,1969,0.0
02,11,1969,0.0
02,12,1969,0.0
02,13,1969,0.0
02,14,1969,0.0
02,15,1969,0.0
02,16,1969,0.0
02,17,1969,1.0
02,18,1969,0.0
02,19,1969,0.0
02,20,1969,0.0
02,21,1969,0.0
02,22,1969,0.0
02,23,1969,0.0
02,24,1969,0.0
02,25,1969,0.0
02,26,1969,1.9
02,27,1969,6.5
02,28,1969,0.4
03,01,1969,9.0
03,02,1969,0.0
03,03,1969,0.6
03,04,1969,0.0
03,05,1969,0.0
03,06,1969,0.0
03,07,1969,0.0
03,08,1969,0.0
03,09,1969,0.6
03,10,1969,1.1
03,11,1969,0.0
03,12,1969,0.7
03,13,1969,0.5
03,14,1969,0.0
03,15,1969,0.0
03,16,1969,3.9
03,17,1969,1.1
03,18,1969,0.0
03,19,1969,0.0
03,20,1969,0.0
03,21,1969,0.0
03,22,1969,0.0
03,23,1969,0.0
03,24,1969,0.4
03,25,1969,0.0
03,26,1969,0.0
03,27,1969,2.9
03,28,1969,0.0
03,29,1969,4.5
03,30,1969,4.5
03,31,1969,null
04,01,1969,0.0
04,02,1969,0.0
04,03,1969,0.0
04,04,1969,0.0
04,05,1969,21.0
04,06,1969,5.7
04,07,1969,0.2
04,08,1969,0.7
04,09,1969,0.0
04,10,1969,0.0
04,11,1969,0.0
04,12,1969,0.0
04,13,1969,0.0
04,14,1969,0.0
04,15,1969,0.0
04,16,1969,0.0
04,17,1969,1.0
04,18,1969,0.0
04,19,1969,0.0
04,20,1969,0.0
04,21,1969,3.2
04,22,1969,5.3
04,23,1969,0.0
04,24,1969,0.0
04,25,1969,0.0
04,26,1969,0.0
04,27,1969,0.0
04,28,1969,4.0
04,29,1969,0.0
04,30,1969,0.0
05,01,1969,0.0
05,02,1969,0.0
05,03,1969,0.0
05,04,1969,0.3
05,05,1969,0.0
05,06,1969,0.0
05,07,1969,0.0
05,08,1969,0.0
05,09,1969,3.2
05,10,1969,6.2
05,11,1969,0.0
05,12,1969,0.0
05,13,1969,0.0
05,14,1969,0.0
05,15,1969,0.0
05,16,1969,0.0
05,17,1969,0.0
05,18,1969,2.9
05,19,1969,0.0
05,20,1969,0.0
05,21,1969,0.0
05,22,1969,0.0
05,23,1969,0.0
05,24,1969,0.0
05,25,1969,0.0
05,26,1969,0.0
05,27,1969,0.0
05,28,1969,0.0
05,29,1969,null
05,30,1969,null
05,31,1969,null
06,01,1969,0.0
06,02,1969,0.0
06,03,1969,0.0
06,04,1969,0.0
06,05,1969,0.0
06,06,1969,0.0
06,07,1969,0.0
06,08,1969,9.7
06,09,1969,1.5
06,10,1969,0.0
06,11,1969,0.0
06,12,1969,0.0
06,13,1969,0.0
06,14,1969,0.0
06,15,1969,0.0
06,16,1969,0.0
06,17,1969,0.0
06,18,1969,0.0
06,19,1969,9.0
06,20,1969,2.3
06,21,1969,1.4
06,22,1969,0.0
06,23,1969,0.0
06,24,1969,0.0
06,25,1969,0.0
06,26,1969,0.0
06,27,1969,18.5
06,28,1969,18.6
06,29,1969,6.5
06,30,1969,0.4
07,01,1969,2.5
07,02,1969,92.0
07,03,1969,29.2
07,04,1969,3.2
07,05,1969,0.0
07,06,1969,0.0
07,07,1969,0.0
07,08,1969,0.0
07,09,1969,10.0
07,10,1969,0.0
07,11,1969,0.0
07,12,1969,0.0
07,13,1969,0.0
07,14,1969,0.0
07,15,1969,0.0
07,16,1969,0.0
07,17,1969,0.0
07,18,1969,0.0
07,19,1969,0.0
07,20,1969,0.0
07,21,1969,0.0
07,22,1969,0.0
07,23,1969,0.0
07,24,1969,0.0
07,25,1969,0.0
07,26,1969,0.0
07,27,1969,0.0
07,28,1969,0.0
07,29,1969,0.0
07,30,1969,0.0
07,31,1969,0.5
08,01,1969,2.3
08,02,1969,1.4
08,03,1969,10.6
08,04,1969,2.7
08,05,1969,0.0
08,06,1969,0.0
08,07,1969,0.0
08,08,1969,6.9
08,09,1969,70.1
08,10,1969,0.0
08,11,1969,20.6
08,12,1969,0.0
08,13,1969,3.0
08,14,1969,0.0
08,15,1969,0.0
08,16,1969,0.0
08,17,1969,0.0
08,18,1969,0.0
08,19,1969,15.6
08,20,1969,24.1
08,21,1969,19.1
08,22,1969,47.7
08,23,1969,4.1
08,24,1969,0.0
08,25,1969,7.4
08,26,1969,0.0
08,27,1969,8.8
08,28,1969,4.5
08,29,1969,0.0
08,30,1969,4.1
08,31,1969,15.2
09,01,1969,44.7
09,02,1969,1.7
09,03,1969,0.0
09,04,1969,17.1
09,05,1969,10.2
09,06,1969,5.5
09,07,1969,52.3
09,08,1969,5.4
09,09,1969,18.0
09,10,1969,5.2
09,11,1969,10.4
09,12,1969,2.1
09,13,1969,0.0
09,14,1969,0.0
09,15,1969,0.0
09,16,1969,0.0
09,17,1969,0.0
09,18,1969,0.0
09,19,1969,0.0
09,20,1969,0.0
09,21,1969,0.0
09,22,1969,0.0
09,23,1969,0.0
09,24,1969,0.0
09,25,1969,0.0
09,26,1969,7.0
09,27,1969,3.8
09,28,1969,1.0
09,29,1969,0.0
09,30,1969,0.0
10,01,1969,0.0
10,02,1969,0.0
10,03,1969,0.0
10,04,1969,0.0
10,05,1969,2.3
10,06,1969,0.7
10,07,1969,2.0
10,08,1969,0.0
10,09,1969,0.0
10,10,1969,0.0
10,11,1969,0.0
10,12,1969,0.0
10,13,1969,1.0
10,14,1969,1.9
10,15,1969,0.0
10,16,1969,6.9
10,17,1969,0.0
10,18,1969,0.0
10,19,1969,0.0
10,20,1969,0.0
10,21,1969,0.0
10,22,1969,0.0
10,23,1969,0.0
10,24,1969,0.0
10,25,1969,0.0
10,26,1969,0.0
10,27,1969,6.7
10,28,1969,5.0
10,29,1969,0.0
10,30,1969,0.8
10,31,1969,0.0
11,01,1969,0.0
11,02,1969,0.0
11,03,1969,0.0
11,04,1969,0.0
11,05,1969,0.0
11,06,1969,0.0
11,07,1969,0.0
11,08,1969,0.0
11,09,1969,0.0
11,10,1969,0.0
11,11,1969,0.0
11,12,1969,0.0
11,13,1969,0.0
11,14,1969,2.9
11,15,1969,0.0
11,16,1969,0.0
11,17,1969,0.0
11,18,1969,4.6
11,19,1969,0.0
11,20,1969,0.0
11,21,1969,0.0
11,22,1969,0.0
11,23,1969,0.0
11,24,1969,1.6
11,25,1969,0.0
11,26,1969,0.0
11,27,1969,0.0
11,28,1969,2.0
11,29,1969,0.0
11,30,1969,0.0
12,01,1969,0.0
12,02,1969,0.0
12,03,1969,1.6
12,04,1969,0.0
12,05,1969,0.0
12,06,1969,0.5
12,07,1969,0.0
12,08,1969,0.0
12,09,1969,0.0
12,10,1969,0.0
12,11,1969,2.0
12,12,1969,3.6
12,13,1969,0.0
12,14,1969,0.0
12,15,1969,0.0
12,16,1969,0.0
12,17,1969,0.0
12,18,1969,0.0
12,19,1969,0.0
12,20,1969,0.0
12,21,1969,0.0
12,22,1969,0.0
12,23,1969,0.0
12,24,1969,0.0
12,25,1969,0.0
12,26,1969,0.0
12,27,1969,0.0
12,28,1969,0.0
12,29,1969,0.0
12,30,1969,1.5
12,31,1969,0.0
01,01,1970,0.0
01,02,1970,0.5
01,03,1970,0.5
01,04,1970,0.0
01,05,1970,0.0
01,06,1970,4.9
01,07,1970,0.0
01,08,1970,0.0
01,09,1970,0.0
01,10,1970,0.0
01,11,1970,0.0
01,12,1970,0.0
01,13,1970,0.0
01,14,1970,0.0
01,15,1970,0.0
01,16,1970,0.0
01,17,1970,0.0
01,18,1970,0.0
01,19,1970,0.3
01,20,1970,0.0
01,21,1970,0.0
01,22,1970,0.0
01,23,1970,1.2
01,24,1970,0.0
01,25,1970,0.0
01,26,1970,0.0
01,27,1970,0.0
01,28,1970,0.0
01,29,1970,0.0
01,30,1970,0.0
01,31,1970,0.0
02,01,1970,0.0
02,02,1970,0.7
02,03,1970,0.0
02,04,1970,0.0
02,05,1970,0.0
02,06,1970,0.0
02,07,1970,0.0
02,08,1970,0.0
02,09,1970,33.2
02,10,1970,1.9
02,11,1970,2.9
02,12,1970,3.5
02,13,1970,0.0
02,14,1970,0.0
02,15,1970,0.0
02,16,1970,0.0
02,17,1970,0.0
02,18,1970,0.0
02,19,1970,0.0
02,20,1970,8.0
02,21,1970,4.0
02,22,1970,0.0
02,23,1970,0.0
02,24,1970,0.0
02,25,1970,0.0
02,26,1970,0.0
02,27,1970,0.0
02,28,1970,0.0
03,01,1970,0.0
03,02,1970,0.0
03,03,1970,0.0
03,04,1970,0.0
03,05,1970,0.0
03,06,1970,0.0
03,07,1970,0.0
03,08,1970,0.9
03,09,1970,0.0
03,10,1970,0.0
03,11,1970,0.0
03,12,1970,0.0
03,13,1970,1.0
03,14,1970,0.0
03,15,1970,0.1
03,16,1970,0.0
03,17,1970,0.0
03,18,1970,0.0
03,19,1970,0.0
03,20,1970,0.0
03,21,1970,0.0
03,22,1970,0.0
03,23,1970,0.0
03,24,1970,0.0
03,25,1970,0.0
03,26,1970,0.2
03,27,1970,0.0
03,28,1970,0.0
03,29,1970,0.0
03,30,1970,0.0
03,31,1970,0.0
04,01,1970,0.0
04,02,1970,0.0
04,03,1970,0.0
04,04,1970,0.0
04,05,1970,0.0
04,06,1970,0.0
04,07,1970,0.0
04,08,1970,0.0
04,09,1970,0.0
04,10,1970,0.0
04,11,1970,0.0
04,12,1970,0.0
04,13,1970,0.0
04,14,1970,0.0
04,15,1970,0.0
04,16,1970,0.0
04,17,1970,0.0
04,18,1970,0.0
04,19,1970,0.0
04,20,1970,0.0
04,21,1970,0.0
04,22,1970,0.0
04,23,1970,0.0
04,24,1970,0.0
04,25,1970,0.0
04,26,1970,0.0
04,27,1970,0.0
04,28,1970,0.0
04,29,1970,0.0
04,30,1970,0.0
05,01,1970,0.0
05,02,1970,0.0
05,03,1970,0.0
05,04,1970,0.0
05,05,1970,0.0
05,06,1970,0.0
05,07,1970,0.0
05,08,1970,0.0
05,09,1970,0.0
05,10,1970,0.0
05,11,1970,0.0
05,12,1970,0.0
05,13,1970,0.0
05,14,1970,3.2
05,15,1970,4.7
05,16,1970,0.0
05,17,1970,0.0
05,18,1970,0.0
05,19,1970,0.0
05,20,1970,0.0
05,21,1970,0.0
05,22,1970,0.0
05,23,1970,0.0
05,24,1970,0.0
05,25,1970,0.0
05,26,1970,1.5
05,27,1970,0.0
05,28,1970,0.0
05,29,1970,0.0
05,30,1970,0.0
05,31,1970,0.0
06,01,1970,2.0
06,02,1970,24.9
06,03,1970,0.0
06,04,1970,0.0
06,05,1970,0.0
06,06,1970,0.0
06,07,1970,2.3
06,08,1970,1.9
06,09,1970,2.1
06,10,1970,0.0
06,11,1970,0.0
06,12,1970,0.0
06,13,1970,0.0
06,14,1970,0.0
06,15,1970,0.0
06,16,1970,0.0
06,17,1970,0.0
06,18,1970,11.3
06,19,1970,0.0
06,20,1970,2.7
06,21,1970,41.8
06,22,1970,11.6
06,23,1970,25.0
06,24,1970,0.0
06,25,1970,0.1
06,26,1970,24.1
06,27,1970,0.0
06,28,1970,0.0
06,29,1970,0.0
06,30,1970,6.0
07,01,1970,11.7
07,02,1970,0.2
07,03,1970,0.0
07,04,1970,0.0
07,05,1970,0.0
07,06,1970,0.0
07,07,1970,0.0
07,08,1970,0.0
07,09,1970,0.0
07,10,1970,0.0
07,11,1970,0.0
07,12,1970,0.8
07,13,1970,4.7
07,14,1970,0.0
07,15,1970,0.0
07,16,1970,60.0
07,17,1970,0.4
07,18,1970,0.0
07,19,1970,0.0
07,20,1970,0.0
07,21,1970,0.0
07,22,1970,0.0
07,23,1970,7.3
07,24,1970,0.0
07,25,1970,0.7
07,26,1970,1.7
07,27,1970,0.0
07,28,1970,0.0
07,29,1970,0.0
07,30,1970,1.4
07,31,1970,0.0
08,01,1970,0.0
08,02,1970,0.0
08,03,1970,11.9
08,04,1970,20.0
08,05,1970,10.9
08,06,1970,3.0
08,07,1970,0.0
08,08,1970,0.0
08,09,1970,1.0
08,10,1970,2.3
08,11,1970,0.0
08,12,1970,2.0
08,13,1970,0.0
08,14,1970,0.0
08,15,1970,23.3
08,16,1970,16.3
08,17,1970,3.3
08,18,1970,0.0
08,19,1970,0.0
08,20,1970,0.0
08,21,1970,0.0
08,22,1970,0.0
08,23,1970,0.0
08,24,1970,0.0
08,25,1970,0.0
08,26,1970,0.0
08,27,1970,6.0
08,28,1970,0.2
08,29,1970,6.1
08,30,1970,19.3
08,31,1970,8.3
09,01,1970,0.0
09,02,1970,11.3
09,03,1970,0.0
09,04,1970,6.9
09,05,1970,2.2
09,06,1970,16.2
09,07,1970,37.9
09,08,1970,11.9
09,09,1970,0.0
09,10,1970,0.0
09,11,1970,104.2
09,12,1970,1.2
09,13,1970,0.0
09,14,1970,0.0
09,15,1970,0.0
09,16,1970,7.5
09,17,1970,3.4
09,18,1970,3.4
09,19,1970,71.4
09,20,1970,0.0
09,21,1970,15.5
09,22,1970,0.0
09,23,1970,7.0
09,24,1970,5.6
09,25,1970,1.1
09,26,1970,9.6
09,27,1970,4.5
09,28,1970,0.0
09,29,1970,0.0
09,30,1970,0.0
10,01,1970,0.8
10,02,1970,0.0
10,03,1970,0.0
10,04,1970,0.0
10,05,1970,0.0
10,06,1970,0.0
10,07,1970,0.0
10,08,1970,0.0
10,09,1970,0.0
10,10,1970,0.0
10,11,1970,0.0
10,12,1970,17.7
10,13,1970,0.0
10,14,1970,0.0
10,15,1970,6.2
10,16,1970,0.0
10,17,1970,0.0
10,18,1970,8.2
10,19,1970,0.0
10,20,1970,0.0
10,21,1970,0.0
10,22,1970,0.0
10,23,1970,0.0
10,24,1970,0.0
10,25,1970,0.0
10,26,1970,0.0
10,27,1970,0.0
10,28,1970,0.0
10,29,1970,0.0
10,30,1970,0.1
10,31,1970,0.0
11,01,1970,0.0
11,02,1970,4.0
11,03,1970,0.7
11,04,1970,7.0
11,05,1970,0.0
11,06,1970,0.0
11,07,1970,0.0
11,08,1970,0.0
11,09,1970,0.0
11,10,1970,0.0
11,11,1970,0.0
11,12,1970,0.0
11,13,1970,0.0
11,14,1970,1.3
11,15,1970,6.8
11,16,1970,0.0
11,17,1970,0.0
11,18,1970,0.0
11,19,1970,0.0
11,20,1970,0.0
11,21,1970,0.0
11,22,1970,0.0
11,23,1970,0.0
11,24,1970,0.0
11,25,1970,0.0
11,26,1970,0.0
11,27,1970,0.0
11,28,1970,0.9
11,29,1970,0.0
11,30,1970,0.0
12,01,1970,0.0
12,02,1970,0.0
12,03,1970,0.0
12,04,1970,0.0
12,05,1970,0.0
12,06,1970,0.0
12,07,1970,0.0
12,08,1970,0.0
12,09,1970,0.0
12,10,1970,0.0
12,11,1970,0.0
12,12,1970,0.0
12,13,1970,0.0
12,14,1970,0.0
12,15,1970,0.0
12,16,1970,0.0
12,17,1970,0.0
12,18,1970,0.0
12,19,1970,0.0
12,20,1970,0.0
12,21,1970,0.0
12,22,1970,0.0
12,23,1970,0.0
12,24,1970,0.0
12,25,1970,0.0
12,26,1970,0.0
12,27,1970,0.0
12,28,1970,0.0
12,29,1970,0.0
12,30,1970,0.0
12,31,1970,0.0
01,01,1971,0.0
01,02,1971,0.0
01,03,1971,0.0
01,04,1971,0.0
01,05,1971,0.0
01,06,1971,0.0
01,07,1971,0.0
01,08,1971,0.0
01,09,1971,0.0
01,10,1971,0.0
01,11,1971,0.0
01,12,1971,0.0
01,13,1971,0.0
01,14,1971,1.9
01,15,1971,9.3
01,16,1971,0.0
01,17,1971,0.0
01,18,1971,0.0
01,19,1971,0.0
01,20,1971,0.9
01,21,1971,0.0
01,22,1971,0.0
01,23,1971,0.0
01,24,1971,0.0
01,25,1971,0.0
01,26,1971,0.0
01,27,1971,0.0
01,28,1971,0.0
01,29,1971,0.0
01,30,1971,0.0
01,31,1971,0.0
02,01,1971,0.0
02,02,1971,0.0
02,03,1971,0.0
02,04,1971,0.0
02,05,1971,0.0
02,06,1971,0.0
02,07,1971,0.0
02,08,1971,0.0
02,09,1971,0.0
02,10,1971,0.0
02,11,1971,0.0
02,12,1971,0.6
02,13,1971,0.0
02,14,1971,0.0
02,15,1971,0.0
02,16,1971,0.0
02,17,1971,0.0
02,18,1971,0.0
02,19,1971,0.0
02,20,1971,0.0
02,21,1971,0.0
02,22,1971,0.0
02,23,1971,0.0
02,24,1971,0.0
02,25,1971,0.0
02,26,1971,0.0
02,27,1971,0.0
02,28,1971,0.0
03,01,1971,0.0
03,02,1971,0.0
03,03,1971,0.0
03,04,1971,0.0
03,05,1971,0.0
03,06,1971,0.0
03,07,1971,0.0
03,08,1971,0.0
03,09,1971,0.0
03,10,1971,0.0
03,11,1971,0.0
03,12,1971,0.0
03,13,1971,0.0
03,14,1971,0.0
03,15,1971,0.0
03,16,1971,0.0
03,17,1971,0.0
03,18,1971,0.0
03,19,1971,2.9
03,20,1971,0.0
03,21,1971,0.0
03,22,1971,0.0
03,23,1971,0.0
03,24,1971,0.0
03,25,1971,0.0
03,26,1971,0.0
03,27,1971,0.0
03,28,1971,0.0
03,29,1971,0.0
03,30,1971,0.0
03,31,1971,0.0
04,01,1971,0.0
04,02,1971,4.6
04,03,1971,1.0
04,04,1971,0.0
04,05,1971,1.4
04,06,1971,0.0
04,07,1971,0.0
04,08,1971,0.0
04,09,1971,0.0
04,10,1971,1.7
04,11,1971,0.0
04,12,1971,0.0
04,13,1971,2.5
04,14,1971,0.0
04,15,1971,0.0
04,16,1971,0.0
04,17,1971,2.6
04,18,1971,0.0
04,19,1971,0.0
04,20,1971,0.0
04,21,1971,0.0
04,22,1971,0.0
04,23,1971,0.0
04,24,1971,0.0
04,25,1971,0.0
04,26,1971,0.0
04,27,1971,0.0
04,28,1971,0.0
04,29,1971,0.0
04,30,1971,0.0
05,01,1971,0.0
05,02,1971,0.0
05,03,1971,0.0
05,04,1971,0.0
05,05,1971,0.0
05,06,1971,0.0
05,07,1971,0.0
05,08,1971,0.0
05,09,1971,0.0
05,10,1971,0.0
05,11,1971,20.8
05,12,1971,0.7
05,13,1971,1.0
05,14,1971,0.0
05,15,1971,0.0
05,16,1971,0.2
05,17,1971,0.0
05,18,1971,0.0
05,19,1971,0.0
05,20,1971,0.0
05,21,1971,0.0
05,22,1971,0.0
05,23,1971,0.0
05,24,1971,0.0
05,25,1971,0.0
05,26,1971,0.0
05,27,1971,0.0
05,28,1971,0.0
05,29,1971,0.0
05,30,1971,2.1
05,31,1971,0.1
06,01,1971,0.0
06,02,1971,0.0
06,03,1971,0.0
06,04,1971,0.0
06,05,1971,0.0
06,06,1971,0.0
06,07,1971,0.0
06,08,1971,0.0
06,09,1971,0.1
06,10,1971,0.0
06,11,1971,48.0
06,12,1971,0.4
06,13,1971,0.0
06,14,1971,0.0
06,15,1971,1.4
06,16,1971,16.1
06,17,1971,20.1
06,18,1971,0.6
06,19,1971,0.0
06,20,1971,0.0
06,21,1971,1.2
06,22,1971,0.0
06,23,1971,0.0
06,24,1971,0.0
06,25,1971,0.0
06,26,1971,0.5
06,27,1971,0.5
06,28,1971,1.4
06,29,1971,0.0
06,30,1971,5.0
07,01,1971,0.0
07,02,1971,0.0
07,03,1971,0.0
07,04,1971,0.0
07,05,1971,0.0
07,06,1971,0.0
07,07,1971,14.8
07,08,1971,10.4
07,09,1971,0.0
07,10,1971,0.0
07,11,1971,0.0
07,12,1971,1.7
07,13,1971,19.2
07,14,1971,0.0
07,15,1971,0.0
07,16,1971,0.0
07,17,1971,25.8
07,18,1971,44.7
07,19,1971,0.0
07,20,1971,0.0
07,21,1971,0.1
07,22,1971,0.0
07,23,1971,0.0
07,24,1971,0.0
07,25,1971,0.0
07,26,1971,29.1
07,27,1971,0.0
07,28,1971,0.0
07,29,1971,0.0
07,30,1971,5.3
07,31,1971,0.0
08,01,1971,0.0
08,02,1971,0.0
08,03,1971,5.2
08,04,1971,6.2
08,05,1971,3.6
08,06,1971,0.0
08,07,1971,28.4
08,08,1971,23.8
08,09,1971,0.0
08,10,1971,0.0
08,11,1971,0.0
08,12,1971,0.0
08,13,1971,0.0
08,14,1971,0.0
08,15,1971,0.0
08,16,1971,0.0
08,17,1971,7.1
08,18,1971,0.0
08,19,1971,0.0
08,20,1971,2.1
08,21,1971,0.4
08,22,1971,0.0
08,23,1971,0.0
08,24,1971,2.8
08,25,1971,15.1
08,26,1971,19.6
08,27,1971,0.0
08,28,1971,0.0
08,29,1971,1.9
08,30,1971,7.8
08,31,1971,0.0
09,01,1971,0.0
09,02,1971,0.0
09,03,1971,0.0
09,04,1971,22.9
09,05,1971,0.0
09,06,1971,2.0
09,07,1971,0.0
09,08,1971,0.1
09,09,1971,0.0
09,10,1971,0.0
09,11,1971,0.0
09,12,1971,0.0
09,13,1971,4.0
09,14,1971,2.3
09,15,1971,0.0
09,16,1971,0.0
09,17,1971,0.0
09,18,1971,0.0
09,19,1971,0.0
09,20,1971,1.7
09,21,1971,0.0
09,22,1971,8.6
09,23,1971,4.0
09,24,1971,0.0
09,25,1971,0.0
09,26,1971,0.0
09,27,1971,2.7
09,28,1971,0.0
09,29,1971,0.0
09,30,1971,7.8
10,01,1971,0.0
10,02,1971,9.6
10,03,1971,14.1
10,04,1971,1.6
10,05,1971,0.0
10,06,1971,3.3
10,07,1971,0.0
10,08,1971,1.4
10,09,1971,21.9
10,10,1971,0.1
10,11,1971,0.0
10,12,1971,0.5
10,13,1971,2.5
10,14,1971,0.0
10,15,1971,0.0
10,16,1971,0.0
10,17,1971,0.0
10,18,1971,0.0
10,19,1971,0.0
10,20,1971,0.0
10,21,1971,13.2
10,22,1971,0.0
10,23,1971,0.0
10,24,1971,0.0
10,25,1971,0.0
10,26,1971,0.0
10,27,1971,0.0
10,28,1971,0.0
10,29,1971,17.0
10,30,1971,3.0
10,31,1971,0.0
11,01,1971,0.0
11,02,1971,0.0
11,03,1971,7.4
11,04,1971,0.0
11,05,1971,1.0
11,06,1971,0.0
11,07,1971,2.1
11,08,1971,0.0
11,09,1971,0.0
11,10,1971,17.4
11,11,1971,0.0
11,12,1971,0.0
11,13,1971,0.0
11,14,1971,0.0
11,15,1971,0.0
11,16,1971,0.0
11,17,1971,0.0
11,18,1971,0.0
11,19,1971,0.0
11,20,1971,0.0
11,21,1971,0.0
11,22,1971,0.0
11,23,1971,0.0
11,24,1971,0.0
11,25,1971,0.0
11,26,1971,0.8
11,27,1971,0.9
11,28,1971,0.0
11,29,1971,0.0
11,30,1971,0.0
12,01,1971,0.0
12,02,1971,0.2
12,03,1971,0.0
12,04,1971,0.0
12,05,1971,0.0
12,06,1971,0.0
12,07,1971,0.0
12,08,1971,0.0
12,09,1971,0.0
12,10,1971,0.0
12,11,1971,0.0
12,12,1971,0.0
12,13,1971,0.0
12,14,1971,0.0
12,15,1971,0.0
12,16,1971,0.0
12,17,1971,0.0
12,18,1971,0.4
12,19,1971,0.0
12,20,1971,0.0
12,21,1971,0.0
12,22,1971,0.3
12,23,1971,0.0
12,24,1971,0.0
12,25,1971,4.7
12,26,1971,0.3
12,27,1971,0.0
12,28,1971,0.0
12,29,1971,0.0
12,30,1971,0.0
12,31,1971,0.0
01,01,1972,0.0
01,02,1972,0.0
01,03,1972,0.0
01,04,1972,0.0
01,05,1972,0.0
01,06,1972,0.0
01,07,1972,0.9
01,08,1972,0.0
01,09,1972,0.0
01,10,1972,0.0
01,11,1972,0.0
01,12,1972,0.0
01,13,1972,0.0
01,14,1972,19.7
01,15,1972,0.0
01,16,1972,4.0
01,17,1972,0.0
01,18,1972,0.0
01,19,1972,0.0
01,20,1972,0.0
01,21,1972,0.0
01,22,1972,0.0
01,23,1972,0.0
01,24,1972,0.0
01,25,1972,0.0
01,26,1972,0.0
01,27,1972,0.0
01,28,1972,0.0
01,29,1972,0.0
01,30,1972,4.8
01,31,1972,0.1
02,01,1972,0.0
02,02,1972,0.0
02,03,1972,0.0
02,04,1972,0.0
02,05,1972,0.0
02,06,1972,0.0
02,07,1972,0.0
02,08,1972,12.4
02,09,1972,0.0
02,10,1972,0.0
02,11,1972,0.0
02,12,1972,0.0
02,13,1972,0.0
02,14,1972,0.0
02,15,1972,0.0
02,16,1972,0.7
02,17,1972,0.0
02,18,1972,0.0
02,19,1972,0.0
02,20,1972,0.0
02,21,1972,0.0
02,22,1972,0.0
02,23,1972,0.0
02,24,1972,0.0
02,25,1972,0.0
02,26,1972,0.0
02,27,1972,0.0
02,28,1972,0.0
02,29,1972,0.0
03,01,1972,0.0
03,02,1972,0.0
03,03,1972,0.0
03,04,1972,0.0
03,05,1972,0.0
03,06,1972,0.0
03,07,1972,0.0
03,08,1972,0.0
03,09,1972,1.3
03,10,1972,0.0
03,11,1972,0.0
03,12,1972,0.0
03,13,1972,0.0
03,14,1972,5.5
03,15,1972,0.0
03,16,1972,0.0
03,17,1972,0.0
03,18,1972,0.0
03,19,1972,0.0
03,20,1972,0.0
03,21,1972,0.0
03,22,1972,0.0
03,23,1972,0.0
03,24,1972,0.0
03,25,1972,0.0
03,26,1972,0.0
03,27,1972,0.0
03,28,1972,0.0
03,29,1972,0.0
03,30,1972,0.0
03,31,1972,0.0
04,01,1972,0.0
04,02,1972,0.0
04,03,1972,0.0
04,04,1972,0.0
04,05,1972,0.0
04,06,1972,0.0
04,07,1972,0.0
04,08,1972,0.0
04,09,1972,0.0
04,10,1972,0.0
04,11,1972,0.0
04,12,1972,0.0
04,13,1972,0.0
04,14,1972,0.0
04,15,1972,0.0
04,16,1972,0.2
04,17,1972,0.0
04,18,1972,0.0
04,19,1972,0.0
04,20,1972,0.0
04,21,1972,0.0
04,22,1972,0.0
04,23,1972,0.0
04,24,1972,0.0
04,25,1972,5.1
04,26,1972,0.0
04,27,1972,0.0
04,28,1972,0.7
04,29,1972,0.0
04,30,1972,0.0
05,01,1972,0.0
05,02,1972,0.0
05,03,1972,9.2
05,04,1972,0.0
05,05,1972,0.0
05,06,1972,0.0
05,07,1972,0.0
05,08,1972,0.0
05,09,1972,0.0
05,10,1972,0.0
05,11,1972,0.0
05,12,1972,0.0
05,13,1972,0.0
05,14,1972,0.0
05,15,1972,0.4
05,16,1972,0.0
05,17,1972,17.0
05,18,1972,30.7
05,19,1972,0.1
05,20,1972,0.0
05,21,1972,0.0
05,22,1972,0.0
05,23,1972,0.0
05,24,1972,0.0
05,25,1972,0.0
05,26,1972,0.0
05,27,1972,0.0
05,28,1972,0.0
05,29,1972,0.0
05,30,1972,0.0
05,31,1972,3.8
06,01,1972,0.0
06,02,1972,3.0
06,03,1972,0.0
06,04,1972,0.0
06,05,1972,0.0
06,06,1972,0.0
06,07,1972,0.0
06,08,1972,0.0
06,09,1972,1.5
06,10,1972,43.0
06,11,1972,12.2
06,12,1972,4.0
06,13,1972,5.7
06,14,1972,3.3
06,15,1972,0.0
06,16,1972,0.0
06,17,1972,0.0
06,18,1972,0.0
06,19,1972,0.0
06,20,1972,0.0
06,21,1972,0.0
06,22,1972,0.0
06,23,1972,0.0
06,24,1972,0.0
06,25,1972,0.5
06,26,1972,0.0
06,27,1972,0.0
06,28,1972,0.0
06,29,1972,0.7
06,30,1972,6.7
07,01,1972,null
07,02,1972,null
07,03,1972,null
07,04,1972,null
07,05,1972,null
07,06,1972,null
07,07,1972,null
07,08,1972,null
07,09,1972,null
07,10,1972,null
07,11,1972,null
07,12,1972,null
07,13,1972,null
07,14,1972,null
07,15,1972,null
07,16,1972,null
07,17,1972,null
07,18,1972,null
07,19,1972,null
07,20,1972,null
07,21,1972,null
07,22,1972,null
07,23,1972,null
07,24,1972,null
07,25,1972,null
07,26,1972,null
07,27,1972,null
07,28,1972,null
07,29,1972,null
07,30,1972,null
07,31,1972,null
08,01,1972,null
08,02,1972,null
08,03,1972,null
08,04,1972,null
08,05,1972,null
08,06,1972,null
08,07,1972,null
08,08,1972,null
08,09,1972,null
08,10,1972,null
08,11,1972,null
08,12,1972,null
08,13,1972,null
08,14,1972,null
08,15,1972,null
08,16,1972,null
08,17,1972,null
08,18,1972,null
08,19,1972,null
08,20,1972,null
08,21,1972,null
08,22,1972,null
08,23,1972,null
08,24,1972,null
08,25,1972,null
08,26,1972,null
08,27,1972,null
08,28,1972,null
08,29,1972,null
08,30,1972,null
08,31,1972,null
09,01,1972,null
09,02,1972,null
09,03,1972,null
09,04,1972,null
09,05,1972,null
09,06,1972,null
09,07,1972,null
09,08,1972,null
09,09,1972,null
09,10,1972,null
09,11,1972,null
09,12,1972,null
09,13,1972,null
09,14,1972,null
09,15,1972,null
09,16,1972,null
09,17,1972,null
09,18,1972,null
09,19,1972,null
09,20,1972,null
09,21,1972,null
09,22,1972,null
09,23,1972,null
09,24,1972,null
09,25,1972,null
09,26,1972,null
09,27,1972,null
09,28,1972,null
09,29,1972,null
09,30,1972,null
10,01,1972,null
10,02,1972,null
10,03,1972,null
10,04,1972,null
10,05,1972,null
10,06,1972,null
10,07,1972,null
10,08,1972,null
10,09,1972,null
10,10,1972,null
10,11,1972,null
10,12,1972,null
10,13,1972,null
10,14,1972,null
10,15,1972,null
10,16,1972,null
10,17,1972,null
10,18,1972,null
10,19,1972,null
10,20,1972,null
10,21,1972,null
10,22,1972,null
10,23,1972,null
10,24,1972,null
10,25,1972,null
10,26,1972,null
10,27,1972,null
10,28,1972,null
10,29,1972,null
10,30,1972,null
10,31,1972,null
11,01,1972,null
11,02,1972,null
11,03,1972,null
11,04,1972,null
11,05,1972,null
11,06,1972,null
11,07,1972,null
11,08,1972,null
11,09,1972,null
11,10,1972,null
11,11,1972,null
11,12,1972,null
11,13,1972,null
11,14,1972,null
11,15,1972,null
11,16,1972,null
11,17,1972,null
11,18,1972,null
11,19,1972,null
11,20,1972,null
11,21,1972,null
11,22,1972,null
11,23,1972,null
11,24,1972,null
11,25,1972,null
11,26,1972,null
11,27,1972,null
11,28,1972,null
11,29,1972,null
11,30,1972,null
12,01,1972,null
12,02,1972,null
12,03,1972,null
12,04,1972,null
12,05,1972,null
12,06,1972,null
12,07,1972,null
12,08,1972,null
12,09,1972,null
12,10,1972,null
12,11,1972,null
12,12,1972,null
12,13,1972,null
12,14,1972,null
12,15,1972,null
12,16,1972,null
12,17,1972,null
12,18,1972,null
12,19,1972,null
12,20,1972,null
12,21,1972,null
12,22,1972,null
12,23,1972,null
12,24,1972,null
12,25,1972,null
12,26,1972,null
12,27,1972,null
12,28,1972,null
12,29,1972,null
12,30,1972,null
12,31,1972,null
01,01,1973,0.0
01,02,1973,0.0
01,03,1973,0.0
01,04,1973,0.0
01,05,1973,0.0
01,06,1973,0.0
01,07,1973,0.0
01,08,1973,0.0
01,09,1973,0.0
01,10,1973,0.3
01,11,1973,4.1
01,12,1973,0.1
01,13,1973,0.0
01,14,1973,0.0
01,15,1973,0.0
01,16,1973,0.0
01,17,1973,0.0
01,18,1973,0.0
01,19,1973,0.0
01,20,1973,0.0
01,21,1973,0.0
01,22,1973,0.0
01,23,1973,0.1
01,24,1973,0.0
01,25,1973,0.0
01,26,1973,0.0
01,27,1973,0.0
01,28,1973,0.0
01,29,1973,0.0
01,30,1973,0.0
01,31,1973,0.0
02,01,1973,0.0
02,02,1973,0.3
02,03,1973,0.0
02,04,1973,0.0
02,05,1973,0.0
02,06,1973,0.0
02,07,1973,0.0
02,08,1973,1.9
02,09,1973,5.0
02,10,1973,0.0
02,11,1973,0.0
02,12,1973,0.0
02,13,1973,0.0
02,14,1973,12.3
02,15,1973,21.3
02,16,1973,12.9
02,17,1973,0.3
02,18,1973,0.0
02,19,1973,0.0
02,20,1973,0.0
02,21,1973,0.0
02,22,1973,0.0
02,23,1973,0.0
02,24,1973,0.0
02,25,1973,0.0
02,26,1973,0.0
02,27,1973,3.9
02,28,1973,0.0
03,01,1973,0.0
03,02,1973,0.0
03,03,1973,0.0
03,04,1973,0.0
03,05,1973,0.0
03,06,1973,0.0
03,07,1973,0.0
03,08,1973,0.0
03,09,1973,0.0
03,10,1973,0.0
03,11,1973,0.0
03,12,1973,0.0
03,13,1973,0.0
03,14,1973,0.0
03,15,1973,0.0
03,16,1973,0.0
03,17,1973,0.0
03,18,1973,0.0
03,19,1973,0.0
03,20,1973,0.0
03,21,1973,0.3
03,22,1973,0.0
03,23,1973,0.0
03,24,1973,0.0
03,25,1973,0.0
03,26,1973,0.0
03,27,1973,0.0
03,28,1973,0.0
03,29,1973,0.0
03,30,1973,0.0
03,31,1973,0.3
04,01,1973,0.0
04,02,1973,0.0
04,03,1973,1.3
04,04,1973,9.9
04,05,1973,0.0
04,06,1973,0.0
04,07,1973,0.0
04,08,1973,0.0
04,09,1973,0.0
04,10,1973,0.0
04,11,1973,0.0
04,12,1973,0.0
04,13,1973,3.6
04,14,1973,0.0
04,15,1973,0.0
04,16,1973,0.0
04,17,1973,0.0
04,18,1973,0.0
04,19,1973,0.0
04,20,1973,0.0
04,21,1973,0.0
04,22,1973,0.0
04,23,1973,0.0
04,24,1973,0.0
04,25,1973,0.0
04,26,1973,0.0
04,27,1973,1.7
04,28,1973,1.1
04,29,1973,0.0
04,30,1973,0.0
05,01,1973,0.0
05,02,1973,0.0
05,03,1973,0.0
05,04,1973,0.0
05,05,1973,0.0
05,06,1973,0.0
05,07,1973,0.0
05,08,1973,0.0
05,09,1973,0.0
05,10,1973,0.0
05,11,1973,0.0
05,12,1973,2.5
05,13,1973,0.0
05,14,1973,2.8
05,15,1973,0.0
05,16,1973,1.5
05,17,1973,1.1
05,18,1973,0.0
05,19,1973,0.0
05,20,1973,4.7
05,21,1973,0.0
05,22,1973,0.0
05,23,1973,0.0
05,24,1973,0.0
05,25,1973,0.0
05,26,1973,0.0
05,27,1973,0.0
05,28,1973,0.0
05,29,1973,14.4
05,30,1973,0.4
05,31,1973,13.1
06,01,1973,37.0
06,02,1973,0.0
06,03,1973,0.0
06,04,1973,0.0
06,05,1973,0.0
06,06,1973,0.0
06,07,1973,0.0
06,08,1973,4.5
06,09,1973,0.5
06,10,1973,1.6
06,11,1973,0.5
06,12,1973,0.0
06,13,1973,0.0
06,14,1973,0.0
06,15,1973,0.0
06,16,1973,0.0
06,17,1973,0.0
06,18,1973,0.0
06,19,1973,3.9
06,20,1973,89.5
06,21,1973,79.0
06,22,1973,45.5
06,23,1973,0.0
06,24,1973,0.0
06,25,1973,0.0
06,26,1973,7.0
06,27,1973,9.5
06,28,1973,0.0
06,29,1973,2.5
06,30,1973,23.7
07,01,1973,13.2
07,02,1973,14.8
07,03,1973,45.6
07,04,1973,0.0
07,05,1973,1.0
07,06,1973,0.0
07,07,1973,0.0
07,08,1973,0.0
07,09,1973,6.0
07,10,1973,0.0
07,11,1973,0.0
07,12,1973,0.0
07,13,1973,0.0
07,14,1973,0.0
07,15,1973,0.0
07,16,1973,2.7
07,17,1973,10.4
07,18,1973,0.0
07,19,1973,0.0
07,20,1973,0.0
07,21,1973,0.0
07,22,1973,0.5
07,23,1973,0.2
07,24,1973,37.1
07,25,1973,36.0
07,26,1973,0.0
07,27,1973,0.0
07,28,1973,0.0
07,29,1973,0.0
07,30,1973,0.0
07,31,1973,0.0
08,01,1973,0.0
08,02,1973,0.0
08,03,1973,4.7
08,04,1973,2.5
08,05,1973,0.0
08,06,1973,0.0
08,07,1973,0.0
08,08,1973,0.0
08,09,1973,0.0
08,10,1973,0.0
08,11,1973,31.2
08,12,1973,5.2
08,13,1973,0.0
08,14,1973,0.0
08,15,1973,0.0
08,16,1973,0.0
08,17,1973,0.8
08,18,1973,0.0
08,19,1973,0.0
08,20,1973,5.9
08,21,1973,0.0
08,22,1973,0.0
08,23,1973,0.0
08,24,1973,0.0
08,25,1973,8.0
08,26,1973,39.7
08,27,1973,14.7
08,28,1973,20.9
08,29,1973,0.1
08,30,1973,5.0
08,31,1973,0.2
09,01,1973,0.8
09,02,1973,1.6
09,03,1973,0.0
09,04,1973,4.5
09,05,1973,0.0
09,06,1973,21.0
09,07,1973,0.0
09,08,1973,8.2
09,09,1973,0.0
09,10,1973,1.6
09,11,1973,0.0
09,12,1973,0.0
09,13,1973,0.0
09,14,1973,1.2
09,15,1973,0.9
09,16,1973,0.0
09,17,1973,3.9
09,18,1973,3.2
09,19,1973,0.0
09,20,1973,0.0
09,21,1973,0.0
09,22,1973,0.0
09,23,1973,0.0
09,24,1973,4.1
09,25,1973,3.5
09,26,1973,0.0
09,27,1973,0.2
09,28,1973,0.0
09,29,1973,0.0
09,30,1973,0.0
10,01,1973,0.0
10,02,1973,0.0
10,03,1973,2.5
10,04,1973,0.0
10,05,1973,2.6
10,06,1973,9.0
10,07,1973,0.0
10,08,1973,0.0
10,09,1973,0.0
10,10,1973,0.0
10,11,1973,12.6
10,12,1973,11.6
10,13,1973,16.3
10,14,1973,15.9
10,15,1973,0.0
10,16,1973,0.2
10,17,1973,0.0
10,18,1973,0.0
10,19,1973,0.0
10,20,1973,0.0
10,21,1973,0.0
10,22,1973,0.0
10,23,1973,0.0
10,24,1973,0.0
10,25,1973,0.0
10,26,1973,0.0
10,27,1973,2.4
10,28,1973,0.0
10,29,1973,0.0
10,30,1973,0.0
10,31,1973,0.0
11,01,1973,0.0
11,02,1973,0.0
11,03,1973,0.0
11,04,1973,0.0
11,05,1973,0.0
11,06,1973,0.0
11,07,1973,0.0
11,08,1973,0.0
11,09,1973,0.0
11,10,1973,0.0
11,11,1973,4.4
11,12,1973,0.0
11,13,1973,0.0
11,14,1973,0.0
11,15,1973,0.0
11,16,1973,0.0
11,17,1973,0.0
11,18,1973,0.0
11,19,1973,0.0
11,20,1973,0.0
11,21,1973,0.0
11,22,1973,0.0
11,23,1973,0.0
11,24,1973,0.0
11,25,1973,0.0
11,26,1973,0.0
11,27,1973,0.0
11,28,1973,0.0
11,29,1973,0.0
11,30,1973,0.0
12,01,1973,0.0
12,02,1973,0.0
12,03,1973,0.0
12,04,1973,0.0
12,05,1973,0.0
12,06,1973,1.5
12,07,1973,1.5
12,08,1973,0.0
12,09,1973,5.0
12,10,1973,5.6
12,11,1973,0.0
12,12,1973,0.0
12,13,1973,0.0
12,14,1973,0.0
12,15,1973,0.0
12,16,1973,0.0
12,17,1973,0.0
12,18,1973,0.0
12,19,1973,0.0
12,20,1973,1.7
12,21,1973,0.0
12,22,1973,0.0
12,23,1973,0.0
12,24,1973,0.0
12,25,1973,0.0
12,26,1973,0.0
12,27,1973,0.0
12,28,1973,0.0
12,29,1973,0.0
12,30,1973,0.0
12,31,1973,0.0
01,01,1974,0.2
01,02,1974,0.0
01,03,1974,1.5
01,04,1974,0.0
01,05,1974,0.0
01,06,1974,0.0
01,07,1974,0.0
01,08,1974,0.0
01,09,1974,0.0
01,10,1974,0.0
01,11,1974,0.0
01,12,1974,25.0
01,13,1974,4.5
01,14,1974,0.0
01,15,1974,0.0
01,16,1974,0.0
01,17,1974,0.0
01,18,1974,0.0
01,19,1974,0.0
01,20,1974,0.0
01,21,1974,0.0
01,22,1974,0.0
01,23,1974,0.0
01,24,1974,5.6
01,25,1974,0.0
01,26,1974,0.0
01,27,1974,0.0
01,28,1974,0.0
01,29,1974,0.0
01,30,1974,0.0
01,31,1974,0.0
02,01,1974,0.0
02,02,1974,0.0
02,03,1974,0.0
02,04,1974,4.6
02,05,1974,0.0
02,06,1974,0.0
02,07,1974,0.0
02,08,1974,0.2
02,09,1974,0.0
02,10,1974,0.0
02,11,1974,0.0
02,12,1974,0.0
02,13,1974,0.0
02,14,1974,0.0
02,15,1974,0.0
02,16,1974,0.3
02,17,1974,0.0
02,18,1974,0.0
02,19,1974,0.0
02,20,1974,0.0
02,21,1974,1.8
02,22,1974,0.6
02,23,1974,0.0
02,24,1974,0.0
02,25,1974,0.0
02,26,1974,1.9
02,27,1974,0.0
02,28,1974,0.0
03,01,1974,0.0
03,02,1974,0.0
03,03,1974,0.0
03,04,1974,0.0
03,05,1974,0.0
03,06,1974,0.0
03,07,1974,0.0
03,08,1974,0.0
03,09,1974,0.0
03,10,1974,3.3
03,11,1974,0.1
03,12,1974,3.9
03,13,1974,0.0
03,14,1974,0.0
03,15,1974,0.0
03,16,1974,0.0
03,17,1974,0.0
03,18,1974,0.0
03,19,1974,0.0
03,20,1974,0.0
03,21,1974,0.2
03,22,1974,0.4
03,23,1974,0.0
03,24,1974,1.6
03,25,1974,0.0
03,26,1974,0.0
03,27,1974,0.0
03,28,1974,0.0
03,29,1974,0.0
03,30,1974,0.0
03,31,1974,0.0
04,01,1974,0.0
04,02,1974,0.0
04,03,1974,0.0
04,04,1974,0.0
04,05,1974,0.0
04,06,1974,0.0
04,07,1974,0.0
04,08,1974,0.0
04,09,1974,0.0
04,10,1974,0.0
04,11,1974,0.0
04,12,1974,0.0
04,13,1974,0.0
04,14,1974,0.0
04,15,1974,0.0
04,16,1974,0.0
04,17,1974,0.0
04,18,1974,3.1
04,19,1974,0.0
04,20,1974,0.0
04,21,1974,0.0
04,22,1974,0.0
04,23,1974,0.0
04,24,1974,0.0
04,25,1974,0.0
04,26,1974,0.0
04,27,1974,0.0
04,28,1974,0.0
04,29,1974,0.0
04,30,1974,0.0
05,01,1974,0.0
05,02,1974,0.0
05,03,1974,0.0
05,04,1974,0.0
05,05,1974,0.0
05,06,1974,0.0
05,07,1974,0.0
05,08,1974,0.0
05,09,1974,0.0
05,10,1974,0.0
05,11,1974,0.0
05,12,1974,2.6
05,13,1974,0.0
05,14,1974,0.0
05,15,1974,0.0
05,16,1974,0.0
05,17,1974,24.5
05,18,1974,0.0
05,19,1974,0.0
05,20,1974,0.0
05,21,1974,0.0
05,22,1974,0.0
05,23,1974,0.0
05,24,1974,0.4
05,25,1974,7.0
05,26,1974,0.0
05,27,1974,0.0
05,28,1974,0.0
05,29,1974,0.0
05,30,1974,0.0
05,31,1974,0.0
06,01,1974,6.2
06,02,1974,6.0
06,03,1974,0.0
06,04,1974,0.0
06,05,1974,0.0
06,06,1974,0.0
06,07,1974,0.0
06,08,1974,0.0
06,09,1974,0.0
06,10,1974,33.5
06,11,1974,0.0
06,12,1974,0.8
06,13,1974,0.0
06,14,1974,4.8
06,15,1974,15.1
06,16,1974,21.5
06,17,1974,46.0
06,18,1974,29.6
06,19,1974,23.1
06,20,1974,78.6
06,21,1974,4.2
06,22,1974,0.0
06,23,1974,1.4
06,24,1974,0.0
06,25,1974,0.0
06,26,1974,0.0
06,27,1974,0.0
06,28,1974,0.0
06,29,1974,0.0
06,30,1974,4.0
07,01,1974,28.3
07,02,1974,1.0
07,03,1974,1.9
07,04,1974,47.2
07,05,1974,14.4
07,06,1974,0.4
07,07,1974,0.0
07,08,1974,15.4
07,09,1974,0.0
07,10,1974,0.1
07,11,1974,0.0
07,12,1974,42.2
07,13,1974,1.3
07,14,1974,0.0
07,15,1974,0.0
07,16,1974,0.0
07,17,1974,0.0
07,18,1974,2.2
07,19,1974,0.0
07,20,1974,0.0
07,21,1974,0.0
07,22,1974,0.0
07,23,1974,1.6
07,24,1974,30.3
07,25,1974,0.0
07,26,1974,0.0
07,27,1974,0.0
07,28,1974,0.0
07,29,1974,0.0
07,30,1974,0.0
07,31,1974,0.0
08,01,1974,0.0
08,02,1974,2.0
08,03,1974,0.0
08,04,1974,2.2
08,05,1974,0.0
08,06,1974,0.0
08,07,1974,0.0
08,08,1974,0.0
08,09,1974,0.0
08,10,1974,0.0
08,11,1974,0.0
08,12,1974,0.0
08,13,1974,0.0
08,14,1974,0.0
08,15,1974,0.0
08,16,1974,12.3
08,17,1974,13.1
08,18,1974,0.0
08,19,1974,0.0
08,20,1974,0.0
08,21,1974,0.0
08,22,1974,0.0
08,23,1974,0.0
08,24,1974,0.0
08,25,1974,0.0
08,26,1974,0.0
08,27,1974,0.0
08,28,1974,2.9
08,29,1974,4.7
08,30,1974,0.0
08,31,1974,0.3
09,01,1974,0.0
09,02,1974,0.0
09,03,1974,0.0
09,04,1974,0.0
09,05,1974,0.0
09,06,1974,0.0
09,07,1974,0.0
09,08,1974,0.0
09,09,1974,0.0
09,10,1974,1.0
09,11,1974,0.0
09,12,1974,0.0
09,13,1974,0.0
09,14,1974,35.3
09,15,1974,0.0
09,16,1974,0.0
09,17,1974,0.0
09,18,1974,1.7
09,19,1974,7.8
09,20,1974,167.8
09,21,1974,129.6
09,22,1974,54.6
09,23,1974,1.1
09,24,1974,0.0
09,25,1974,0.0
09,26,1974,1.2
09,27,1974,0.0
09,28,1974,0.0
09,29,1974,3.4
09,30,1974,5.1
10,01,1974,6.7
10,02,1974,0.4
10,03,1974,0.0
10,04,1974,0.0
10,05,1974,1.8
10,06,1974,0.0
10,07,1974,3.8
10,08,1974,0.0
10,09,1974,0.0
10,10,1974,0.0
10,11,1974,0.0
10,12,1974,0.0
10,13,1974,0.0
10,14,1974,0.0
10,15,1974,6.3
10,16,1974,0.0
10,17,1974,0.0
10,18,1974,0.0
10,19,1974,0.0
10,20,1974,0.0
10,21,1974,0.0
10,22,1974,0.0
10,23,1974,3.5
10,24,1974,3.0
10,25,1974,0.2
10,26,1974,0.0
10,27,1974,0.0
10,28,1974,0.0
10,29,1974,0.0
10,30,1974,0.0
10,31,1974,0.0
11,01,1974,0.0
11,02,1974,0.0
11,03,1974,0.0
11,04,1974,17.3
11,05,1974,2.3
11,06,1974,0.0
11,07,1974,7.0
11,08,1974,0.0
11,09,1974,0.0
11,10,1974,0.0
11,11,1974,0.0
11,12,1974,0.0
11,13,1974,0.0
11,14,1974,0.0
11,15,1974,0.0
11,16,1974,0.0
11,17,1974,0.0
11,18,1974,0.0
11,19,1974,0.0
11,20,1974,6.8
11,21,1974,2.3
11,22,1974,0.0
11,23,1974,0.0
11,24,1974,0.8
11,25,1974,0.0
11,26,1974,0.0
11,27,1974,0.0
11,28,1974,0.0
11,29,1974,0.0
11,30,1974,0.0
12,01,1974,0.0
12,02,1974,0.0
12,03,1974,0.0
12,04,1974,0.0
12,05,1974,0.0
12,06,1974,0.0
12,07,1974,0.0
12,08,1974,0.0
12,09,1974,0.0
12,10,1974,0.0
12,11,1974,0.0
12,12,1974,0.0
12,13,1974,0.0
12,14,1974,0.0
12,15,1974,0.0
12,16,1974,0.0
12,17,1974,0.0
12,18,1974,0.0
12,19,1974,0.0
12,20,1974,0.0
12,21,1974,0.0
12,22,1974,0.0
12,23,1974,0.0
12,24,1974,0.0
12,25,1974,0.0
12,26,1974,0.0
12,27,1974,0.0
12,28,1974,0.0
12,29,1974,0.0
12,30,1974,0.0
12,31,1974,0.0
01,01,1975,0.5
01,02,1975,0.0
01,03,1975,0.0
01,04,1975,0.0
01,05,1975,0.0
01,06,1975,0.0
01,07,1975,0.0
01,08,1975,0.0
01,09,1975,0.0
01,10,1975,0.0
01,11,1975,0.0
01,12,1975,0.2
01,13,1975,0.0
01,14,1975,0.0
01,15,1975,0.0
01,16,1975,1.0
01,17,1975,0.0
01,18,1975,0.0
01,19,1975,0.0
01,20,1975,0.0
01,21,1975,0.0
01,22,1975,0.0
01,23,1975,0.0
01,24,1975,0.0
01,25,1975,0.0
01,26,1975,0.0
01,27,1975,0.0
01,28,1975,0.0
01,29,1975,0.0
01,30,1975,0.0
01,31,1975,0.0
02,01,1975,0.0
02,02,1975,0.0
02,03,1975,0.0
02,04,1975,1.6
02,05,1975,1.5
02,06,1975,5.2
02,07,1975,0.0
02,08,1975,0.0
02,09,1975,0.0
02,10,1975,0.0
02,11,1975,0.0
02,12,1975,0.0
02,13,1975,0.0
02,14,1975,0.0
02,15,1975,0.0
02,16,1975,0.0
02,17,1975,0.0
02,18,1975,0.0
02,19,1975,2.0
02,20,1975,0.4
02,21,1975,0.0
02,22,1975,0.0
02,23,1975,0.0
02,24,1975,0.0
02,25,1975,0.0
02,26,1975,0.0
02,27,1975,0.0
02,28,1975,0.0
03,01,1975,0.0
03,02,1975,0.0
03,03,1975,0.0
03,04,1975,0.0
03,05,1975,0.1
03,06,1975,0.0
03,07,1975,0.0
03,08,1975,0.0
03,09,1975,0.0
03,10,1975,0.0
03,11,1975,0.0
03,12,1975,0.0
03,13,1975,0.0
03,14,1975,0.0
03,15,1975,0.0
03,16,1975,0.0
03,17,1975,0.0
03,18,1975,0.0
03,19,1975,0.0
03,20,1975,0.0
03,21,1975,0.0
03,22,1975,0.0
03,23,1975,0.0
03,24,1975,0.1
03,25,1975,0.0
03,26,1975,0.0
03,27,1975,0.0
03,28,1975,0.0
03,29,1975,2.1
03,30,1975,0.0
03,31,1975,0.0
04,01,1975,0.0
04,02,1975,0.0
04,03,1975,0.0
04,04,1975,0.0
04,05,1975,0.0
04,06,1975,0.0
04,07,1975,0.0
04,08,1975,0.0
04,09,1975,0.0
04,10,1975,0.0
04,11,1975,3.5
04,12,1975,0.0
04,13,1975,0.0
04,14,1975,0.0
04,15,1975,0.0
04,16,1975,0.0
04,17,1975,0.0
04,18,1975,0.0
04,19,1975,0.0
04,20,1975,0.0
04,21,1975,0.0
04,22,1975,0.0
04,23,1975,0.0
04,24,1975,0.0
04,25,1975,0.0
04,26,1975,0.0
04,27,1975,0.0
04,28,1975,0.0
04,29,1975,0.0
04,30,1975,0.0
05,01,1975,0.0
05,02,1975,0.0
05,03,1975,0.0
05,04,1975,0.0
05,05,1975,0.0
05,06,1975,0.0
05,07,1975,0.0
05,08,1975,0.0
05,09,1975,0.0
05,10,1975,0.0
05,11,1975,0.0
05,12,1975,24.7
05,13,1975,0.0
05,14,1975,0.0
05,15,1975,4.0
05,16,1975,0.0
05,17,1975,0.0
05,18,1975,0.0
05,19,1975,0.0
05,20,1975,14.1
05,21,1975,0.0
05,22,1975,0.0
05,23,1975,0.0
05,24,1975,0.0
05,25,1975,2.3
05,26,1975,0.0
05,27,1975,0.0
05,28,1975,0.0
05,29,1975,0.2
05,30,1975,11.5
05,31,1975,17.2
06,01,1975,1.6
06,02,1975,0.5
06,03,1975,0.0
06,04,1975,0.0
06,05,1975,0.0
06,06,1975,0.0
06,07,1975,0.0
06,08,1975,0.0
06,09,1975,0.0
06,10,1975,0.0
06,11,1975,8.7
06,12,1975,0.0
06,13,1975,0.0
06,14,1975,0.0
06,15,1975,0.0
06,16,1975,0.0
06,17,1975,7.4
06,18,1975,0.0
06,19,1975,0.0
06,20,1975,0.0
06,21,1975,0.0
06,22,1975,25.0
06,23,1975,15.3
06,24,1975,1.2
06,25,1975,0.0
06,26,1975,0.0
06,27,1975,0.0
06,28,1975,3.0
06,29,1975,3.6
06,30,1975,0.0
07,01,1975,0.0
07,02,1975,0.0
07,03,1975,53.2
07,04,1975,0.0
07,05,1975,1.5
07,06,1975,0.0
07,07,1975,0.0
07,08,1975,14.8
07,09,1975,0.4
07,10,1975,8.8
07,11,1975,0.0
07,12,1975,0.0
07,13,1975,1.7
07,14,1975,23.1
07,15,1975,13.3
07,16,1975,0.2
07,17,1975,0.0
07,18,1975,0.0
07,19,1975,0.0
07,20,1975,0.0
07,21,1975,0.0
07,22,1975,0.0
07,23,1975,0.0
07,24,1975,0.0
07,25,1975,0.0
07,26,1975,8.0
07,27,1975,0.0
07,28,1975,0.0
07,29,1975,0.0
07,30,1975,0.0
07,31,1975,0.0
08,01,1975,0.0
08,02,1975,1.5
08,03,1975,0.0
08,04,1975,0.0
08,05,1975,0.0
08,06,1975,3.5
08,07,1975,14.2
08,08,1975,0.0
08,09,1975,0.0
08,10,1975,4.6
08,11,1975,0.0
08,12,1975,0.0
08,13,1975,4.3
08,14,1975,0.0
08,15,1975,0.0
08,16,1975,0.0
08,17,1975,2.7
08,18,1975,0.0
08,19,1975,2.9
08,20,1975,9.2
08,21,1975,13.1
08,22,1975,13.2
08,23,1975,5.4
08,24,1975,0.0
08,25,1975,0.0
08,26,1975,0.0
08,27,1975,0.0
08,28,1975,0.0
08,29,1975,18.1
08,30,1975,18.7
08,31,1975,2.5
09,01,1975,18.4
09,02,1975,12.3
09,03,1975,3.5
09,04,1975,3.5
09,05,1975,0.0
09,06,1975,0.0
09,07,1975,25.9
09,08,1975,8.6
09,09,1975,66.7
09,10,1975,34.7
09,11,1975,59.0
09,12,1975,35.5
09,13,1975,56.2
09,14,1975,12.2
09,15,1975,1.6
09,16,1975,17.0
09,17,1975,0.0
09,18,1975,0.0
09,19,1975,0.0
09,20,1975,72.9
09,21,1975,26.7
09,22,1975,0.0
09,23,1975,0.0
09,24,1975,0.0
09,25,1975,0.0
09,26,1975,0.0
09,27,1975,0.0
09,28,1975,0.0
09,29,1975,0.0
09,30,1975,0.0
10,01,1975,0.0
10,02,1975,1.1
10,03,1975,0.0
10,04,1975,9.8
10,05,1975,0.0
10,06,1975,0.0
10,07,1975,0.0
10,08,1975,0.0
10,09,1975,0.0
10,10,1975,3.2
10,11,1975,0.0
10,12,1975,0.0
10,13,1975,0.0
10,14,1975,3.8
10,15,1975,0.0
10,16,1975,0.0
10,17,1975,0.7
10,18,1975,1.9
10,19,1975,0.0
10,20,1975,0.0
10,21,1975,0.0
10,22,1975,0.0
10,23,1975,0.0
10,24,1975,0.0
10,25,1975,0.0
10,26,1975,0.0
10,27,1975,0.0
10,28,1975,0.0
10,29,1975,0.0
10,30,1975,0.0
10,31,1975,0.0
11,01,1975,0.0
11,02,1975,0.0
11,03,1975,0.0
11,04,1975,0.0
11,05,1975,0.0
11,06,1975,0.0
11,07,1975,0.0
11,08,1975,0.0
11,09,1975,0.0
11,10,1975,0.0
11,11,1975,0.0
11,12,1975,0.0
11,13,1975,0.0
11,14,1975,0.0
11,15,1975,0.0
11,16,1975,0.0
11,17,1975,0.0
11,18,1975,0.0
11,19,1975,0.0
11,20,1975,0.5
11,21,1975,0.0
11,22,1975,0.0
11,23,1975,0.0
11,24,1975,0.0
11,25,1975,0.0
11,26,1975,0.0
11,27,1975,0.0
11,28,1975,0.0
11,29,1975,0.0
11,30,1975,0.0
12,01,1975,0.0
12,02,1975,0.0
12,03,1975,0.0
12,04,1975,0.0
12,05,1975,0.0
12,06,1975,0.0
12,07,1975,0.0
12,08,1975,0.0
12,09,1975,1.4
12,10,1975,0.0
12,11,1975,0.0
12,12,1975,0.0
12,13,1975,0.0
12,14,1975,0.0
12,15,1975,0.0
12,16,1975,0.0
12,17,1975,0.0
12,18,1975,0.0
12,19,1975,0.0
12,20,1975,1.6
12,21,1975,0.0
12,22,1975,0.0
12,23,1975,0.0
12,24,1975,0.0
12,25,1975,0.5
12,26,1975,1.0
12,27,1975,0.0
12,28,1975,0.0
12,29,1975,0.0
12,30,1975,0.0
12,31,1975,0.0
01,01,1976,0.0
01,02,1976,0.0
01,03,1976,1.0
01,04,1976,0.0
01,05,1976,0.0
01,06,1976,0.0
01,07,1976,0.0
01,08,1976,0.0
01,09,1976,0.0
01,10,1976,0.0
01,11,1976,0.1
01,12,1976,0.0
01,13,1976,0.0
01,14,1976,0.5
01,15,1976,0.0
01,16,1976,0.0
01,17,1976,0.0
01,18,1976,0.0
01,19,1976,0.0
01,20,1976,0.0
01,21,1976,0.0
01,22,1976,0.0
01,23,1976,0.0
01,24,1976,0.0
01,25,1976,0.0
01,26,1976,0.0
01,27,1976,0.0
01,28,1976,0.0
01,29,1976,0.0
01,30,1976,0.0
01,31,1976,0.0
02,01,1976,0.0
02,02,1976,0.6
02,03,1976,0.0
02,04,1976,0.0
02,05,1976,0.0
02,06,1976,0.0
02,07,1976,3.1
02,08,1976,4.1
02,09,1976,0.0
02,10,1976,0.0
02,11,1976,0.0
02,12,1976,0.0
02,13,1976,0.0
02,14,1976,0.0
02,15,1976,0.0
02,16,1976,0.0
02,17,1976,0.0
02,18,1976,0.0
02,19,1976,0.0
02,20,1976,0.0
02,21,1976,0.0
02,22,1976,0.0
02,23,1976,0.0
02,24,1976,0.0
02,25,1976,0.0
02,26,1976,0.0
02,27,1976,0.0
02,28,1976,0.0
02,29,1976,0.0
03,01,1976,0.0
03,02,1976,0.0
03,03,1976,0.0
03,04,1976,0.0
03,05,1976,0.0
03,06,1976,0.0
03,07,1976,0.0
03,08,1976,0.0
03,09,1976,0.0
03,10,1976,0.0
03,11,1976,0.0
03,12,1976,0.0
03,13,1976,0.0
03,14,1976,0.0
03,15,1976,0.0
03,16,1976,0.0
03,17,1976,0.0
03,18,1976,0.0
03,19,1976,0.0
03,20,1976,0.0
03,21,1976,0.0
03,22,1976,0.0
03,23,1976,0.0
03,24,1976,0.0
03,25,1976,0.0
03,26,1976,0.0
03,27,1976,0.0
03,28,1976,0.0
03,29,1976,0.0
03,30,1976,0.0
03,31,1976,4.7
04,01,1976,0.0
04,02,1976,0.0
04,03,1976,0.0
04,04,1976,19.5
04,05,1976,0.6
04,06,1976,0.0
04,07,1976,0.0
04,08,1976,0.0
04,09,1976,0.0
04,10,1976,0.0
04,11,1976,0.0
04,12,1976,0.0
04,13,1976,0.0
04,14,1976,0.0
04,15,1976,0.0
04,16,1976,0.0
04,17,1976,0.0
04,18,1976,48.9
04,19,1976,0.0
04,20,1976,0.0
04,21,1976,0.4
04,22,1976,0.0
04,23,1976,0.0
04,24,1976,0.0
04,25,1976,0.0
04,26,1976,0.0
04,27,1976,0.0
04,28,1976,0.0
04,29,1976,7.6
04,30,1976,0.0
05,01,1976,9.0
05,02,1976,3.9
05,03,1976,0.6
05,04,1976,0.0
05,05,1976,0.0
05,06,1976,0.0
05,07,1976,0.0
05,08,1976,0.0
05,09,1976,0.0
05,10,1976,0.0
05,11,1976,0.0
05,12,1976,0.0
05,13,1976,1.5
05,14,1976,0.3
05,15,1976,0.0
05,16,1976,0.0
05,17,1976,0.0
05,18,1976,37.7
05,19,1976,0.0
05,20,1976,3.3
05,21,1976,0.0
05,22,1976,0.0
05,23,1976,0.0
05,24,1976,0.0
05,25,1976,0.0
05,26,1976,0.0
05,27,1976,0.0
05,28,1976,4.3
05,29,1976,0.0
05,30,1976,0.0
05,31,1976,0.0
06,01,1976,0.0
06,02,1976,0.0
06,03,1976,0.0
06,04,1976,13.0
06,05,1976,15.5
06,06,1976,0.0
06,07,1976,0.0
06,08,1976,0.0
06,09,1976,0.0
06,10,1976,0.0
06,11,1976,14.4
06,12,1976,1.8
06,13,1976,0.0
06,14,1976,0.0
06,15,1976,0.5
06,16,1976,0.0
06,17,1976,0.0
06,18,1976,4.4
06,19,1976,10.9
06,20,1976,0.6
06,21,1976,23.0
06,22,1976,0.7
06,23,1976,1.4
06,24,1976,17.0
06,25,1976,1.8
06,26,1976,140.1
06,27,1976,73.7
06,28,1976,36.2
06,29,1976,29.4
06,30,1976,10.0
07,01,1976,35.7
07,02,1976,21.2
07,03,1976,1.2
07,04,1976,0.0
07,05,1976,1.7
07,06,1976,99.5
07,07,1976,12.3
07,08,1976,7.5
07,09,1976,0.0
07,10,1976,0.0
07,11,1976,0.0
07,12,1976,3.6
07,13,1976,0.0
07,14,1976,0.6
07,15,1976,2.0
07,16,1976,0.0
07,17,1976,0.0
07,18,1976,0.0
07,19,1976,0.7
07,20,1976,0.0
07,21,1976,0.0
07,22,1976,0.0
07,23,1976,5.5
07,24,1976,0.0
07,25,1976,1.7
07,26,1976,0.0
07,27,1976,0.0
07,28,1976,0.0
07,29,1976,0.0
07,30,1976,0.3
07,31,1976,0.0
08,01,1976,0.0
08,02,1976,0.0
08,03,1976,0.0
08,04,1976,0.0
08,05,1976,0.0
08,06,1976,0.0
08,07,1976,19.4
08,08,1976,0.0
08,09,1976,0.0
08,10,1976,0.0
08,11,1976,4.4
08,12,1976,0.0
08,13,1976,0.0
08,14,1976,0.4
08,15,1976,0.4
08,16,1976,41.8
08,17,1976,0.0
08,18,1976,0.0
08,19,1976,0.0
08,20,1976,0.0
08,21,1976,0.0
08,22,1976,8.0
08,23,1976,0.0
08,24,1976,0.0
08,25,1976,0.0
08,26,1976,0.4
08,27,1976,9.0
08,28,1976,17.0
08,29,1976,0.0
08,30,1976,0.0
08,31,1976,0.0
09,01,1976,0.0
09,02,1976,26.5
09,03,1976,34.0
09,04,1976,0.0
09,05,1976,0.0
09,06,1976,0.0
09,07,1976,0.0
09,08,1976,9.4
09,09,1976,1.5
09,10,1976,1.5
09,11,1976,0.0
09,12,1976,0.0
09,13,1976,9.7
09,14,1976,0.0
09,15,1976,0.0
09,16,1976,0.0
09,17,1976,0.0
09,18,1976,0.0
09,19,1976,0.0
09,20,1976,0.0
09,21,1976,1.4
09,22,1976,0.0
09,23,1976,0.0
09,24,1976,0.0
09,25,1976,0.0
09,26,1976,0.0
09,27,1976,0.0
09,28,1976,0.0
09,29,1976,0.0
09,30,1976,0.0
10,01,1976,0.7
10,02,1976,0.0
10,03,1976,0.0
10,04,1976,0.0
10,05,1976,0.0
10,06,1976,0.7
10,07,1976,6.7
10,08,1976,0.7
10,09,1976,0.0
10,10,1976,0.0
10,11,1976,0.0
10,12,1976,0.0
10,13,1976,0.0
10,14,1976,0.0
10,15,1976,0.0
10,16,1976,7.1
10,17,1976,0.0
10,18,1976,0.0
10,19,1976,0.0
10,20,1976,3.0
10,21,1976,0.0
10,22,1976,0.0
10,23,1976,0.0
10,24,1976,0.0
10,25,1976,0.0
10,26,1976,1.1
10,27,1976,0.0
10,28,1976,0.0
10,29,1976,1.0
10,30,1976,0.0
10,31,1976,0.0
11,01,1976,1.5
11,02,1976,0.2
11,03,1976,0.0
11,04,1976,0.0
11,05,1976,0.0
11,06,1976,0.0
11,07,1976,0.0
11,08,1976,0.0
11,09,1976,0.0
11,10,1976,0.0
11,11,1976,0.0
11,12,1976,0.0
11,13,1976,0.0
11,14,1976,0.0
11,15,1976,0.0
11,16,1976,4.3
11,17,1976,1.2
11,18,1976,0.9
11,19,1976,0.0
11,20,1976,0.0
11,21,1976,0.0
11,22,1976,8.0
11,23,1976,0.0
11,24,1976,2.0
11,25,1976,0.0
11,26,1976,0.0
11,27,1976,0.0
11,28,1976,1.3
11,29,1976,0.4
11,30,1976,0.0
12,01,1976,0.0
12,02,1976,0.2
12,03,1976,0.0
12,04,1976,0.0
12,05,1976,0.0
12,06,1976,0.0
12,07,1976,3.3
12,08,1976,0.0
12,09,1976,0.0
12,10,1976,0.0
12,11,1976,0.0
12,12,1976,0.0
12,13,1976,0.3
12,14,1976,0.9
12,15,1976,1.5
12,16,1976,0.0
12,17,1976,0.0
12,18,1976,0.0
12,19,1976,0.0
12,20,1976,0.4
12,21,1976,0.0
12,22,1976,0.0
12,23,1976,0.0
12,24,1976,0.0
12,25,1976,0.0
12,26,1976,0.0
12,27,1976,0.0
12,28,1976,0.0
12,29,1976,0.0
12,30,1976,0.0
12,31,1976,0.0
01,01,1977,0.0
01,02,1977,0.0
01,03,1977,0.0
01,04,1977,0.0
01,05,1977,0.0
01,06,1977,0.0
01,07,1977,0.0
01,08,1977,0.0
01,09,1977,0.4
01,10,1977,0.0
01,11,1977,0.0
01,12,1977,0.0
01,13,1977,0.0
01,14,1977,0.0
01,15,1977,0.0
01,16,1977,0.0
01,17,1977,0.4
01,18,1977,8.0
01,19,1977,0.0
01,20,1977,0.0
01,21,1977,0.0
01,22,1977,0.0
01,23,1977,0.0
01,24,1977,0.0
01,25,1977,0.0
01,26,1977,0.0
01,27,1977,0.0
01,28,1977,0.0
01,29,1977,0.0
01,30,1977,0.0
01,31,1977,0.0
02,01,1977,0.0
02,02,1977,0.0
02,03,1977,0.0
02,04,1977,0.0
02,05,1977,0.0
02,06,1977,0.0
02,07,1977,0.0
02,08,1977,0.0
02,09,1977,0.4
02,10,1977,0.0
02,11,1977,0.0
02,12,1977,0.0
02,13,1977,0.0
02,14,1977,0.0
02,15,1977,0.0
02,16,1977,0.0
02,17,1977,0.4
02,18,1977,8.0
02,19,1977,0.0
02,20,1977,0.0
02,21,1977,0.0
02,22,1977,0.0
02,23,1977,0.0
02,24,1977,0.0
02,25,1977,0.0
02,26,1977,0.0
02,27,1977,0.0
02,28,1977,0.0
03,01,1977,0.0
03,02,1977,0.0
03,03,1977,0.0
03,04,1977,0.0
03,05,1977,0.0
03,06,1977,2.2
03,07,1977,0.0
03,08,1977,0.0
03,09,1977,0.0
03,10,1977,0.0
03,11,1977,0.0
03,12,1977,0.0
03,13,1977,0.0
03,14,1977,0.0
03,15,1977,0.0
03,16,1977,0.0
03,17,1977,0.0
03,18,1977,0.0
03,19,1977,0.0
03,20,1977,0.0
03,21,1977,0.0
03,22,1977,0.0
03,23,1977,0.0
03,24,1977,0.0
03,25,1977,0.0
03,26,1977,0.0
03,27,1977,0.0
03,28,1977,0.0
03,29,1977,0.0
03,30,1977,0.0
03,31,1977,0.0
04,01,1977,0.0
04,02,1977,0.0
04,03,1977,0.0
04,04,1977,0.0
04,05,1977,0.0
04,06,1977,0.0
04,07,1977,0.0
04,08,1977,0.0
04,09,1977,0.0
04,10,1977,0.0
04,11,1977,0.0
04,12,1977,0.0
04,13,1977,1.5
04,14,1977,0.3
04,15,1977,0.0
04,16,1977,0.0
04,17,1977,0.0
04,18,1977,0.0
04,19,1977,0.0
04,20,1977,0.0
04,21,1977,1.0
04,22,1977,26.0
04,23,1977,0.0
04,24,1977,0.0
04,25,1977,2.0
04,26,1977,1.3
04,27,1977,0.0
04,28,1977,0.0
04,29,1977,0.0
04,30,1977,0.0
05,01,1977,0.0
05,02,1977,0.0
05,03,1977,0.0
05,04,1977,0.0
05,05,1977,0.0
05,06,1977,0.0
05,07,1977,0.0
05,08,1977,0.3
05,09,1977,0.0
05,10,1977,0.0
05,11,1977,1.9
05,12,1977,0.0
05,13,1977,2.5
05,14,1977,0.2
05,15,1977,0.0
05,16,1977,0.0
05,17,1977,4.3
05,18,1977,0.0
05,19,1977,0.0
05,20,1977,0.0
05,21,1977,0.0
05,22,1977,0.0
05,23,1977,0.0
05,24,1977,6.7
05,25,1977,0.5
05,26,1977,0.0
05,27,1977,1.0
05,28,1977,0.0
05,29,1977,0.0
05,30,1977,0.0
05,31,1977,0.0
06,01,1977,0.0
06,02,1977,0.0
06,03,1977,0.0
06,04,1977,0.0
06,05,1977,0.2
06,06,1977,0.0
06,07,1977,39.0
06,08,1977,0.0
06,09,1977,0.0
06,10,1977,0.0
06,11,1977,4.0
06,12,1977,0.0
06,13,1977,22.4
06,14,1977,0.0
06,15,1977,5.9
06,16,1977,0.2
06,17,1977,12.3
06,18,1977,20.0
06,19,1977,28.4
06,20,1977,2.0
06,21,1977,0.0
06,22,1977,4.5
06,23,1977,17.0
06,24,1977,0.0
06,25,1977,0.0
06,26,1977,0.0
06,27,1977,0.0
06,28,1977,0.0
06,29,1977,0.0
06,30,1977,0.0
07,01,1977,0.0
07,02,1977,9.0
07,03,1977,0.0
07,04,1977,0.0
07,05,1977,13.6
07,06,1977,0.0
07,07,1977,5.7
07,08,1977,0.0
07,09,1977,0.0
07,10,1977,0.0
07,11,1977,0.2
07,12,1977,3.3
07,13,1977,6.8
07,14,1977,5.3
07,15,1977,0.0
07,16,1977,0.0
07,17,1977,0.0
07,18,1977,0.0
07,19,1977,0.0
07,20,1977,0.0
07,21,1977,0.0
07,22,1977,0.0
07,23,1977,7.3
07,24,1977,0.0
07,25,1977,0.0
07,26,1977,0.0
07,27,1977,0.0
07,28,1977,0.0
07,29,1977,0.0
07,30,1977,0.6
07,31,1977,0.0
08,01,1977,3.7
08,02,1977,0.0
08,03,1977,0.0
08,04,1977,20.0
08,05,1977,31.1
08,06,1977,0.0
08,07,1977,0.0
08,08,1977,13.3
08,09,1977,9.5
08,10,1977,9.6
08,11,1977,0.0
08,12,1977,0.0
08,13,1977,0.0
08,14,1977,0.0
08,15,1977,8.5
08,16,1977,0.0
08,17,1977,3.0
08,18,1977,0.0
08,19,1977,0.0
08,20,1977,0.0
08,21,1977,0.0
08,22,1977,0.0
08,23,1977,0.0
08,24,1977,0.0
08,25,1977,0.0
08,26,1977,0.0
08,27,1977,54.0
08,28,1977,0.0
08,29,1977,0.0
08,30,1977,0.0
08,31,1977,0.0
09,01,1977,10.2
09,02,1977,14.0
09,03,1977,0.0
09,04,1977,0.0
09,05,1977,0.0
09,06,1977,0.0
09,07,1977,0.0
09,08,1977,3.3
09,09,1977,0.2
09,10,1977,0.0
09,11,1977,0.0
09,12,1977,0.0
09,13,1977,0.3
09,14,1977,3.5
09,15,1977,0.0
09,16,1977,18.2
09,17,1977,13.7
09,18,1977,0.0
09,19,1977,0.0
09,20,1977,1.3
09,21,1977,0.0
09,22,1977,0.0
09,23,1977,0.0
09,24,1977,2.8
09,25,1977,0.0
09,26,1977,3.8
09,27,1977,0.0
09,28,1977,0.0
09,29,1977,0.0
09,30,1977,0.1
10,01,1977,2.2
10,02,1977,15.1
10,03,1977,0.2
10,04,1977,0.0
10,05,1977,0.0
10,06,1977,0.0
10,07,1977,0.0
10,08,1977,0.0
10,09,1977,0.0
10,10,1977,0.0
10,11,1977,10.7
10,12,1977,10.2
10,13,1977,0.0
10,14,1977,0.0
10,15,1977,0.0
10,16,1977,0.0
10,17,1977,0.0
10,18,1977,0.0
10,19,1977,0.0
10,20,1977,0.0
10,21,1977,1.5
10,22,1977,0.0
10,23,1977,2.5
10,24,1977,0.0
10,25,1977,1.0
10,26,1977,0.0
10,27,1977,0.0
10,28,1977,26.6
10,29,1977,0.0
10,30,1977,0.0
10,31,1977,0.0
11,01,1977,0.0
11,02,1977,4.5
11,03,1977,0.0
11,04,1977,0.0
11,05,1977,0.0
11,06,1977,0.0
11,07,1977,0.0
11,08,1977,0.0
11,09,1977,0.0
11,10,1977,0.7
11,11,1977,0.3
11,12,1977,0.5
11,13,1977,0.0
11,14,1977,0.0
11,15,1977,0.0
11,16,1977,0.0
11,17,1977,0.0
11,18,1977,0.0
11,19,1977,0.0
11,20,1977,0.0
11,21,1977,0.0
11,22,1977,0.0
11,23,1977,0.0
11,24,1977,1.0
11,25,1977,0.0
11,26,1977,0.0
11,27,1977,0.0
11,28,1977,0.0
11,29,1977,0.0
11,30,1977,0.0
12,01,1977,0.0
12,02,1977,0.0
12,03,1977,0.0
12,04,1977,0.0
12,05,1977,0.0
12,06,1977,0.6
12,07,1977,0.4
12,08,1977,0.0
12,09,1977,0.0
12,10,1977,1.7
12,11,1977,0.0
12,12,1977,0.0
12,13,1977,2.5
12,14,1977,0.0
12,15,1977,0.0
12,16,1977,0.0
12,17,1977,0.0
12,18,1977,0.0
12,19,1977,0.0
12,20,1977,0.0
12,21,1977,0.0
12,22,1977,0.0
12,23,1977,0.0
12,24,1977,0.0
12,25,1977,0.0
12,26,1977,0.0
12,27,1977,0.0
12,28,1977,0.0
12,29,1977,0.0
12,30,1977,0.0
12,31,1977,0.0
01,01,1978,0.0
01,02,1978,0.0
01,03,1978,0.0
01,04,1978,0.0
01,05,1978,0.0
01,06,1978,0.0
01,07,1978,0.0
01,08,1978,4.6
01,09,1978,0.0
01,10,1978,0.0
01,11,1978,0.0
01,12,1978,0.0
01,13,1978,5.5
01,14,1978,0.5
01,15,1978,0.0
01,16,1978,0.0
01,17,1978,0.0
01,18,1978,0.6
01,19,1978,0.0
01,20,1978,0.0
01,21,1978,0.0
01,22,1978,0.0
01,23,1978,0.0
01,24,1978,0.0
01,25,1978,0.1
01,26,1978,0.0
01,27,1978,0.0
01,28,1978,3.6
01,29,1978,0.0
01,30,1978,0.0
01,31,1978,0.0
02,01,1978,0.0
02,02,1978,0.0
02,03,1978,0.0
02,04,1978,0.0
02,05,1978,0.0
02,06,1978,0.0
02,07,1978,0.0
02,08,1978,0.4
02,09,1978,0.0
02,10,1978,0.0
02,11,1978,0.0
02,12,1978,0.0
02,13,1978,0.4
02,14,1978,0.0
02,15,1978,0.3
02,16,1978,0.8
02,17,1978,0.0
02,18,1978,0.2
02,19,1978,0.2
02,20,1978,0.0
02,21,1978,0.0
02,22,1978,0.4
02,23,1978,0.0
02,24,1978,0.0
02,25,1978,0.0
02,26,1978,0.0
02,27,1978,0.0
02,28,1978,0.0
03,01,1978,0.0
03,02,1978,0.0
03,03,1978,0.0
03,04,1978,0.2
03,05,1978,0.0
03,06,1978,0.0
03,07,1978,0.0
03,08,1978,0.0
03,09,1978,0.0
03,10,1978,0.0
03,11,1978,0.0
03,12,1978,0.0
03,13,1978,0.0
03,14,1978,0.0
03,15,1978,0.0
03,16,1978,0.8
03,17,1978,0.0
03,18,1978,0.0
03,19,1978,0.0
03,20,1978,0.0
03,21,1978,0.0
03,22,1978,0.0
03,23,1978,0.0
03,24,1978,0.7
03,25,1978,2.2
03,26,1978,20.2
03,27,1978,0.0
03,28,1978,0.0
03,29,1978,1.3
03,30,1978,1.8
03,31,1978,0.0
04,01,1978,0.0
04,02,1978,0.0
04,03,1978,0.0
04,04,1978,0.0
04,05,1978,0.0
04,06,1978,0.0
04,07,1978,0.0
04,08,1978,0.0
04,09,1978,0.0
04,10,1978,0.0
04,11,1978,0.0
04,12,1978,0.0
04,13,1978,0.0
04,14,1978,0.0
04,15,1978,0.0
04,16,1978,0.0
04,17,1978,0.0
04,18,1978,0.0
04,19,1978,0.0
04,20,1978,0.0
04,21,1978,0.0
04,22,1978,0.0
04,23,1978,5.0
04,24,1978,0.0
04,25,1978,0.4
04,26,1978,0.0
04,27,1978,0.0
04,28,1978,0.0
04,29,1978,0.0
04,30,1978,0.0
05,01,1978,0.0
05,02,1978,0.0
05,03,1978,0.0
05,04,1978,0.0
05,05,1978,0.0
05,06,1978,0.0
05,07,1978,0.0
05,08,1978,0.0
05,09,1978,0.0
05,10,1978,0.0
05,11,1978,0.0
05,12,1978,0.0
05,13,1978,0.0
05,14,1978,0.0
05,15,1978,0.0
05,16,1978,2.7
05,17,1978,0.9
05,18,1978,0.0
05,19,1978,0.0
05,20,1978,0.0
05,21,1978,17.9
05,22,1978,0.0
05,23,1978,0.0
05,24,1978,0.0
05,25,1978,0.0
05,26,1978,0.0
05,27,1978,0.0
05,28,1978,0.0
05,29,1978,0.0
05,30,1978,3.3
05,31,1978,18.3
06,01,1978,0.0
06,02,1978,0.0
06,03,1978,0.0
06,04,1978,0.0
06,05,1978,0.0
06,06,1978,0.0
06,07,1978,2.4
06,08,1978,8.0
06,09,1978,0.0
06,10,1978,0.0
06,11,1978,0.0
06,12,1978,2.3
06,13,1978,0.0
06,14,1978,0.0
06,15,1978,0.0
06,16,1978,20.0
06,17,1978,0.0
06,18,1978,0.0
06,19,1978,0.0
06,20,1978,5.0
06,21,1978,13.0
06,22,1978,3.3
06,23,1978,33.9
06,24,1978,3.4
06,25,1978,0.0
06,26,1978,0.0
06,27,1978,10.3
06,28,1978,0.6
06,29,1978,0.0
06,30,1978,0.0
07,01,1978,0.2
07,02,1978,0.0
07,03,1978,0.0
07,04,1978,15.9
07,05,1978,0.3
07,06,1978,15.4
07,07,1978,0.0
07,08,1978,0.0
07,09,1978,3.0
07,10,1978,0.2
07,11,1978,2.3
07,12,1978,0.0
07,13,1978,1.1
07,14,1978,0.0
07,15,1978,0.0
07,16,1978,0.0
07,17,1978,10.8
07,18,1978,0.6
07,19,1978,0.2
07,20,1978,0.0
07,21,1978,0.0
07,22,1978,31.2
07,23,1978,26.0
07,24,1978,8.8
07,25,1978,4.8
07,26,1978,3.7
07,27,1978,1.8
07,28,1978,0.0
07,29,1978,0.0
07,30,1978,0.0
07,31,1978,0.0
08,01,1978,0.0
08,02,1978,0.0
08,03,1978,0.0
08,04,1978,0.0
08,05,1978,0.0
08,06,1978,1.5
08,07,1978,37.0
08,08,1978,0.8
08,09,1978,0.0
08,10,1978,0.0
08,11,1978,0.0
08,12,1978,1.9
08,13,1978,14.8
08,14,1978,0.0
08,15,1978,0.0
08,16,1978,0.0
08,17,1978,0.0
08,18,1978,0.0
08,19,1978,2.4
08,20,1978,11.3
08,21,1978,0.4
08,22,1978,0.0
08,23,1978,0.0
08,24,1978,1.0
08,25,1978,16.8
08,26,1978,20.2
08,27,1978,0.0
08,28,1978,0.0
08,29,1978,0.0
08,30,1978,0.0
08,31,1978,47.1
09,01,1978,0.0
09,02,1978,7.8
09,03,1978,2.3
09,04,1978,0.0
09,05,1978,22.5
09,06,1978,15.9
09,07,1978,0.0
09,08,1978,7.0
09,09,1978,1.9
09,10,1978,0.0
09,11,1978,0.0
09,12,1978,0.0
09,13,1978,0.0
09,14,1978,0.0
09,15,1978,0.0
09,16,1978,0.0
09,17,1978,0.0
09,18,1978,0.0
09,19,1978,42.2
09,20,1978,0.0
09,21,1978,0.0
09,22,1978,40.5
09,23,1978,19.4
09,24,1978,2.8
09,25,1978,0.0
09,26,1978,0.0
09,27,1978,0.0
09,28,1978,38.8
09,29,1978,6.0
09,30,1978,4.0
10,01,1978,4.0
10,02,1978,0.0
10,03,1978,0.0
10,04,1978,0.0
10,05,1978,2.4
10,06,1978,6.7
10,07,1978,0.0
10,08,1978,0.5
10,09,1978,0.5
10,10,1978,0.0
10,11,1978,1.3
10,12,1978,17.4
10,13,1978,1.2
10,14,1978,0.0
10,15,1978,0.0
10,16,1978,0.0
10,17,1978,0.0
10,18,1978,0.0
10,19,1978,0.0
10,20,1978,0.0
10,21,1978,0.0
10,22,1978,0.0
10,23,1978,0.0
10,24,1978,0.0
10,25,1978,0.0
10,26,1978,20.0
10,27,1978,2.0
10,28,1978,0.0
10,29,1978,0.0
10,30,1978,0.0
10,31,1978,0.0
11,01,1978,0.0
11,02,1978,3.0
11,03,1978,5.3
11,04,1978,0.0
11,05,1978,0.0
11,06,1978,0.0
11,07,1978,0.0
11,08,1978,0.0
11,09,1978,0.0
11,10,1978,0.0
11,11,1978,0.0
11,12,1978,0.0
11,13,1978,0.0
11,14,1978,0.0
11,15,1978,0.0
11,16,1978,0.0
11,17,1978,0.0
11,18,1978,0.0
11,19,1978,6.3
11,20,1978,1.2
11,21,1978,0.3
11,22,1978,0.5
11,23,1978,0.0
11,24,1978,0.0
11,25,1978,0.0
11,26,1978,0.0
11,27,1978,0.0
11,28,1978,0.0
11,29,1978,0.0
11,30,1978,0.0
12,01,1978,0.0
12,02,1978,0.0
12,03,1978,0.0
12,04,1978,0.0
12,05,1978,0.0
12,06,1978,0.0
12,07,1978,0.0
12,08,1978,10.7
12,09,1978,0.0
12,10,1978,0.0
12,11,1978,3.0
12,12,1978,0.0
12,13,1978,0.3
12,14,1978,0.0
12,15,1978,0.0
12,16,1978,0.0
12,17,1978,0.0
12,18,1978,0.0
12,19,1978,0.0
12,20,1978,0.0
12,21,1978,0.0
12,22,1978,0.0
12,23,1978,0.0
12,24,1978,0.0
12,25,1978,0.0
12,26,1978,0.0
12,27,1978,2.5
12,28,1978,0.0
12,29,1978,0.0
12,30,1978,0.0
12,31,1978,0.0
01,01,1979,0.0
01,02,1979,0.0
01,03,1979,0.0
01,04,1979,0.0
01,05,1979,0.0
01,06,1979,0.0
01,07,1979,0.0
01,08,1979,0.0
01,09,1979,0.0
01,10,1979,0.0
01,11,1979,0.0
01,12,1979,0.0
01,13,1979,0.0
01,14,1979,0.0
01,15,1979,0.0
01,16,1979,0.0
01,17,1979,0.0
01,18,1979,0.0
01,19,1979,0.0
01,20,1979,0.3
01,21,1979,0.0
01,22,1979,0.0
01,23,1979,0.0
01,24,1979,0.0
01,25,1979,0.0
01,26,1979,0.0
01,27,1979,1.0
01,28,1979,2.9
01,29,1979,0.0
01,30,1979,0.0
01,31,1979,1.0
02,01,1979,0.0
02,02,1979,0.0
02,03,1979,0.0
02,04,1979,0.0
02,05,1979,0.0
02,06,1979,0.0
02,07,1979,6.0
02,08,1979,0.0
02,09,1979,0.0
02,10,1979,0.0
02,11,1979,0.0
02,12,1979,1.2
02,13,1979,0.0
02,14,1979,0.0
02,15,1979,0.0
02,16,1979,0.0
02,17,1979,0.0
02,18,1979,0.0
02,19,1979,0.0
02,20,1979,0.0
02,21,1979,0.0
02,22,1979,0.0
02,23,1979,0.0
02,24,1979,0.0
02,25,1979,0.0
02,26,1979,0.0
02,27,1979,0.0
02,28,1979,0.0
03,01,1979,0.0
03,02,1979,0.0
03,03,1979,0.0
03,04,1979,0.0
03,05,1979,0.0
03,06,1979,0.0
03,07,1979,0.0
03,08,1979,0.0
03,09,1979,0.0
03,10,1979,0.0
03,11,1979,0.0
03,12,1979,0.0
03,13,1979,0.0
03,14,1979,0.0
03,15,1979,0.4
03,16,1979,0.0
03,17,1979,0.0
03,18,1979,0.0
03,19,1979,0.0
03,20,1979,0.0
03,21,1979,0.0
03,22,1979,0.0
03,23,1979,0.0
03,24,1979,0.3
03,25,1979,0.0
03,26,1979,0.0
03,27,1979,0.0
03,28,1979,0.0
03,29,1979,0.0
03,30,1979,0.0
03,31,1979,0.0
04,01,1979,0.0
04,02,1979,0.2
04,03,1979,0.0
04,04,1979,1.2
04,05,1979,0.0
04,06,1979,0.0
04,07,1979,0.0
04,08,1979,0.0
04,09,1979,0.0
04,10,1979,0.0
04,11,1979,0.0
04,12,1979,0.0
04,13,1979,0.0
04,14,1979,0.0
04,15,1979,0.0
04,16,1979,0.0
04,17,1979,0.0
04,18,1979,0.0
04,19,1979,0.0
04,20,1979,0.0
04,21,1979,9.3
04,22,1979,3.0
04,23,1979,1.2
04,24,1979,1.2
04,25,1979,0.0
04,26,1979,0.0
04,27,1979,0.0
04,28,1979,0.4
04,29,1979,0.0
04,30,1979,2.1
05,01,1979,0.0
05,02,1979,0.0
05,03,1979,0.0
05,04,1979,20.0
05,05,1979,12.0
05,06,1979,0.0
05,07,1979,0.0
05,08,1979,0.0
05,09,1979,0.0
05,10,1979,0.0
05,11,1979,0.0
05,12,1979,1.5
05,13,1979,0.0
05,14,1979,0.0
05,15,1979,0.0
05,16,1979,0.5
05,17,1979,0.0
05,18,1979,0.0
05,19,1979,0.0
05,20,1979,0.0
05,21,1979,0.0
05,22,1979,0.0
05,23,1979,11.0
05,24,1979,0.0
05,25,1979,32.0
05,26,1979,0.2
05,27,1979,0.0
05,28,1979,0.0
05,29,1979,0.0
05,30,1979,0.0
05,31,1979,38.0
06,01,1979,6.5
06,02,1979,26.4
06,03,1979,25.5
06,04,1979,3.3
06,05,1979,0.0
06,06,1979,0.0
06,07,1979,0.0
06,08,1979,0.4
06,09,1979,3.0
06,10,1979,0.0
06,11,1979,0.0
06,12,1979,0.0
06,13,1979,0.0
06,14,1979,0.0
06,15,1979,0.0
06,16,1979,0.0
06,17,1979,0.0
06,18,1979,0.0
06,19,1979,0.0
06,20,1979,0.0
06,21,1979,2.3
06,22,1979,0.0
06,23,1979,9.8
06,24,1979,14.3
06,25,1979,0.0
06,26,1979,0.0
06,27,1979,0.0
06,28,1979,1.0
06,29,1979,0.0
06,30,1979,0.0
07,01,1979,0.0
07,02,1979,0.0
07,03,1979,4.6
07,04,1979,6.4
07,05,1979,0.0
07,06,1979,0.0
07,07,1979,40.7
07,08,1979,18.6
07,09,1979,4.0
07,10,1979,11.1
07,11,1979,1.1
07,12,1979,0.0
07,13,1979,0.0
07,14,1979,2.1
07,15,1979,0.0
07,16,1979,0.0
07,17,1979,0.0
07,18,1979,0.0
07,19,1979,0.0
07,20,1979,0.0
07,21,1979,0.0
07,22,1979,0.0
07,23,1979,1.2
07,24,1979,0.0
07,25,1979,0.0
07,26,1979,0.0
07,27,1979,0.0
07,28,1979,0.0
07,29,1979,0.0
07,30,1979,4.2
07,31,1979,0.0
08,01,1979,1.9
08,02,1979,0.0
08,03,1979,1.2
08,04,1979,4.2
08,05,1979,100.7
08,06,1979,0.0
08,07,1979,0.0
08,08,1979,4.7
08,09,1979,3.4
08,10,1979,1.0
08,11,1979,0.0
08,12,1979,2.1
08,13,1979,15.2
08,14,1979,8.4
08,15,1979,0.0
08,16,1979,1.8
08,17,1979,0.0
08,18,1979,0.0
08,19,1979,0.0
08,20,1979,0.0
08,21,1979,16.4
08,22,1979,4.0
08,23,1979,0.0
08,24,1979,33.5
08,25,1979,16.4
08,26,1979,4.0
08,27,1979,40.8
08,28,1979,0.0
08,29,1979,14.9
08,30,1979,2.9
08,31,1979,0.0
09,01,1979,0.0
09,02,1979,0.0
09,03,1979,0.0
09,04,1979,1.2
09,05,1979,0.9
09,06,1979,44.1
09,07,1979,4.5
09,08,1979,57.2
09,09,1979,0.0
09,10,1979,0.2
09,11,1979,0.6
09,12,1979,5.0
09,13,1979,0.0
09,14,1979,0.0
09,15,1979,25.1
09,16,1979,36.4
09,17,1979,33.5
09,18,1979,0.2
09,19,1979,0.8
09,20,1979,3.5
09,21,1979,0.0
09,22,1979,0.0
09,23,1979,0.0
09,24,1979,0.0
09,25,1979,0.0
09,26,1979,0.0
09,27,1979,0.0
09,28,1979,0.0
09,29,1979,0.0
09,30,1979,0.0
10,01,1979,0.0
10,02,1979,0.0
10,03,1979,0.0
10,04,1979,0.0
10,05,1979,0.0
10,06,1979,0.0
10,07,1979,0.0
10,08,1979,0.0
10,09,1979,0.0
10,10,1979,0.0
10,11,1979,0.0
10,12,1979,0.0
10,13,1979,0.0
10,14,1979,0.0
10,15,1979,0.0
10,16,1979,0.0
10,17,1979,0.0
10,18,1979,0.0
10,19,1979,0.0
10,20,1979,0.0
10,21,1979,0.0
10,22,1979,24.0
10,23,1979,0.0
10,24,1979,0.0
10,25,1979,0.0
10,26,1979,0.0
10,27,1979,0.0
10,28,1979,0.0
10,29,1979,2.2
10,30,1979,0.0
10,31,1979,0.0
11,01,1979,0.2
11,02,1979,2.9
11,03,1979,1.1
11,04,1979,0.0
11,05,1979,0.0
11,06,1979,0.0
11,07,1979,0.0
11,08,1979,0.0
11,09,1979,0.0
11,10,1979,0.0
11,11,1979,1.0
11,12,1979,0.0
11,13,1979,0.0
11,14,1979,0.0
11,15,1979,0.0
11,16,1979,0.0
11,17,1979,0.0
11,18,1979,0.0
11,19,1979,0.0
11,20,1979,0.0
11,21,1979,0.0
11,22,1979,3.3
11,23,1979,1.6
11,24,1979,0.0
11,25,1979,0.0
11,26,1979,0.0
11,27,1979,0.0
11,28,1979,0.0
11,29,1979,0.0
11,30,1979,0.0
12,01,1979,0.1
12,02,1979,3.9
12,03,1979,10.2
12,04,1979,4.5
12,05,1979,0.0
12,06,1979,0.0
12,07,1979,0.0
12,08,1979,0.0
12,09,1979,0.0
12,10,1979,2.7
12,11,1979,0.0
12,12,1979,0.3
12,13,1979,0.0
12,14,1979,5.0
12,15,1979,4.6
12,16,1979,0.0
12,17,1979,0.0
12,18,1979,0.0
12,19,1979,0.0
12,20,1979,0.0
12,21,1979,0.0
12,22,1979,0.0
12,23,1979,0.0
12,24,1979,0.0
12,25,1979,0.0
12,26,1979,0.0
12,27,1979,0.0
12,28,1979,0.0
12,29,1979,0.0
12,30,1979,0.0
12,31,1979,0.0
01,01,1980,5.0
01,02,1980,0.0
01,03,1980,0.4
01,04,1980,0.0
01,05,1980,0.2
01,06,1980,0.0
01,07,1980,0.0
01,08,1980,0.0
01,09,1980,0.0
01,10,1980,0.0
01,11,1980,0.2
01,12,1980,0.5
01,13,1980,0.0
01,14,1980,0.0
01,15,1980,0.0
01,16,1980,0.0
01,17,1980,0.0
01,18,1980,0.0
01,19,1980,0.0
01,20,1980,5.3
01,21,1980,0.0
01,22,1980,0.4
01,23,1980,0.4
01,24,1980,0.0
01,25,1980,5.1
01,26,1980,0.0
01,27,1980,0.0
01,28,1980,0.0
01,29,1980,0.0
01,30,1980,0.0
01,31,1980,0.0
02,01,1980,0.0
02,02,1980,0.0
02,03,1980,0.0
02,04,1980,0.0
02,05,1980,0.0
02,06,1980,0.0
02,07,1980,0.0
02,08,1980,0.0
02,09,1980,1.0
02,10,1980,0.2
02,11,1980,0.0
02,12,1980,0.0
02,13,1980,0.0
02,14,1980,0.0
02,15,1980,0.0
02,16,1980,1.0
02,17,1980,1.7
02,18,1980,0.0
02,19,1980,0.0
02,20,1980,0.0
02,21,1980,0.0
02,22,1980,0.0
02,23,1980,0.0
02,24,1980,0.0
02,25,1980,5.5
02,26,1980,1.4
02,27,1980,0.0
02,28,1980,0.0
02,29,1980,0.0
03,01,1980,1.8
03,02,1980,3.6
03,03,1980,0.0
03,04,1980,0.1
03,05,1980,0.0
03,06,1980,0.0
03,07,1980,0.0
03,08,1980,0.0
03,09,1980,0.0
03,10,1980,0.0
03,11,1980,0.0
03,12,1980,0.0
03,13,1980,0.0
03,14,1980,0.0
03,15,1980,0.0
03,16,1980,0.0
03,17,1980,0.0
03,18,1980,0.0
03,19,1980,0.0
03,20,1980,0.0
03,21,1980,0.0
03,22,1980,0.0
03,23,1980,0.0
03,24,1980,0.0
03,25,1980,1.0
03,26,1980,0.0
03,27,1980,0.0
03,28,1980,0.0
03,29,1980,0.0
03,30,1980,0.0
03,31,1980,0.0
04,01,1980,0.0
04,02,1980,0.0
04,03,1980,0.0
04,04,1980,0.0
04,05,1980,0.0
04,06,1980,0.2
04,07,1980,0.0
04,08,1980,0.0
04,09,1980,0.0
04,10,1980,0.0
04,11,1980,0.0
04,12,1980,0.1
04,13,1980,0.7
04,14,1980,0.0
04,15,1980,0.5
04,16,1980,0.0
04,17,1980,0.0
04,18,1980,0.0
04,19,1980,0.0
04,20,1980,0.0
04,21,1980,0.0
04,22,1980,0.0
04,23,1980,0.0
04,24,1980,0.0
04,25,1980,0.5
04,26,1980,0.0
04,27,1980,0.0
04,28,1980,0.0
04,29,1980,0.0
04,30,1980,0.0
05,01,1980,0.0
05,02,1980,0.0
05,03,1980,0.9
05,04,1980,9.2
05,05,1980,1.3
05,06,1980,0.0
05,07,1980,0.0
05,08,1980,0.0
05,09,1980,0.0
05,10,1980,0.0
05,11,1980,0.0
05,12,1980,0.0
05,13,1980,0.0
05,14,1980,0.0
05,15,1980,0.0
05,16,1980,0.0
05,17,1980,0.0
05,18,1980,0.0
05,19,1980,34.0
05,20,1980,0.0
05,21,1980,0.0
05,22,1980,0.0
05,23,1980,0.0
05,24,1980,0.0
05,25,1980,0.0
05,26,1980,99.0
05,27,1980,5.5
05,28,1980,0.0
05,29,1980,0.0
05,30,1980,0.0
05,31,1980,0.0
06,01,1980,0.0
06,02,1980,0.0
06,03,1980,9.2
06,04,1980,1.5
06,05,1980,0.0
06,06,1980,0.0
06,07,1980,0.0
06,08,1980,1.3
06,09,1980,0.0
06,10,1980,0.0
06,11,1980,0.0
06,12,1980,0.0
06,13,1980,2.3
06,14,1980,0.0
06,15,1980,0.0
06,16,1980,0.0
06,17,1980,0.0
06,18,1980,15.0
06,19,1980,8.6
06,20,1980,29.7
06,21,1980,8.3
06,22,1980,0.7
06,23,1980,16.0
06,24,1980,2.0
06,25,1980,28.6
06,26,1980,26.0
06,27,1980,0.0
06,28,1980,2.9
06,29,1980,2.7
06,30,1980,0.0
07,01,1980,0.0
07,02,1980,0.0
07,03,1980,0.0
07,04,1980,0.0
07,05,1980,3.5
07,06,1980,2.1
07,07,1980,12.9
07,08,1980,0.0
07,09,1980,0.0
07,10,1980,0.0
07,11,1980,0.0
07,12,1980,0.0
07,13,1980,2.7
07,14,1980,5.3
07,15,1980,0.0
07,16,1980,0.0
07,17,1980,0.0
07,18,1980,0.0
07,19,1980,1.1
07,20,1980,0.7
07,21,1980,0.0
07,22,1980,0.0
07,23,1980,2.3
07,24,1980,7.1
07,25,1980,0.0
07,26,1980,0.0
07,27,1980,0.0
07,28,1980,24.5
07,29,1980,33.3
07,30,1980,17.9
07,31,1980,17.5
08,01,1980,4.9
08,02,1980,0.0
08,03,1980,0.1
08,04,1980,0.0
08,05,1980,108.4
08,06,1980,0.1
08,07,1980,0.2
08,08,1980,12.3
08,09,1980,0.0
08,10,1980,0.0
08,11,1980,0.0
08,12,1980,7.5
08,13,1980,0.0
08,14,1980,5.5
08,15,1980,0.0
08,16,1980,0.0
08,17,1980,2.4
08,18,1980,0.0
08,19,1980,0.0
08,20,1980,0.0
08,21,1980,0.0
08,22,1980,0.0
08,23,1980,0.0
08,24,1980,5.5
08,25,1980,0.0
08,26,1980,0.0
08,27,1980,15.2
08,28,1980,0.0
08,29,1980,18.2
08,30,1980,3.1
08,31,1980,0.0
09,01,1980,0.0
09,02,1980,0.0
09,03,1980,0.0
09,04,1980,0.0
09,05,1980,0.0
09,06,1980,0.0
09,07,1980,0.0
09,08,1980,0.0
09,09,1980,0.2
09,10,1980,0.2
09,11,1980,16.7
09,12,1980,0.0
09,13,1980,7.5
09,14,1980,0.0
09,15,1980,0.0
09,16,1980,0.0
09,17,1980,0.0
09,18,1980,0.0
09,19,1980,43.8
09,20,1980,0.0
09,21,1980,0.0
09,22,1980,2.5
09,23,1980,20.4
09,24,1980,37.5
09,25,1980,38.5
09,26,1980,15.5
09,27,1980,1.5
09,28,1980,0.8
09,29,1980,0.0
09,30,1980,0.0
10,01,1980,0.0
10,02,1980,3.0
10,03,1980,0.0
10,04,1980,0.0
10,05,1980,0.0
10,06,1980,0.0
10,07,1980,0.0
10,08,1980,0.0
10,09,1980,0.0
10,10,1980,0.0
10,11,1980,0.0
10,12,1980,0.0
10,13,1980,0.0
10,14,1980,0.0
10,15,1980,0.0
10,16,1980,0.0
10,17,1980,0.0
10,18,1980,0.6
10,19,1980,0.0
10,20,1980,0.0
10,21,1980,0.0
10,22,1980,0.0
10,23,1980,0.0
10,24,1980,20.2
10,25,1980,0.2
10,26,1980,0.0
10,27,1980,0.0
10,28,1980,2.0
10,29,1980,1.5
10,30,1980,0.0
10,31,1980,0.0
11,01,1980,0.0
11,02,1980,0.0
11,03,1980,0.0
11,04,1980,0.0
11,05,1980,0.0
11,06,1980,0.0
11,07,1980,0.0
11,08,1980,0.0
11,09,1980,0.0
11,10,1980,0.0
11,11,1980,0.0
11,12,1980,0.0
11,13,1980,0.0
11,14,1980,0.0
11,15,1980,0.0
11,16,1980,0.0
11,17,1980,4.0
11,18,1980,2.5
11,19,1980,0.0
11,20,1980,29.0
11,21,1980,18.4
11,22,1980,0.0
11,23,1980,0.0
11,24,1980,0.0
11,25,1980,0.0
11,26,1980,6.2
11,27,1980,0.0
11,28,1980,0.0
11,29,1980,0.3
11,30,1980,0.0
12,01,1980,0.0
12,02,1980,12.6
12,03,1980,0.4
12,04,1980,0.0
12,05,1980,0.0
12,06,1980,0.0
12,07,1980,0.0
12,08,1980,0.0
12,09,1980,0.0
12,10,1980,0.0
12,11,1980,0.2
12,12,1980,0.0
12,13,1980,0.1
12,14,1980,0.2
12,15,1980,0.0
12,16,1980,0.0
12,17,1980,0.0
12,18,1980,0.0
12,19,1980,0.0
12,20,1980,0.0
12,21,1980,0.0
12,22,1980,0.0
12,23,1980,0.0
12,24,1980,0.0
12,25,1980,0.0
12,26,1980,0.0
12,27,1980,0.0
12,28,1980,0.0
12,29,1980,0.0
12,30,1980,0.0
12,31,1980,0.0
01,01,1981,0.0
01,02,1981,0.0
01,03,1981,0.0
01,04,1981,0.0
01,05,1981,0.0
01,06,1981,0.0
01,07,1981,0.0
01,08,1981,0.0
01,09,1981,0.3
01,10,1981,0.0
01,11,1981,8.8
01,12,1981,1.1
01,13,1981,0.0
01,14,1981,0.0
01,15,1981,0.0
01,16,1981,3.5
01,17,1981,10.8
01,18,1981,4.0
01,19,1981,0.0
01,20,1981,0.1
01,21,1981,8.3
01,22,1981,7.0
01,23,1981,1.1
01,24,1981,0.0
01,25,1981,0.0
01,26,1981,0.0
01,27,1981,0.0
01,28,1981,0.0
01,29,1981,0.0
01,30,1981,0.0
01,31,1981,0.0
02,01,1981,6.9
02,02,1981,1.0
02,03,1981,0.0
02,04,1981,0.0
02,05,1981,0.0
02,06,1981,0.0
02,07,1981,0.0
02,08,1981,0.0
02,09,1981,0.0
02,10,1981,0.0
02,11,1981,0.0
02,12,1981,0.0
02,13,1981,1.5
02,14,1981,0.0
02,15,1981,0.0
02,16,1981,0.0
02,17,1981,0.0
02,18,1981,0.0
02,19,1981,0.0
02,20,1981,0.0
02,21,1981,0.0
02,22,1981,3.1
02,23,1981,0.0
02,24,1981,0.0
02,25,1981,0.0
02,26,1981,0.0
02,27,1981,0.0
02,28,1981,0.0
03,01,1981,0.0
03,02,1981,0.0
03,03,1981,0.0
03,04,1981,0.0
03,05,1981,0.0
03,06,1981,0.0
03,07,1981,1.0
03,08,1981,1.4
03,09,1981,0.2
03,10,1981,0.0
03,11,1981,11.0
03,12,1981,5.9
03,13,1981,0.3
03,14,1981,0.0
03,15,1981,0.0
03,16,1981,0.0
03,17,1981,1.3
03,18,1981,1.3
03,19,1981,0.0
03,20,1981,0.0
03,21,1981,0.0
03,22,1981,0.0
03,23,1981,0.0
03,24,1981,1.9
03,25,1981,0.0
03,26,1981,0.0
03,27,1981,0.0
03,28,1981,0.0
03,29,1981,0.0
03,30,1981,0.0
03,31,1981,0.0
04,01,1981,0.0
04,02,1981,0.0
04,03,1981,0.0
04,04,1981,0.0
04,05,1981,0.0
04,06,1981,0.0
04,07,1981,0.0
04,08,1981,0.0
04,09,1981,0.0
04,10,1981,0.0
04,11,1981,0.0
04,12,1981,0.0
04,13,1981,0.0
04,14,1981,0.0
04,15,1981,1.0
04,16,1981,0.0
04,17,1981,0.0
04,18,1981,0.0
04,19,1981,0.0
04,20,1981,0.0
04,21,1981,0.0
04,22,1981,0.0
04,23,1981,0.0
04,24,1981,0.0
04,25,1981,0.1
04,26,1981,0.0
04,27,1981,0.0
04,28,1981,0.0
04,29,1981,0.0
04,30,1981,0.0
05,01,1981,0.0
05,02,1981,0.0
05,03,1981,0.0
05,04,1981,0.0
05,05,1981,0.0
05,06,1981,0.0
05,07,1981,0.0
05,08,1981,0.5
05,09,1981,0.0
05,10,1981,4.7
05,11,1981,0.0
05,12,1981,0.0
05,13,1981,0.0
05,14,1981,0.0
05,15,1981,0.0
05,16,1981,0.0
05,17,1981,0.0
05,18,1981,0.0
05,19,1981,50.0
05,20,1981,0.0
05,21,1981,0.0
05,22,1981,0.6
05,23,1981,0.0
05,24,1981,0.0
05,25,1981,0.8
05,26,1981,0.0
05,27,1981,6.0
05,28,1981,0.7
05,29,1981,0.0
05,30,1981,0.0
05,31,1981,7.7
06,01,1981,8.8
06,02,1981,0.0
06,03,1981,3.6
06,04,1981,0.0
06,05,1981,0.0
06,06,1981,0.0
06,07,1981,2.1
06,08,1981,0.0
06,09,1981,69.8
06,10,1981,12.0
06,11,1981,39.5
06,12,1981,0.0
06,13,1981,0.0
06,14,1981,3.9
06,15,1981,4.3
06,16,1981,4.3
06,17,1981,33.3
06,18,1981,48.5
06,19,1981,0.0
06,20,1981,0.0
06,21,1981,0.0
06,22,1981,0.0
06,23,1981,0.0
06,24,1981,85.5
06,25,1981,53.1
06,26,1981,0.0
06,27,1981,1.3
06,28,1981,3.0
06,29,1981,11.3
06,30,1981,18.6
07,01,1981,0.0
07,02,1981,0.0
07,03,1981,0.0
07,04,1981,0.0
07,05,1981,0.0
07,06,1981,0.0
07,07,1981,0.0
07,08,1981,56.4
07,09,1981,7.4
07,10,1981,0.0
07,11,1981,0.0
07,12,1981,4.5
07,13,1981,79.4
07,14,1981,57.0
07,15,1981,0.0
07,16,1981,0.0
07,17,1981,0.0
07,18,1981,0.0
07,19,1981,0.0
07,20,1981,3.3
07,21,1981,0.0
07,22,1981,0.0
07,23,1981,0.0
07,24,1981,0.0
07,25,1981,0.0
07,26,1981,20.1
07,27,1981,1.0
07,28,1981,2.5
07,29,1981,0.0
07,30,1981,2.0
07,31,1981,8.3
08,01,1981,1.3
08,02,1981,0.0
08,03,1981,0.0
08,04,1981,3.2
08,05,1981,0.0
08,06,1981,0.0
08,07,1981,0.0
08,08,1981,22.5
08,09,1981,12.9
08,10,1981,0.1
08,11,1981,0.0
08,12,1981,0.1
08,13,1981,4.3
08,14,1981,0.0
08,15,1981,0.0
08,16,1981,0.0
08,17,1981,0.0
08,18,1981,3.8
08,19,1981,0.0
08,20,1981,0.7
08,21,1981,1.3
08,22,1981,4.0
08,23,1981,0.0
08,24,1981,20.0
08,25,1981,62.5
08,26,1981,20.0
08,27,1981,4.5
08,28,1981,1.5
08,29,1981,1.1
08,30,1981,0.0
08,31,1981,0.0
09,01,1981,29.8
09,02,1981,9.9
09,03,1981,0.0
09,04,1981,4.1
09,05,1981,0.1
09,06,1981,0.0
09,07,1981,0.0
09,08,1981,4.0
09,09,1981,0.0
09,10,1981,0.0
09,11,1981,0.1
09,12,1981,2.3
09,13,1981,0.0
09,14,1981,0.0
09,15,1981,0.0
09,16,1981,33.0
09,17,1981,7.1
09,18,1981,6.1
09,19,1981,0.0
09,20,1981,0.0
09,21,1981,0.0
09,22,1981,0.0
09,23,1981,10.2
09,24,1981,1.2
09,25,1981,0.0
09,26,1981,0.0
09,27,1981,0.0
09,28,1981,132.7
09,29,1981,3.0
09,30,1981,36.0
10,01,1981,19.6
10,02,1981,0.0
10,03,1981,0.0
10,04,1981,0.0
10,05,1981,0.0
10,06,1981,0.0
10,07,1981,0.0
10,08,1981,0.0
10,09,1981,0.0
10,10,1981,0.0
10,11,1981,0.0
10,12,1981,0.0
10,13,1981,0.0
10,14,1981,0.0
10,15,1981,0.0
10,16,1981,0.0
10,17,1981,0.0
10,18,1981,0.5
10,19,1981,5.9
10,20,1981,0.0
10,21,1981,0.0
10,22,1981,0.0
10,23,1981,0.0
10,24,1981,0.0
10,25,1981,0.0
10,26,1981,3.0
10,27,1981,0.0
10,28,1981,0.0
10,29,1981,0.0
10,30,1981,0.0
10,31,1981,0.0
11,01,1981,0.0
11,02,1981,0.0
11,03,1981,0.0
11,04,1981,0.0
11,05,1981,0.0
11,06,1981,0.0
11,07,1981,0.0
11,08,1981,0.0
11,09,1981,3.7
11,10,1981,0.0
11,11,1981,0.0
11,12,1981,0.0
11,13,1981,0.0
11,14,1981,0.0
11,15,1981,0.0
11,16,1981,0.0
11,17,1981,0.0
11,18,1981,0.0
11,19,1981,0.0
11,20,1981,0.0
11,21,1981,0.0
11,22,1981,0.0
11,23,1981,0.0
11,24,1981,0.0
11,25,1981,0.0
11,26,1981,0.0
11,27,1981,0.0
11,28,1981,0.0
11,29,1981,0.0
11,30,1981,0.0
12,01,1981,0.0
12,02,1981,0.0
12,03,1981,0.0
12,04,1981,12.2
12,05,1981,0.1
12,06,1981,0.0
12,07,1981,0.2
12,08,1981,0.0
12,09,1981,0.0
12,10,1981,0.0
12,11,1981,0.0
12,12,1981,0.0
12,13,1981,0.0
12,14,1981,2.0
12,15,1981,0.0
12,16,1981,0.0
12,17,1981,0.0
12,18,1981,0.1
12,19,1981,0.5
12,20,1981,0.0
12,21,1981,0.0
12,22,1981,0.0
12,23,1981,0.0
12,24,1981,2.0
12,25,1981,0.0
12,26,1981,0.0
12,27,1981,0.0
12,28,1981,0.2
12,29,1981,0.0
12,30,1981,0.0
12,31,1981,0.0
01,01,1982,0.0
01,02,1982,0.0
01,03,1982,0.0
01,04,1982,0.0
01,05,1982,0.0
01,06,1982,0.0
01,07,1982,0.3
01,08,1982,0.0
01,09,1982,0.0
01,10,1982,0.0
01,11,1982,0.0
01,12,1982,0.0
01,13,1982,0.0
01,14,1982,0.0
01,15,1982,0.0
01,16,1982,0.0
01,17,1982,0.0
01,18,1982,0.0
01,19,1982,0.2
01,20,1982,0.0
01,21,1982,0.0
01,22,1982,0.0
01,23,1982,0.0
01,24,1982,0.0
01,25,1982,0.0
01,26,1982,0.0
01,27,1982,0.0
01,28,1982,0.0
01,29,1982,0.0
01,30,1982,0.0
01,31,1982,0.0
02,01,1982,0.0
02,02,1982,0.0
02,03,1982,0.0
02,04,1982,0.0
02,05,1982,0.0
02,06,1982,0.0
02,07,1982,0.0
02,08,1982,0.0
02,09,1982,2.7
02,10,1982,0.2
02,11,1982,0.0
02,12,1982,0.0
02,13,1982,0.0
02,14,1982,0.0
02,15,1982,0.0
02,16,1982,0.0
02,17,1982,0.0
02,18,1982,0.0
02,19,1982,5.2
02,20,1982,0.0
02,21,1982,0.0
02,22,1982,0.0
02,23,1982,0.0
02,24,1982,0.0
02,25,1982,0.0
02,26,1982,0.5
02,27,1982,1.0
02,28,1982,0.0
03,01,1982,3.5
03,02,1982,0.0
03,03,1982,0.0
03,04,1982,0.0
03,05,1982,0.0
03,06,1982,4.7
03,07,1982,4.5
03,08,1982,0.0
03,09,1982,0.0
03,10,1982,0.0
03,11,1982,0.0
03,12,1982,0.0
03,13,1982,0.0
03,14,1982,0.0
03,15,1982,0.0
03,16,1982,0.0
03,17,1982,0.0
03,18,1982,0.0
03,19,1982,0.0
03,20,1982,0.0
03,21,1982,0.0
03,22,1982,0.0
03,23,1982,0.0
03,24,1982,0.0
03,25,1982,3.3
03,26,1982,0.0
03,27,1982,0.0
03,28,1982,0.0
03,29,1982,0.0
03,30,1982,0.0
03,31,1982,0.0
04,01,1982,0.0
04,02,1982,0.0
04,03,1982,0.0
04,04,1982,0.0
04,05,1982,0.0
04,06,1982,0.0
04,07,1982,0.0
04,08,1982,0.0
04,09,1982,0.0
04,10,1982,7.6
04,11,1982,0.0
04,12,1982,0.0
04,13,1982,0.0
04,14,1982,0.0
04,15,1982,0.0
04,16,1982,0.0
04,17,1982,0.0
04,18,1982,0.0
04,19,1982,0.0
04,20,1982,0.0
04,21,1982,0.0
04,22,1982,0.0
04,23,1982,0.0
04,24,1982,1.5
04,25,1982,2.9
04,26,1982,0.0
04,27,1982,0.0
04,28,1982,1.0
04,29,1982,1.7
04,30,1982,0.1
05,01,1982,1.2
05,02,1982,4.0
05,03,1982,0.0
05,04,1982,0.0
05,05,1982,0.0
05,06,1982,0.0
05,07,1982,2.2
05,08,1982,0.0
05,09,1982,0.0
05,10,1982,0.0
05,11,1982,0.0
05,12,1982,0.0
05,13,1982,0.0
05,14,1982,15.3
05,15,1982,0.0
05,16,1982,0.0
05,17,1982,9.3
05,18,1982,4.2
05,19,1982,4.2
05,20,1982,0.0
05,21,1982,4.8
05,22,1982,0.8
05,23,1982,0.3
05,24,1982,0.0
05,25,1982,0.3
05,26,1982,0.0
05,27,1982,0.0
05,28,1982,0.0
05,29,1982,0.0
05,30,1982,0.0
05,31,1982,0.0
06,01,1982,0.0
06,02,1982,0.0
06,03,1982,0.0
06,04,1982,0.0
06,05,1982,0.0
06,06,1982,0.0
06,07,1982,0.0
06,08,1982,0.0
06,09,1982,0.0
06,10,1982,0.0
06,11,1982,0.0
06,12,1982,0.0
06,13,1982,0.0
06,14,1982,0.0
06,15,1982,0.0
06,16,1982,0.0
06,17,1982,0.0
06,18,1982,0.0
06,19,1982,3.5
06,20,1982,0.0
06,21,1982,0.0
06,22,1982,0.0
06,23,1982,1.0
06,24,1982,0.0
06,25,1982,0.0
06,26,1982,9.2
06,27,1982,5.0
06,28,1982,44.1
06,29,1982,3.2
06,30,1982,0.0
07,01,1982,0.0
07,02,1982,0.0
07,03,1982,0.0
07,04,1982,0.0
07,05,1982,0.0
07,06,1982,0.0
07,07,1982,0.0
07,08,1982,1.9
07,09,1982,0.0
07,10,1982,0.0
07,11,1982,0.2
07,12,1982,0.0
07,13,1982,0.0
07,14,1982,4.0
07,15,1982,0.0
07,16,1982,8.2
07,17,1982,47.3
07,18,1982,0.0
07,19,1982,0.0
07,20,1982,0.0
07,21,1982,0.0
07,22,1982,5.5
07,23,1982,5.0
07,24,1982,1.2
07,25,1982,31.2
07,26,1982,0.0
07,27,1982,0.0
07,28,1982,0.0
07,29,1982,0.0
07,30,1982,7.0
07,31,1982,1.4
08,01,1982,16.7
08,02,1982,34.0
08,03,1982,3.2
08,04,1982,2.5
08,05,1982,0.0
08,06,1982,0.0
08,07,1982,0.0
08,08,1982,0.0
08,09,1982,0.0
08,10,1982,5.9
08,11,1982,8.5
08,12,1982,0.0
08,13,1982,0.0
08,14,1982,0.0
08,15,1982,0.0
08,16,1982,0.0
08,17,1982,0.0
08,18,1982,19.2
08,19,1982,0.0
08,20,1982,3.7
08,21,1982,1.8
08,22,1982,0.0
08,23,1982,1.8
08,24,1982,0.0
08,25,1982,0.0
08,26,1982,0.1
08,27,1982,0.1
08,28,1982,0.0
08,29,1982,3.2
08,30,1982,0.2
08,31,1982,0.1
09,01,1982,0.0
09,02,1982,0.0
09,03,1982,0.0
09,04,1982,15.0
09,05,1982,0.0
09,06,1982,2.3
09,07,1982,0.0
09,08,1982,0.0
09,09,1982,0.0
09,10,1982,0.0
09,11,1982,0.0
09,12,1982,0.0
09,13,1982,0.0
09,14,1982,13.1
09,15,1982,1.5
09,16,1982,0.0
09,17,1982,0.0
09,18,1982,3.2
09,19,1982,2.0
09,20,1982,2.3
09,21,1982,0.0
09,22,1982,0.0
09,23,1982,0.0
09,24,1982,0.0
09,25,1982,0.0
09,26,1982,0.0
09,27,1982,0.0
09,28,1982,0.0
09,29,1982,0.0
09,30,1982,0.0
10,01,1982,0.0
10,02,1982,0.0
10,03,1982,0.0
10,04,1982,2.0
10,05,1982,9.5
10,06,1982,2.1
10,07,1982,1.0
10,08,1982,0.0
10,09,1982,0.0
10,10,1982,0.0
10,11,1982,0.0
10,12,1982,0.0
10,13,1982,0.3
10,14,1982,0.5
10,15,1982,2.1
10,16,1982,5.2
10,17,1982,0.1
10,18,1982,0.0
10,19,1982,0.0
10,20,1982,0.0
10,21,1982,0.0
10,22,1982,2.2
10,23,1982,0.0
10,24,1982,0.0
10,25,1982,0.0
10,26,1982,0.0
10,27,1982,0.0
10,28,1982,0.0
10,29,1982,0.0
10,30,1982,0.0
10,31,1982,0.0
11,01,1982,0.0
11,02,1982,0.0
11,03,1982,0.0
11,04,1982,0.0
11,05,1982,0.0
11,06,1982,5.7
11,07,1982,0.4
11,08,1982,0.0
11,09,1982,0.0
11,10,1982,0.0
11,11,1982,0.0
11,12,1982,0.0
11,13,1982,0.0
11,14,1982,0.0
11,15,1982,0.0
11,16,1982,0.0
11,17,1982,0.0
11,18,1982,0.0
11,19,1982,0.0
11,20,1982,0.0
11,21,1982,0.0
11,22,1982,0.0
11,23,1982,0.0
11,24,1982,2.5
11,25,1982,0.0
11,26,1982,0.0
11,27,1982,0.0
11,28,1982,0.0
11,29,1982,0.0
11,30,1982,0.0
12,01,1982,0.0
12,02,1982,0.0
12,03,1982,0.0
12,04,1982,0.0
12,05,1982,0.0
12,06,1982,0.0
12,07,1982,2.2
12,08,1982,7.7
12,09,1982,0.0
12,10,1982,0.0
12,11,1982,0.0
12,12,1982,2.2
12,13,1982,0.0
12,14,1982,0.0
12,15,1982,0.0
12,16,1982,0.0
12,17,1982,0.0
12,18,1982,0.0
12,19,1982,0.0
12,20,1982,0.0
12,21,1982,0.0
12,22,1982,0.0
12,23,1982,0.0
12,24,1982,0.0
12,25,1982,0.0
12,26,1982,0.0
12,27,1982,0.0
12,28,1982,0.0
12,29,1982,0.3
12,30,1982,0.0
12,31,1982,0.0
01,01,1983,0.0
01,02,1983,0.0
01,03,1983,0.0
01,04,1983,0.0
01,05,1983,0.0
01,06,1983,7.0
01,07,1983,0.1
01,08,1983,0.0
01,09,1983,0.0
01,10,1983,0.0
01,11,1983,5.5
01,12,1983,1.0
01,13,1983,0.0
01,14,1983,0.0
01,15,1983,0.0
01,16,1983,0.0
01,17,1983,0.0
01,18,1983,0.2
01,19,1983,0.0
01,20,1983,0.1
01,21,1983,0.0
01,22,1983,0.0
01,23,1983,0.2
01,24,1983,0.0
01,25,1983,0.0
01,26,1983,0.0
01,27,1983,0.0
01,28,1983,0.0
01,29,1983,0.0
01,30,1983,0.0
01,31,1983,0.0
02,01,1983,0.0
02,02,1983,0.0
02,03,1983,1.5
02,04,1983,0.1
02,05,1983,0.0
02,06,1983,1.5
02,07,1983,3.1
02,08,1983,0.0
02,09,1983,0.0
02,10,1983,0.0
02,11,1983,2.5
02,12,1983,1.5
02,13,1983,0.0
02,14,1983,0.0
02,15,1983,0.0
02,16,1983,0.0
02,17,1983,0.0
02,18,1983,0.0
02,19,1983,0.0
02,20,1983,0.0
02,21,1983,0.0
02,22,1983,0.0
02,23,1983,0.3
02,24,1983,0.0
02,25,1983,0.3
02,26,1983,0.0
02,27,1983,0.0
02,28,1983,0.0
03,01,1983,0.0
03,02,1983,0.0
03,03,1983,0.0
03,04,1983,0.0
03,05,1983,0.0
03,06,1983,0.0
03,07,1983,0.0
03,08,1983,0.0
03,09,1983,0.0
03,10,1983,2.5
03,11,1983,35.2
03,12,1983,0.8
03,13,1983,0.9
03,14,1983,0.0
03,15,1983,0.0
03,16,1983,0.0
03,17,1983,0.0
03,18,1983,0.0
03,19,1983,0.0
03,20,1983,0.0
03,21,1983,0.0
03,22,1983,0.0
03,23,1983,0.0
03,24,1983,3.0
03,25,1983,0.0
03,26,1983,0.0
03,27,1983,0.0
03,28,1983,0.0
03,29,1983,0.0
03,30,1983,0.1
03,31,1983,0.0
04,01,1983,0.0
04,02,1983,2.6
04,03,1983,0.0
04,04,1983,0.0
04,05,1983,0.0
04,06,1983,0.0
04,07,1983,0.0
04,08,1983,4.1
04,09,1983,0.0
04,10,1983,0.0
04,11,1983,0.0
04,12,1983,0.0
04,13,1983,0.0
04,14,1983,0.1
04,15,1983,5.9
04,16,1983,0.2
04,17,1983,0.0
04,18,1983,0.0
04,19,1983,0.0
04,20,1983,0.0
04,21,1983,0.0
04,22,1983,0.0
04,23,1983,0.0
04,24,1983,0.0
04,25,1983,0.0
04,26,1983,0.0
04,27,1983,0.0
04,28,1983,0.0
04,29,1983,0.0
04,30,1983,0.0
05,01,1983,0.0
05,02,1983,0.0
05,03,1983,0.0
05,04,1983,0.0
05,05,1983,0.0
05,06,1983,0.0
05,07,1983,0.0
05,08,1983,0.0
05,09,1983,0.0
05,10,1983,0.0
05,11,1983,0.0
05,12,1983,0.0
05,13,1983,0.0
05,14,1983,0.0
05,15,1983,0.0
05,16,1983,0.0
05,17,1983,0.0
05,18,1983,0.0
05,19,1983,0.0
05,20,1983,0.0
05,21,1983,0.0
05,22,1983,0.0
05,23,1983,0.0
05,24,1983,0.0
05,25,1983,0.0
05,26,1983,1.5
05,27,1983,0.0
05,28,1983,0.0
05,29,1983,0.0
05,30,1983,0.0
05,31,1983,32.0
06,01,1983,0.0
06,02,1983,0.0
06,03,1983,0.0
06,04,1983,0.0
06,05,1983,0.0
06,06,1983,0.0
06,07,1983,0.0
06,08,1983,4.5
06,09,1983,1.0
06,10,1983,2.0
06,11,1983,0.0
06,12,1983,1.0
06,13,1983,3.0
06,14,1983,0.0
06,15,1983,4.0
06,16,1983,1.5
06,17,1983,0.0
06,18,1983,0.0
06,19,1983,4.0
06,20,1983,2.0
06,21,1983,0.0
06,22,1983,0.0
06,23,1983,0.0
06,24,1983,0.0
06,25,1983,0.0
06,26,1983,1.5
06,27,1983,1.0
06,28,1983,2.0
06,29,1983,1.5
06,30,1983,0.0
07,01,1983,35.6
07,02,1983,0.0
07,03,1983,2.7
07,04,1983,27.1
07,05,1983,15.2
07,06,1983,0.0
07,07,1983,0.0
07,08,1983,0.0
07,09,1983,0.0
07,10,1983,20.0
07,11,1983,2.2
07,12,1983,0.1
07,13,1983,0.0
07,14,1983,35.1
07,15,1983,0.0
07,16,1983,29.4
07,17,1983,44.0
07,18,1983,58.4
07,19,1983,31.6
07,20,1983,20.1
07,21,1983,34.9
07,22,1983,13.9
07,23,1983,2.4
07,24,1983,0.0
07,25,1983,0.0
07,26,1983,8.4
07,27,1983,9.7
07,28,1983,0.0
07,29,1983,27.3
07,30,1983,1.4
07,31,1983,0.0
08,01,1983,0.0
08,02,1983,0.0
08,03,1983,0.0
08,04,1983,33.9
08,05,1983,20.1
08,06,1983,0.0
08,07,1983,35.0
08,08,1983,0.0
08,09,1983,0.0
08,10,1983,62.0
08,11,1983,23.0
08,12,1983,0.0
08,13,1983,0.0
08,14,1983,0.0
08,15,1983,0.0
08,16,1983,0.0
08,17,1983,0.0
08,18,1983,0.0
08,19,1983,0.0
08,20,1983,37.7
08,21,1983,0.3
08,22,1983,0.0
08,23,1983,4.9
08,24,1983,8.0
08,25,1983,10.0
08,26,1983,0.0
08,27,1983,0.0
08,28,1983,0.0
08,29,1983,0.0
08,30,1983,5.0
08,31,1983,0.0
09,01,1983,0.0
09,02,1983,45.5
09,03,1983,1.0
09,04,1983,0.0
09,05,1983,0.1
09,06,1983,40.3
09,07,1983,25.2
09,08,1983,0.0
09,09,1983,0.0
09,10,1983,0.0
09,11,1983,0.0
09,12,1983,19.8
09,13,1983,24.2
09,14,1983,2.6
09,15,1983,0.0
09,16,1983,0.0
09,17,1983,0.0
09,18,1983,8.9
09,19,1983,1.6
09,20,1983,0.0
09,21,1983,0.2
09,22,1983,0.8
09,23,1983,0.0
09,24,1983,0.0
09,25,1983,0.1
09,26,1983,6.6
09,27,1983,35.3
09,28,1983,0.0
09,29,1983,0.0
09,30,1983,0.0
10,01,1983,0.0
10,02,1983,0.0
10,03,1983,0.0
10,04,1983,0.0
10,05,1983,0.0
10,06,1983,7.0
10,07,1983,0.1
10,08,1983,0.0
10,09,1983,0.0
10,10,1983,0.0
10,11,1983,5.5
10,12,1983,1.0
10,13,1983,0.0
10,14,1983,0.0
10,15,1983,0.0
10,16,1983,0.0
10,17,1983,0.0
10,18,1983,0.2
10,19,1983,0.0
10,20,1983,0.1
10,21,1983,0.0
10,22,1983,0.0
10,23,1983,0.2
10,24,1983,0.0
10,25,1983,0.0
10,26,1983,0.0
10,27,1983,0.0
10,28,1983,0.0
10,29,1983,0.0
10,30,1983,0.0
10,31,1983,0.0
11,01,1983,0.0
11,02,1983,0.0
11,03,1983,0.0
11,04,1983,0.0
11,05,1983,0.0
11,06,1983,0.0
11,07,1983,3.5
11,08,1983,42.3
11,09,1983,11.4
11,10,1983,0.0
11,11,1983,0.0
11,12,1983,0.0
11,13,1983,0.0
11,14,1983,0.0
11,15,1983,14.5
11,16,1983,6.8
11,17,1983,0.0
11,18,1983,0.0
11,19,1983,0.0
11,20,1983,0.0
11,21,1983,0.0
11,22,1983,0.0
11,23,1983,0.0
11,24,1983,2.4
11,25,1983,0.2
11,26,1983,0.0
11,27,1983,0.0
11,28,1983,2.0
11,29,1983,0.0
11,30,1983,1.2
12,01,1983,0.0
12,02,1983,0.0
12,03,1983,0.0
12,04,1983,0.0
12,05,1983,0.0
12,06,1983,0.0
12,07,1983,0.0
12,08,1983,0.0
12,09,1983,0.0
12,10,1983,0.0
12,11,1983,0.0
12,12,1983,0.0
12,13,1983,0.0
12,14,1983,0.0
12,15,1983,0.0
12,16,1983,0.0
12,17,1983,0.8
12,18,1983,0.0
12,19,1983,0.0
12,20,1983,0.0
12,21,1983,0.0
12,22,1983,0.0
12,23,1983,0.0
12,24,1983,0.1
12,25,1983,0.0
12,26,1983,0.0
12,27,1983,0.0
12,28,1983,0.0
12,29,1983,7.4
12,30,1983,0.1
12,31,1983,0.0
01,01,1984,0.0
01,02,1984,0.0
01,03,1984,0.0
01,04,1984,0.0
01,05,1984,0.0
01,06,1984,0.0
01,07,1984,0.0
01,08,1984,0.0
01,09,1984,0.0
01,10,1984,1.0
01,11,1984,12.5
01,12,1984,0.0
01,13,1984,2.1
01,14,1984,0.1
01,15,1984,0.1
01,16,1984,0.0
01,17,1984,0.0
01,18,1984,0.0
01,19,1984,0.0
01,20,1984,0.0
01,21,1984,0.1
01,22,1984,0.0
01,23,1984,0.0
01,24,1984,0.0
01,25,1984,14.2
01,26,1984,3.8
01,27,1984,0.0
01,28,1984,0.0
01,29,1984,0.0
01,30,1984,0.0
01,31,1984,0.0
02,01,1984,0.0
02,02,1984,0.0
02,03,1984,0.0
02,04,1984,4.8
02,05,1984,0.8
02,06,1984,0.1
02,07,1984,0.0
02,08,1984,0.0
02,09,1984,0.2
02,10,1984,0.0
02,11,1984,0.0
02,12,1984,0.0
02,13,1984,0.0
02,14,1984,0.0
02,15,1984,0.0
02,16,1984,0.0
02,17,1984,0.0
02,18,1984,0.0
02,19,1984,0.0
02,20,1984,2.3
02,21,1984,1.5
02,22,1984,0.0
02,23,1984,0.0
02,24,1984,0.0
02,25,1984,0.0
02,26,1984,0.0
02,27,1984,0.0
02,28,1984,0.0
02,29,1984,0.4
03,01,1984,0.0
03,02,1984,0.0
03,03,1984,0.0
03,04,1984,0.0
03,05,1984,0.2
03,06,1984,0.0
03,07,1984,0.0
03,08,1984,0.0
03,09,1984,0.0
03,10,1984,0.0
03,11,1984,0.0
03,12,1984,0.0
03,13,1984,0.0
03,14,1984,0.0
03,15,1984,0.0
03,16,1984,0.0
03,17,1984,0.0
03,18,1984,0.0
03,19,1984,0.4
03,20,1984,0.0
03,21,1984,2.7
03,22,1984,0.0
03,23,1984,0.0
03,24,1984,0.0
03,25,1984,0.0
03,26,1984,0.0
03,27,1984,0.0
03,28,1984,0.0
03,29,1984,0.0
03,30,1984,0.0
03,31,1984,1.0
04,01,1984,0.0
04,02,1984,0.0
04,03,1984,0.0
04,04,1984,0.3
04,05,1984,0.0
04,06,1984,0.0
04,07,1984,0.0
04,08,1984,0.0
04,09,1984,0.0
04,10,1984,0.0
04,11,1984,0.0
04,12,1984,0.0
04,13,1984,0.0
04,14,1984,0.0
04,15,1984,0.0
04,16,1984,0.0
04,17,1984,0.0
04,18,1984,0.0
04,19,1984,0.0
04,20,1984,0.0
04,21,1984,0.0
04,22,1984,0.0
04,23,1984,0.1
04,24,1984,0.0
04,25,1984,0.0
04,26,1984,0.0
04,27,1984,0.0
04,28,1984,0.0
04,29,1984,0.0
04,30,1984,0.0
05,01,1984,0.0
05,02,1984,0.0
05,03,1984,0.0
05,04,1984,0.0
05,05,1984,0.0
05,06,1984,0.0
05,07,1984,0.0
05,08,1984,4.9
05,09,1984,0.0
05,10,1984,0.0
05,11,1984,0.0
05,12,1984,47.0
05,13,1984,0.0
05,14,1984,7.2
05,15,1984,1.4
05,16,1984,0.0
05,17,1984,0.0
05,18,1984,0.3
05,19,1984,0.0
05,20,1984,1.0
05,21,1984,1.2
05,22,1984,0.0
05,23,1984,0.0
05,24,1984,4.4
05,25,1984,0.0
05,26,1984,0.0
05,27,1984,4.0
05,28,1984,1.4
05,29,1984,1.4
05,30,1984,1.6
05,31,1984,0.0
06,01,1984,0.0
06,02,1984,0.0
06,03,1984,0.0
06,04,1984,0.4
06,05,1984,0.0
06,06,1984,0.0
06,07,1984,0.0
06,08,1984,0.0
06,09,1984,32.7
06,10,1984,1.5
06,11,1984,33.8
06,12,1984,4.4
06,13,1984,66.2
06,14,1984,16.8
06,15,1984,0.0
06,16,1984,0.0
06,17,1984,0.0
06,18,1984,1.2
06,19,1984,32.5
06,20,1984,6.4
06,21,1984,1.3
06,22,1984,0.0
06,23,1984,0.0
06,24,1984,0.0
06,25,1984,0.0
06,26,1984,0.0
06,27,1984,0.0
06,28,1984,0.0
06,29,1984,0.0
06,30,1984,0.0
07,01,1984,3.0
07,02,1984,9.3
07,03,1984,24.5
07,04,1984,0.0
07,05,1984,19.3
07,06,1984,0.5
07,07,1984,13.7
07,08,1984,12.9
07,09,1984,12.8
07,10,1984,4.4
07,11,1984,50.5
07,12,1984,29.7
07,13,1984,20.4
07,14,1984,0.3
07,15,1984,1.9
07,16,1984,1.9
07,17,1984,0.2
07,18,1984,0.0
07,19,1984,0.0
07,20,1984,0.0
07,21,1984,0.0
07,22,1984,0.0
07,23,1984,0.0
07,24,1984,12.5
07,25,1984,27.5
07,26,1984,0.2
07,27,1984,0.0
07,28,1984,0.0
07,29,1984,4.0
07,30,1984,0.1
07,31,1984,0.0
08,01,1984,0.0
08,02,1984,1.7
08,03,1984,10.3
08,04,1984,3.4
08,05,1984,11.3
08,06,1984,0.0
08,07,1984,0.0
08,08,1984,31.3
08,09,1984,7.5
08,10,1984,0.0
08,11,1984,0.0
08,12,1984,0.0
08,13,1984,6.5
08,14,1984,20.0
08,15,1984,14.5
08,16,1984,0.0
08,17,1984,0.0
08,18,1984,0.0
08,19,1984,0.0
08,20,1984,0.0
08,21,1984,23.0
08,22,1984,16.4
08,23,1984,2.2
08,24,1984,3.2
08,25,1984,8.0
08,26,1984,21.1
08,27,1984,0.6
08,28,1984,0.0
08,29,1984,0.5
08,30,1984,0.0
08,31,1984,0.0
09,01,1984,0.0
09,02,1984,10.5
09,03,1984,0.0
09,04,1984,85.3
09,05,1984,3.5
09,06,1984,124.6
09,07,1984,0.6
09,08,1984,0.0
09,09,1984,0.5
09,10,1984,8.5
09,11,1984,39.3
09,12,1984,40.5
09,13,1984,6.1
09,14,1984,33.2
09,15,1984,11.4
09,16,1984,0.5
09,17,1984,0.1
09,18,1984,22.4
09,19,1984,0.5
09,20,1984,1.7
09,21,1984,0.0
09,22,1984,2.7
09,23,1984,0.0
09,24,1984,5.7
09,25,1984,9.8
09,26,1984,0.3
09,27,1984,0.0
09,28,1984,0.0
09,29,1984,0.5
09,30,1984,5.6
10,01,1984,1.2
10,02,1984,0.0
10,03,1984,0.0
10,04,1984,0.0
10,05,1984,0.0
10,06,1984,0.0
10,07,1984,0.0
10,08,1984,0.0
10,09,1984,0.0
10,10,1984,0.0
10,11,1984,0.0
10,12,1984,0.0
10,13,1984,0.0
10,14,1984,0.0
10,15,1984,0.0
10,16,1984,0.0
10,17,1984,0.0
10,18,1984,0.0
10,19,1984,1.6
10,20,1984,0.0
10,21,1984,0.0
10,22,1984,0.0
10,23,1984,1.2
10,24,1984,0.0
10,25,1984,0.0
10,26,1984,0.0
10,27,1984,0.0
10,28,1984,1.0
10,29,1984,8.0
10,30,1984,2.5
10,31,1984,0.2
11,01,1984,0.0
11,02,1984,0.0
11,03,1984,0.0
11,04,1984,0.0
11,05,1984,0.1
11,06,1984,0.0
11,07,1984,0.0
11,08,1984,0.0
11,09,1984,0.0
11,10,1984,0.0
11,11,1984,0.0
11,12,1984,4.3
11,13,1984,0.9
11,14,1984,0.0
11,15,1984,0.0
11,16,1984,0.0
11,17,1984,0.0
11,18,1984,0.0
11,19,1984,0.1
11,20,1984,0.0
11,21,1984,0.0
11,22,1984,0.0
11,23,1984,0.0
11,24,1984,0.0
11,25,1984,0.0
11,26,1984,0.0
11,27,1984,2.4
11,28,1984,0.0
11,29,1984,0.0
11,30,1984,0.0
12,01,1984,0.0
12,02,1984,0.0
12,03,1984,0.0
12,04,1984,0.0
12,05,1984,26.4
12,06,1984,0.0
12,07,1984,0.0
12,08,1984,0.0
12,09,1984,0.0
12,10,1984,0.0
12,11,1984,0.0
12,12,1984,0.0
12,13,1984,0.0
12,14,1984,0.0
12,15,1984,0.0
12,16,1984,0.8
12,17,1984,12.8
12,18,1984,0.0
12,19,1984,0.0
12,20,1984,0.0
12,21,1984,0.0
12,22,1984,0.0
12,23,1984,0.0
12,24,1984,0.8
12,25,1984,14.9
12,26,1984,0.7
12,27,1984,4.0
12,28,1984,0.3
12,29,1984,0.0
12,30,1984,0.0
12,31,1984,0.1
01,01,1985,null
01,02,1985,null
01,03,1985,null
01,04,1985,null
01,05,1985,null
01,06,1985,null
01,07,1985,null
01,08,1985,null
01,09,1985,null
01,10,1985,null
01,11,1985,null
01,12,1985,null
01,13,1985,null
01,14,1985,null
01,15,1985,null
01,16,1985,null
01,17,1985,null
01,18,1985,null
01,19,1985,null
01,20,1985,null
01,21,1985,null
01,22,1985,null
01,23,1985,null
01,24,1985,null
01,25,1985,null
01,26,1985,null
01,27,1985,null
01,28,1985,null
01,29,1985,null
01,30,1985,null
01,31,1985,null
02,01,1985,null
02,02,1985,null
02,03,1985,null
02,04,1985,null
02,05,1985,null
02,06,1985,null
02,07,1985,null
02,08,1985,null
02,09,1985,null
02,10,1985,null
02,11,1985,null
02,12,1985,null
02,13,1985,null
02,14,1985,null
02,15,1985,null
02,16,1985,null
02,17,1985,null
02,18,1985,null
02,19,1985,null
02,20,1985,null
02,21,1985,null
02,22,1985,null
02,23,1985,null
02,24,1985,null
02,25,1985,null
02,26,1985,null
02,27,1985,null
02,28,1985,null
03,01,1985,null
03,02,1985,null
03,03,1985,null
03,04,1985,null
03,05,1985,null
03,06,1985,null
03,07,1985,null
03,08,1985,null
03,09,1985,null
03,10,1985,null
03,11,1985,null
03,12,1985,null
03,13,1985,null
03,14,1985,null
03,15,1985,null
03,16,1985,null
03,17,1985,null
03,18,1985,null
03,19,1985,null
03,20,1985,null
03,21,1985,null
03,22,1985,null
03,23,1985,null
03,24,1985,null
03,25,1985,null
03,26,1985,null
03,27,1985,null
03,28,1985,null
03,29,1985,null
03,30,1985,null
03,31,1985,null
04,01,1985,null
04,02,1985,null
04,03,1985,null
04,04,1985,null
04,05,1985,null
04,06,1985,null
04,07,1985,null
04,08,1985,null
04,09,1985,null
04,10,1985,null
04,11,1985,null
04,12,1985,null
04,13,1985,null
04,14,1985,null
04,15,1985,null
04,16,1985,null
04,17,1985,null
04,18,1985,null
04,19,1985,null
04,20,1985,null
04,21,1985,null
04,22,1985,null
04,23,1985,null
04,24,1985,null
04,25,1985,null
04,26,1985,null
04,27,1985,null
04,28,1985,null
04,29,1985,null
04,30,1985,null
05,01,1985,null
05,02,1985,null
05,03,1985,null
05,04,1985,null
05,05,1985,null
05,06,1985,null
05,07,1985,null
05,08,1985,null
05,09,1985,null
05,10,1985,null
05,11,1985,null
05,12,1985,null
05,13,1985,null
05,14,1985,null
05,15,1985,null
05,16,1985,null
05,17,1985,null
05,18,1985,null
05,19,1985,null
05,20,1985,null
05,21,1985,null
05,22,1985,null
05,23,1985,null
05,24,1985,null
05,25,1985,null
05,26,1985,null
05,27,1985,null
05,28,1985,null
05,29,1985,null
05,30,1985,null
05,31,1985,null
06,01,1985,null
06,02,1985,null
06,03,1985,null
06,04,1985,null
06,05,1985,null
06,06,1985,null
06,07,1985,null
06,08,1985,null
06,09,1985,null
06,10,1985,null
06,11,1985,null
06,12,1985,null
06,13,1985,null
06,14,1985,null
06,15,1985,null
06,16,1985,null
06,17,1985,null
06,18,1985,null
06,19,1985,null
06,20,1985,null
06,21,1985,null
06,22,1985,null
06,23,1985,null
06,24,1985,null
06,25,1985,null
06,26,1985,null
06,27,1985,null
06,28,1985,null
06,29,1985,null
06,30,1985,null
07,01,1985,null
07,02,1985,null
07,03,1985,null
07,04,1985,null
07,05,1985,null
07,06,1985,null
07,07,1985,null
07,08,1985,null
07,09,1985,null
07,10,1985,null
07,11,1985,null
07,12,1985,null
07,13,1985,null
07,14,1985,null
07,15,1985,null
07,16,1985,null
07,17,1985,null
07,18,1985,null
07,19,1985,null
07,20,1985,null
07,21,1985,null
07,22,1985,null
07,23,1985,null
07,24,1985,null
07,25,1985,null
07,26,1985,null
07,27,1985,null
07,28,1985,null
07,29,1985,null
07,30,1985,null
07,31,1985,null
08,01,1985,null
08,02,1985,null
08,03,1985,null
08,04,1985,null
08,05,1985,null
08,06,1985,null
08,07,1985,null
08,08,1985,null
08,09,1985,null
08,10,1985,null
08,11,1985,null
08,12,1985,null
08,13,1985,null
08,14,1985,null
08,15,1985,null
08,16,1985,null
08,17,1985,null
08,18,1985,null
08,19,1985,null
08,20,1985,null
08,21,1985,null
08,22,1985,null
08,23,1985,null
08,24,1985,null
08,25,1985,null
08,26,1985,null
08,27,1985,null
08,28,1985,null
08,29,1985,null
08,30,1985,null
08,31,1985,null
09,01,1985,null
09,02,1985,null
09,03,1985,null
09,04,1985,null
09,05,1985,null
09,06,1985,null
09,07,1985,null
09,08,1985,null
09,09,1985,null
09,10,1985,null
09,11,1985,null
09,12,1985,null
09,13,1985,null
09,14,1985,null
09,15,1985,null
09,16,1985,null
09,17,1985,null
09,18,1985,null
09,19,1985,null
09,20,1985,null
09,21,1985,null
09,22,1985,null
09,23,1985,null
09,24,1985,null
09,25,1985,null
09,26,1985,null
09,27,1985,null
09,28,1985,null
09,29,1985,null
09,30,1985,null
10,01,1985,null
10,02,1985,null
10,03,1985,null
10,04,1985,null
10,05,1985,null
10,06,1985,null
10,07,1985,null
10,08,1985,null
10,09,1985,null
10,10,1985,null
10,11,1985,null
10,12,1985,null
10,13,1985,null
10,14,1985,null
10,15,1985,null
10,16,1985,null
10,17,1985,null
10,18,1985,null
10,19,1985,null
10,20,1985,null
10,21,1985,null
10,22,1985,null
10,23,1985,null
10,24,1985,null
10,25,1985,null
10,26,1985,null
10,27,1985,null
10,28,1985,null
10,29,1985,null
10,30,1985,null
10,31,1985,null
11,01,1985,null
11,02,1985,null
11,03,1985,null
11,04,1985,null
11,05,1985,null
11,06,1985,null
11,07,1985,null
11,08,1985,null
11,09,1985,null
11,10,1985,null
11,11,1985,null
11,12,1985,null
11,13,1985,null
11,14,1985,null
11,15,1985,null
11,16,1985,null
11,17,1985,null
11,18,1985,null
11,19,1985,null
11,20,1985,null
11,21,1985,null
11,22,1985,null
11,23,1985,null
11,24,1985,null
11,25,1985,null
11,26,1985,null
11,27,1985,null
11,28,1985,null
11,29,1985,null
11,30,1985,null
12,01,1985,null
12,02,1985,null
12,03,1985,null
12,04,1985,null
12,05,1985,null
12,06,1985,null
12,07,1985,null
12,08,1985,null
12,09,1985,null
12,10,1985,null
12,11,1985,null
12,12,1985,null
12,13,1985,null
12,14,1985,null
12,15,1985,null
12,16,1985,null
12,17,1985,null
12,18,1985,null
12,19,1985,null
12,20,1985,null
12,21,1985,null
12,22,1985,null
12,23,1985,null
12,24,1985,null
12,25,1985,null
12,26,1985,null
12,27,1985,null
12,28,1985,null
12,29,1985,null
12,30,1985,null
12,31,1985,null
01,01,1986,0.0
01,02,1986,0.0
01,03,1986,0.0
01,04,1986,0.0
01,05,1986,0.0
01,06,1986,0.0
01,07,1986,0.0
01,08,1986,0.0
01,09,1986,0.3
01,10,1986,0.0
01,11,1986,0.0
01,12,1986,0.0
01,13,1986,0.0
01,14,1986,0.0
01,15,1986,0.0
01,16,1986,0.0
01,17,1986,0.0
01,18,1986,0.0
01,19,1986,0.0
01,20,1986,0.0
01,21,1986,0.0
01,22,1986,0.0
01,23,1986,0.0
01,24,1986,0.0
01,25,1986,0.0
01,26,1986,0.2
01,27,1986,0.0
01,28,1986,0.0
01,29,1986,0.0
01,30,1986,0.0
01,31,1986,0.0
02,01,1986,0.0
02,02,1986,0.0
02,03,1986,0.0
02,04,1986,0.0
02,05,1986,0.0
02,06,1986,0.0
02,07,1986,0.0
02,08,1986,0.0
02,09,1986,0.0
02,10,1986,0.0
02,11,1986,0.1
02,12,1986,9.0
02,13,1986,13.5
02,14,1986,0.0
02,15,1986,0.0
02,16,1986,0.0
02,17,1986,0.0
02,18,1986,0.0
02,19,1986,0.0
02,20,1986,0.0
02,21,1986,0.0
02,22,1986,4.4
02,23,1986,0.0
02,24,1986,0.0
02,25,1986,0.0
02,26,1986,0.0
02,27,1986,0.0
02,28,1986,0.0
03,01,1986,0.0
03,02,1986,0.0
03,03,1986,0.0
03,04,1986,0.0
03,05,1986,0.0
03,06,1986,1.0
03,07,1986,0.0
03,08,1986,0.0
03,09,1986,0.0
03,10,1986,0.0
03,11,1986,0.0
03,12,1986,0.0
03,13,1986,0.0
03,14,1986,0.0
03,15,1986,0.0
03,16,1986,0.0
03,17,1986,0.0
03,18,1986,0.0
03,19,1986,0.0
03,20,1986,0.0
03,21,1986,0.0
03,22,1986,0.0
03,23,1986,0.3
03,24,1986,0.1
03,25,1986,0.0
03,26,1986,0.0
03,27,1986,0.0
03,28,1986,0.1
03,29,1986,0.0
03,30,1986,0.0
03,31,1986,0.0
04,01,1986,0.0
04,02,1986,0.0
04,03,1986,0.0
04,04,1986,0.0
04,05,1986,0.0
04,06,1986,0.0
04,07,1986,0.0
04,08,1986,0.0
04,09,1986,0.0
04,10,1986,0.7
04,11,1986,0.0
04,12,1986,0.0
04,13,1986,0.0
04,14,1986,0.0
04,15,1986,0.0
04,16,1986,0.0
04,17,1986,0.0
04,18,1986,0.0
04,19,1986,0.0
04,20,1986,0.7
04,21,1986,0.0
04,22,1986,0.0
04,23,1986,0.0
04,24,1986,4.0
04,25,1986,0.0
04,26,1986,0.0
04,27,1986,0.0
04,28,1986,0.0
04,29,1986,0.0
04,30,1986,0.1
05,01,1986,0.0
05,02,1986,0.0
05,03,1986,0.0
05,04,1986,0.0
05,05,1986,0.0
05,06,1986,0.0
05,07,1986,0.0
05,08,1986,0.0
05,09,1986,0.0
05,10,1986,0.3
05,11,1986,0.0
05,12,1986,0.0
05,13,1986,0.1
05,14,1986,0.0
05,15,1986,0.0
05,16,1986,0.0
05,17,1986,0.0
05,18,1986,0.2
05,19,1986,0.0
05,20,1986,0.1
05,21,1986,0.0
05,22,1986,0.0
05,23,1986,0.0
05,24,1986,0.2
05,25,1986,13.0
05,26,1986,4.3
05,27,1986,0.0
05,28,1986,0.0
05,29,1986,1.2
05,30,1986,0.0
05,31,1986,1.8
06,01,1986,11.8
06,02,1986,2.8
06,03,1986,14.0
06,04,1986,0.0
06,05,1986,0.0
06,06,1986,0.0
06,07,1986,0.0
06,08,1986,0.0
06,09,1986,0.0
06,10,1986,15.1
06,11,1986,5.6
06,12,1986,0.0
06,13,1986,13.7
06,14,1986,0.0
06,15,1986,0.0
06,16,1986,1.0
06,17,1986,5.7
06,18,1986,25.0
06,19,1986,0.0
06,20,1986,0.0
06,21,1986,0.7
06,22,1986,0.0
06,23,1986,18.3
06,24,1986,0.0
06,25,1986,0.6
06,26,1986,50.8
06,27,1986,16.5
06,28,1986,0.0
06,29,1986,0.0
06,30,1986,2.3
07,01,1986,32.0
07,02,1986,31.0
07,03,1986,0.2
07,04,1986,0.0
07,05,1986,3.0
07,06,1986,73.2
07,07,1986,14.0
07,08,1986,0.0
07,09,1986,0.0
07,10,1986,0.0
07,11,1986,0.0
07,12,1986,39.5
07,13,1986,5.9
07,14,1986,29.4
07,15,1986,0.0
07,16,1986,0.0
07,17,1986,0.0
07,18,1986,0.0
07,19,1986,0.0
07,20,1986,0.0
07,21,1986,0.0
07,22,1986,0.0
07,23,1986,1.5
07,24,1986,2.3
07,25,1986,0.0
07,26,1986,0.0
07,27,1986,0.0
07,28,1986,0.0
07,29,1986,0.0
07,30,1986,0.0
07,31,1986,0.0
08,01,1986,0.0
08,02,1986,0.1
08,03,1986,0.0
08,04,1986,3.3
08,05,1986,5.3
08,06,1986,0.0
08,07,1986,0.0
08,08,1986,2.8
08,09,1986,13.0
08,10,1986,0.5
08,11,1986,0.0
08,12,1986,0.0
08,13,1986,2.2
08,14,1986,4.9
08,15,1986,0.0
08,16,1986,0.0
08,17,1986,0.0
08,18,1986,0.0
08,19,1986,0.0
08,20,1986,0.0
08,21,1986,28.2
08,22,1986,0.0
08,23,1986,40.8
08,24,1986,0.0
08,25,1986,0.6
08,26,1986,0.0
08,27,1986,0.0
08,28,1986,2.5
08,29,1986,1.0
08,30,1986,0.0
08,31,1986,0.0
09,01,1986,0.0
09,02,1986,0.2
09,03,1986,1.3
09,04,1986,29.2
09,05,1986,0.1
09,06,1986,0.2
09,07,1986,3.8
09,08,1986,0.0
09,09,1986,0.2
09,10,1986,0.0
09,11,1986,0.0
09,12,1986,22.7
09,13,1986,0.0
09,14,1986,9.5
09,15,1986,8.5
09,16,1986,2.0
09,17,1986,17.5
09,18,1986,36.0
09,19,1986,1.1
09,20,1986,0.0
09,21,1986,0.0
09,22,1986,0.0
09,23,1986,0.0
09,24,1986,0.0
09,25,1986,0.0
09,26,1986,0.2
09,27,1986,58.0
09,28,1986,50.1
09,29,1986,12.9
09,30,1986,0.0
10,01,1986,0.0
10,02,1986,0.6
10,03,1986,2.5
10,04,1986,22.0
10,05,1986,0.2
10,06,1986,12.7
10,07,1986,0.0
10,08,1986,0.0
10,09,1986,0.0
10,10,1986,0.0
10,11,1986,0.0
10,12,1986,0.0
10,13,1986,0.0
10,14,1986,0.0
10,15,1986,0.0
10,16,1986,0.1
10,17,1986,0.0
10,18,1986,1.9
10,19,1986,0.0
10,20,1986,0.0
10,21,1986,0.0
10,22,1986,0.0
10,23,1986,0.0
10,24,1986,21.0
10,25,1986,0.3
10,26,1986,17.5
10,27,1986,5.7
10,28,1986,0.4
10,29,1986,0.0
10,30,1986,0.0
10,31,1986,0.0
11,01,1986,0.0
11,02,1986,4.8
11,03,1986,0.0
11,04,1986,0.0
11,05,1986,0.0
11,06,1986,0.0
11,07,1986,0.0
11,08,1986,0.0
11,09,1986,0.0
11,10,1986,0.0
11,11,1986,40.1
11,12,1986,32.7
11,13,1986,2.1
11,14,1986,0.0
11,15,1986,0.0
11,16,1986,0.0
11,17,1986,0.0
11,18,1986,0.0
11,19,1986,0.0
11,20,1986,0.0
11,21,1986,0.0
11,22,1986,0.0
11,23,1986,0.0
11,24,1986,0.5
11,25,1986,1.0
11,26,1986,0.0
11,27,1986,26.7
11,28,1986,4.1
11,29,1986,0.0
11,30,1986,0.0
12,01,1986,0.0
12,02,1986,0.3
12,03,1986,0.3
12,04,1986,0.3
12,05,1986,0.5
12,06,1986,0.0
12,07,1986,0.0
12,08,1986,0.0
12,09,1986,0.5
12,10,1986,0.0
12,11,1986,1.9
12,12,1986,0.5
12,13,1986,2.5
12,14,1986,0.0
12,15,1986,0.0
12,16,1986,0.0
12,17,1986,0.0
12,18,1986,0.0
12,19,1986,0.0
12,20,1986,0.0
12,21,1986,0.0
12,22,1986,0.0
12,23,1986,0.2
12,24,1986,0.0
12,25,1986,0.0
12,26,1986,0.6
12,27,1986,0.4
12,28,1986,0.0
12,29,1986,2.7
12,30,1986,12.5
12,31,1986,0.0
01,01,1987,0.0
01,02,1987,0.0
01,03,1987,0.0
01,04,1987,0.0
01,05,1987,0.0
01,06,1987,0.0
01,07,1987,0.0
01,08,1987,0.0
01,09,1987,0.0
01,10,1987,0.2
01,11,1987,0.0
01,12,1987,0.0
01,13,1987,0.0
01,14,1987,0.0
01,15,1987,0.0
01,16,1987,0.0
01,17,1987,0.0
01,18,1987,0.1
01,19,1987,0.9
01,20,1987,0.0
01,21,1987,7.0
01,22,1987,2.6
01,23,1987,0.0
01,24,1987,0.0
01,25,1987,0.0
01,26,1987,0.0
01,27,1987,0.0
01,28,1987,0.0
01,29,1987,0.0
01,30,1987,0.0
01,31,1987,0.0
02,01,1987,0.0
02,02,1987,0.0
02,03,1987,0.0
02,04,1987,0.0
02,05,1987,0.0
02,06,1987,0.1
02,07,1987,0.0
02,08,1987,0.0
02,09,1987,0.0
02,10,1987,0.0
02,11,1987,0.0
02,12,1987,0.0
02,13,1987,0.0
02,14,1987,0.0
02,15,1987,0.0
02,16,1987,0.0
02,17,1987,1.3
02,18,1987,1.6
02,19,1987,0.0
02,20,1987,0.0
02,21,1987,0.0
02,22,1987,0.0
02,23,1987,0.0
02,24,1987,0.0
02,25,1987,0.0
02,26,1987,0.0
02,27,1987,0.0
02,28,1987,0.0
03,01,1987,0.0
03,02,1987,0.0
03,03,1987,0.0
03,04,1987,2.4
03,05,1987,8.6
03,06,1987,0.0
03,07,1987,0.0
03,08,1987,0.0
03,09,1987,0.0
03,10,1987,0.8
03,11,1987,0.0
03,12,1987,0.3
03,13,1987,2.1
03,14,1987,0.1
03,15,1987,0.0
03,16,1987,0.0
03,17,1987,0.0
03,18,1987,0.0
03,19,1987,0.0
03,20,1987,0.0
03,21,1987,0.0
03,22,1987,0.0
03,23,1987,0.0
03,24,1987,0.0
03,25,1987,0.1
03,26,1987,0.0
03,27,1987,0.0
03,28,1987,0.0
03,29,1987,0.3
03,30,1987,3.2
03,31,1987,0.0
04,01,1987,0.0
04,02,1987,0.6
04,03,1987,8.9
04,04,1987,0.0
04,05,1987,0.0
04,06,1987,2.7
04,07,1987,5.7
04,08,1987,4.9
04,09,1987,1.3
04,10,1987,0.0
04,11,1987,0.0
04,12,1987,0.0
04,13,1987,0.0
04,14,1987,0.0
04,15,1987,0.0
04,16,1987,0.0
04,17,1987,0.0
04,18,1987,0.0
04,19,1987,0.0
04,20,1987,0.0
04,21,1987,0.2
04,22,1987,0.0
04,23,1987,0.0
04,24,1987,0.5
04,25,1987,0.0
04,26,1987,0.0
04,27,1987,0.0
04,28,1987,0.0
04,29,1987,0.0
04,30,1987,0.0
05,01,1987,0.0
05,02,1987,0.0
05,03,1987,0.0
05,04,1987,0.4
05,05,1987,66.0
05,06,1987,0.1
05,07,1987,0.5
05,08,1987,0.3
05,09,1987,0.0
05,10,1987,0.3
05,11,1987,0.0
05,12,1987,0.0
05,13,1987,0.0
05,14,1987,0.0
05,15,1987,0.0
05,16,1987,0.0
05,17,1987,0.0
05,18,1987,0.0
05,19,1987,0.0
05,20,1987,0.0
05,21,1987,0.0
05,22,1987,0.0
05,23,1987,0.0
05,24,1987,0.0
05,25,1987,0.0
05,26,1987,0.0
05,27,1987,0.0
05,28,1987,0.0
05,29,1987,7.8
05,30,1987,7.1
05,31,1987,0.0
06,01,1987,0.4
06,02,1987,0.5
06,03,1987,0.0
06,04,1987,0.0
06,05,1987,12.8
06,06,1987,6.8
06,07,1987,8.5
06,08,1987,3.9
06,09,1987,21.8
06,10,1987,0.2
06,11,1987,0.6
06,12,1987,0.0
06,13,1987,0.2
06,14,1987,0.0
06,15,1987,0.0
06,16,1987,0.0
06,17,1987,0.0
06,18,1987,0.0
06,19,1987,1.1
06,20,1987,1.5
06,21,1987,7.7
06,22,1987,0.2
06,23,1987,0.0
06,24,1987,5.1
06,25,1987,0.0
06,26,1987,1.4
06,27,1987,0.0
06,28,1987,0.0
06,29,1987,0.0
06,30,1987,12.8
07,01,1987,0.0
07,02,1987,0.0
07,03,1987,40.4
07,04,1987,0.6
07,05,1987,0.0
07,06,1987,0.0
07,07,1987,0.0
07,08,1987,20.5
07,09,1987,9.3
07,10,1987,0.0
07,11,1987,0.0
07,12,1987,2.1
07,13,1987,26.9
07,14,1987,16.4
07,15,1987,0.7
07,16,1987,0.0
07,17,1987,0.0
07,18,1987,0.0
07,19,1987,8.0
07,20,1987,0.0
07,21,1987,20.5
07,22,1987,27.9
07,23,1987,0.0
07,24,1987,0.0
07,25,1987,0.0
07,26,1987,3.6
07,27,1987,14.2
07,28,1987,22.3
07,29,1987,20.5
07,30,1987,21.6
07,31,1987,27.1
08,01,1987,0.0
08,02,1987,7.2
08,03,1987,0.0
08,04,1987,0.0
08,05,1987,0.0
08,06,1987,0.0
08,07,1987,0.0
08,08,1987,0.0
08,09,1987,0.0
08,10,1987,0.0
08,11,1987,0.0
08,12,1987,0.0
08,13,1987,0.0
08,14,1987,0.0
08,15,1987,0.0
08,16,1987,3.3
08,17,1987,1.0
08,18,1987,2.6
08,19,1987,0.0
08,20,1987,1.3
08,21,1987,1.3
08,22,1987,1.0
08,23,1987,0.0
08,24,1987,0.0
08,25,1987,0.0
08,26,1987,9.0
08,27,1987,0.0
08,28,1987,0.0
08,29,1987,3.8
08,30,1987,0.0
08,31,1987,0.0
09,01,1987,1.5
09,02,1987,2.6
09,03,1987,0.0
09,04,1987,18.2
09,05,1987,0.0
09,06,1987,0.0
09,07,1987,0.0
09,08,1987,0.0
09,09,1987,0.7
09,10,1987,0.0
09,11,1987,0.0
09,12,1987,0.0
09,13,1987,0.0
09,14,1987,0.3
09,15,1987,0.0
09,16,1987,0.0
09,17,1987,0.0
09,18,1987,0.0
09,19,1987,0.4
09,20,1987,0.3
09,21,1987,0.0
09,22,1987,0.9
09,23,1987,0.9
09,24,1987,0.0
09,25,1987,0.0
09,26,1987,0.0
09,27,1987,0.0
09,28,1987,0.0
09,29,1987,8.9
09,30,1987,0.0
10,01,1987,0.0
10,02,1987,0.0
10,03,1987,0.0
10,04,1987,0.0
10,05,1987,1.7
10,06,1987,0.0
10,07,1987,0.0
10,08,1987,0.0
10,09,1987,0.0
10,10,1987,0.0
10,11,1987,0.0
10,12,1987,0.0
10,13,1987,0.0
10,14,1987,0.0
10,15,1987,0.0
10,16,1987,0.0
10,17,1987,0.0
10,18,1987,0.0
10,19,1987,0.0
10,20,1987,0.0
10,21,1987,13.6
10,22,1987,0.0
10,23,1987,0.1
10,24,1987,0.0
10,25,1987,33.4
10,26,1987,0.0
10,27,1987,0.6
10,28,1987,0.0
10,29,1987,0.0
10,30,1987,0.0
10,31,1987,0.0
11,01,1987,0.0
11,02,1987,0.0
11,03,1987,0.0
11,04,1987,0.0
11,05,1987,0.0
11,06,1987,0.0
11,07,1987,0.0
11,08,1987,0.0
11,09,1987,0.1
11,10,1987,0.2
11,11,1987,0.5
11,12,1987,0.0
11,13,1987,0.0
11,14,1987,0.0
11,15,1987,0.0
11,16,1987,0.0
11,17,1987,0.0
11,18,1987,0.0
11,19,1987,0.0
11,20,1987,0.0
11,21,1987,0.0
11,22,1987,0.0
11,23,1987,0.0
11,24,1987,0.0
11,25,1987,0.0
11,26,1987,0.0
11,27,1987,2.6
11,28,1987,2.2
11,29,1987,0.0
11,30,1987,0.0
12,01,1987,2.9
12,02,1987,0.0
12,03,1987,0.1
12,04,1987,0.0
12,05,1987,0.0
12,06,1987,0.0
12,07,1987,0.0
12,08,1987,0.0
12,09,1987,0.0
12,10,1987,0.0
12,11,1987,0.0
12,12,1987,0.0
12,13,1987,0.0
12,14,1987,0.0
12,15,1987,0.0
12,16,1987,0.0
12,17,1987,0.0
12,18,1987,0.0
12,19,1987,0.0
12,20,1987,0.0
12,21,1987,0.0
12,22,1987,0.0
12,23,1987,0.0
12,24,1987,0.0
12,25,1987,0.0
12,26,1987,0.0
12,27,1987,0.0
12,28,1987,3.9
12,29,1987,0.0
12,30,1987,0.0
12,31,1987,0.0
01,01,1988,0.0
01,02,1988,0.0
01,03,1988,0.0
01,04,1988,0.0
01,05,1988,0.0
01,06,1988,0.0
01,07,1988,0.0
01,08,1988,0.0
01,09,1988,0.0
01,10,1988,1.4
01,11,1988,4.2
01,12,1988,0.0
01,13,1988,0.0
01,14,1988,0.1
01,15,1988,3.2
01,16,1988,0.0
01,17,1988,0.0
01,18,1988,0.0
01,19,1988,0.0
01,20,1988,0.3
01,21,1988,0.0
01,22,1988,0.1
01,23,1988,1.0
01,24,1988,2.2
01,25,1988,0.0
01,26,1988,0.0
01,27,1988,2.3
01,28,1988,0.3
01,29,1988,0.0
01,30,1988,0.0
01,31,1988,0.0
02,01,1988,0.0
02,02,1988,0.0
02,03,1988,0.0
02,04,1988,0.0
02,05,1988,2.7
02,06,1988,0.0
02,07,1988,0.0
02,08,1988,0.0
02,09,1988,0.4
02,10,1988,0.0
02,11,1988,0.0
02,12,1988,2.5
02,13,1988,0.0
02,14,1988,0.0
02,15,1988,0.0
02,16,1988,0.0
02,17,1988,0.0
02,18,1988,0.0
02,19,1988,0.2
02,20,1988,5.2
02,21,1988,0.0
02,22,1988,0.0
02,23,1988,0.0
02,24,1988,0.0
02,25,1988,0.0
02,26,1988,2.3
02,27,1988,0.0
02,28,1988,0.0
02,29,1988,0.4
03,01,1988,1.0
03,02,1988,0.0
03,03,1988,0.0
03,04,1988,7.2
03,05,1988,1.0
03,06,1988,18.2
03,07,1988,0.3
03,08,1988,0.0
03,09,1988,0.0
03,10,1988,0.0
03,11,1988,0.0
03,12,1988,0.0
03,13,1988,0.0
03,14,1988,0.0
03,15,1988,0.0
03,16,1988,0.0
03,17,1988,0.0
03,18,1988,1.7
03,19,1988,0.0
03,20,1988,0.0
03,21,1988,0.0
03,22,1988,0.0
03,23,1988,0.0
03,24,1988,0.0
03,25,1988,0.1
03,26,1988,0.5
03,27,1988,0.1
03,28,1988,0.0
03,29,1988,0.7
03,30,1988,19.2
03,31,1988,0.0
04,01,1988,0.0
04,02,1988,0.0
04,03,1988,0.0
04,04,1988,0.0
04,05,1988,0.0
04,06,1988,0.0
04,07,1988,0.0
04,08,1988,1.1
04,09,1988,0.0
04,10,1988,11.9
04,11,1988,0.1
04,12,1988,0.0
04,13,1988,0.0
04,14,1988,0.0
04,15,1988,0.0
04,16,1988,0.0
04,17,1988,0.0
04,18,1988,0.0
04,19,1988,0.1
04,20,1988,0.0
04,21,1988,0.0
04,22,1988,0.0
04,23,1988,0.0
04,24,1988,0.0
04,25,1988,0.0
04,26,1988,0.0
04,27,1988,0.0
04,28,1988,0.0
04,29,1988,0.0
04,30,1988,4.2
05,01,1988,6.5
05,02,1988,0.6
05,03,1988,5.9
05,04,1988,2.7
05,05,1988,0.0
05,06,1988,0.0
05,07,1988,0.0
05,08,1988,0.0
05,09,1988,0.0
05,10,1988,0.0
05,11,1988,0.0
05,12,1988,5.4
05,13,1988,0.0
05,14,1988,0.0
05,15,1988,0.0
05,16,1988,0.0
05,17,1988,0.8
05,18,1988,1.0
05,19,1988,0.0
05,20,1988,0.0
05,21,1988,0.0
05,22,1988,0.0
05,23,1988,0.0
05,24,1988,0.0
05,25,1988,0.0
05,26,1988,0.9
05,27,1988,0.2
05,28,1988,0.0
05,29,1988,0.0
05,30,1988,0.0
05,31,1988,0.0
06,01,1988,0.3
06,02,1988,0.0
06,03,1988,0.0
06,04,1988,13.7
06,05,1988,0.0
06,06,1988,0.0
06,07,1988,0.0
06,08,1988,0.0
06,09,1988,16.9
06,10,1988,0.0
06,11,1988,3.0
06,12,1988,0.0
06,13,1988,0.0
06,14,1988,22.0
06,15,1988,33.0
06,16,1988,5.4
06,17,1988,18.2
06,18,1988,0.0
06,19,1988,13.9
06,20,1988,11.5
06,21,1988,0.4
06,22,1988,3.3
06,23,1988,19.2
06,24,1988,0.3
06,25,1988,0.0
06,26,1988,0.0
06,27,1988,0.0
06,28,1988,0.0
06,29,1988,0.0
06,30,1988,3.9
07,01,1988,0.0
07,02,1988,0.0
07,03,1988,0.0
07,04,1988,4.0
07,05,1988,3.1
07,06,1988,0.3
07,07,1988,0.0
07,08,1988,0.0
07,09,1988,0.0
07,10,1988,0.0
07,11,1988,0.0
07,12,1988,2.9
07,13,1988,14.4
07,14,1988,63.0
07,15,1988,0.0
07,16,1988,0.0
07,17,1988,2.9
07,18,1988,2.5
07,19,1988,4.4
07,20,1988,5.8
07,21,1988,8.0
07,22,1988,0.0
07,23,1988,0.0
07,24,1988,0.0
07,25,1988,0.0
07,26,1988,0.0
07,27,1988,0.0
07,28,1988,4.9
07,29,1988,15.7
07,30,1988,0.0
07,31,1988,0.0
08,01,1988,0.0
08,02,1988,0.0
08,03,1988,0.0
08,04,1988,0.8
08,05,1988,0.1
08,06,1988,3.9
08,07,1988,22.0
08,08,1988,1.1
08,09,1988,0.0
08,10,1988,0.0
08,11,1988,13.3
08,12,1988,36.2
08,13,1988,41.5
08,14,1988,21.0
08,15,1988,6.8
08,16,1988,0.0
08,17,1988,1.9
08,18,1988,0.0
08,19,1988,0.0
08,20,1988,0.0
08,21,1988,0.0
08,22,1988,18.0
08,23,1988,0.0
08,24,1988,0.3
08,25,1988,0.0
08,26,1988,0.0
08,27,1988,0.0
08,28,1988,9.7
08,29,1988,0.0
08,30,1988,0.0
08,31,1988,9.6
09,01,1988,0.2
09,02,1988,21.8
09,03,1988,6.5
09,04,1988,33.8
09,05,1988,23.5
09,06,1988,0.0
09,07,1988,0.0
09,08,1988,0.0
09,09,1988,0.0
09,10,1988,0.0
09,11,1988,0.0
09,12,1988,0.0
09,13,1988,6.0
09,14,1988,0.0
09,15,1988,2.8
09,16,1988,0.0
09,17,1988,0.0
09,18,1988,0.0
09,19,1988,0.0
09,20,1988,5.3
09,21,1988,0.0
09,22,1988,0.0
09,23,1988,0.0
09,24,1988,0.0
09,25,1988,0.0
09,26,1988,0.0
09,27,1988,0.0
09,28,1988,19.6
09,29,1988,9.3
09,30,1988,0.2
10,01,1988,0.0
10,02,1988,1.8
10,03,1988,0.0
10,04,1988,0.0
10,05,1988,0.0
10,06,1988,0.0
10,07,1988,0.0
10,08,1988,0.8
10,09,1988,0.0
10,10,1988,0.2
10,11,1988,0.0
10,12,1988,0.0
10,13,1988,0.0
10,14,1988,0.0
10,15,1988,28.5
10,16,1988,0.0
10,17,1988,0.0
10,18,1988,0.0
10,19,1988,0.5
10,20,1988,0.1
10,21,1988,0.0
10,22,1988,0.0
10,23,1988,0.0
10,24,1988,49.5
10,25,1988,0.0
10,26,1988,0.0
10,27,1988,0.0
10,28,1988,42.0
10,29,1988,0.4
10,30,1988,0.0
10,31,1988,3.6
11,01,1988,0.0
11,02,1988,0.0
11,03,1988,0.0
11,04,1988,0.0
11,05,1988,0.0
11,06,1988,0.0
11,07,1988,0.0
11,08,1988,0.0
11,09,1988,0.0
11,10,1988,0.0
11,11,1988,0.0
11,12,1988,0.0
11,13,1988,0.0
11,14,1988,0.0
11,15,1988,0.0
11,16,1988,0.0
11,17,1988,0.0
11,18,1988,0.0
11,19,1988,0.0
11,20,1988,0.0
11,21,1988,0.0
11,22,1988,0.0
11,23,1988,0.0
11,24,1988,0.0
11,25,1988,0.0
11,26,1988,0.0
11,27,1988,0.0
11,28,1988,0.0
11,29,1988,0.0
11,30,1988,0.1
12,01,1988,0.6
12,02,1988,0.1
12,03,1988,0.0
12,04,1988,0.0
12,05,1988,0.0
12,06,1988,0.0
12,07,1988,0.0
12,08,1988,0.0
12,09,1988,0.0
12,10,1988,0.0
12,11,1988,0.0
12,12,1988,1.1
12,13,1988,0.0
12,14,1988,0.0
12,15,1988,0.0
12,16,1988,0.0
12,17,1988,1.0
12,18,1988,0.2
12,19,1988,0.0
12,20,1988,0.0
12,21,1988,0.0
12,22,1988,0.0
12,23,1988,0.0
12,24,1988,0.0
12,25,1988,0.0
12,26,1988,0.0
12,27,1988,0.0
12,28,1988,0.0
12,29,1988,0.0
12,30,1988,0.0
12,31,1988,0.7
01,01,1989,0.0
01,02,1989,0.0
01,03,1989,0.0
01,04,1989,0.0
01,05,1989,0.0
01,06,1989,0.0
01,07,1989,0.0
01,08,1989,0.0
01,09,1989,0.0
01,10,1989,0.0
01,11,1989,0.0
01,12,1989,0.0
01,13,1989,0.0
01,14,1989,0.0
01,15,1989,0.0
01,16,1989,0.0
01,17,1989,0.0
01,18,1989,0.0
01,19,1989,0.0
01,20,1989,0.0
01,21,1989,0.0
01,22,1989,0.0
01,23,1989,0.0
01,24,1989,0.0
01,25,1989,0.0
01,26,1989,0.0
01,27,1989,0.0
01,28,1989,0.0
01,29,1989,0.0
01,30,1989,0.0
01,31,1989,0.0
02,01,1989,0.0
02,02,1989,0.0
02,03,1989,0.0
02,04,1989,0.3
02,05,1989,0.0
02,06,1989,0.0
02,07,1989,0.0
02,08,1989,0.0
02,09,1989,3.2
02,10,1989,6.2
02,11,1989,0.0
02,12,1989,0.0
02,13,1989,0.0
02,14,1989,0.0
02,15,1989,0.0
02,16,1989,0.0
02,17,1989,0.0
02,18,1989,2.9
02,19,1989,0.0
02,20,1989,0.0
02,21,1989,0.0
02,22,1989,0.0
02,23,1989,0.0
02,24,1989,0.0
02,25,1989,0.0
02,26,1989,0.0
02,27,1989,0.0
02,28,1989,0.0
03,01,1989,0.0
03,02,1989,0.0
03,03,1989,0.0
03,04,1989,0.0
03,05,1989,1.2
03,06,1989,0.6
03,07,1989,0.0
03,08,1989,0.0
03,09,1989,0.0
03,10,1989,0.0
03,11,1989,0.0
03,12,1989,0.0
03,13,1989,0.0
03,14,1989,0.0
03,15,1989,0.0
03,16,1989,0.0
03,17,1989,0.0
03,18,1989,0.0
03,19,1989,0.0
03,20,1989,0.0
03,21,1989,0.0
03,22,1989,0.0
03,23,1989,0.0
03,24,1989,0.0
03,25,1989,0.0
03,26,1989,0.0
03,27,1989,0.0
03,28,1989,0.0
03,29,1989,0.0
03,30,1989,0.0
03,31,1989,0.0
04,01,1989,0.0
04,02,1989,0.0
04,03,1989,0.0
04,04,1989,0.0
04,05,1989,0.0
04,06,1989,0.0
04,07,1989,0.0
04,08,1989,0.0
04,09,1989,0.0
04,10,1989,0.0
04,11,1989,0.0
04,12,1989,0.3
04,13,1989,0.2
04,14,1989,20.0
04,15,1989,16.5
04,16,1989,0.0
04,17,1989,0.0
04,18,1989,0.0
04,19,1989,0.0
04,20,1989,0.0
04,21,1989,0.0
04,22,1989,0.0
04,23,1989,0.0
04,24,1989,0.0
04,25,1989,0.0
04,26,1989,4.0
04,27,1989,0.0
04,28,1989,0.3
04,29,1989,0.0
04,30,1989,2.6
05,01,1989,52.7
05,02,1989,0.3
05,03,1989,0.0
05,04,1989,0.0
05,05,1989,0.0
05,06,1989,4.3
05,07,1989,0.0
05,08,1989,0.0
05,09,1989,0.0
05,10,1989,10.3
05,11,1989,0.0
05,12,1989,0.0
05,13,1989,0.0
05,14,1989,0.0
05,15,1989,0.0
05,16,1989,0.0
05,17,1989,0.0
05,18,1989,0.0
05,19,1989,0.0
05,20,1989,0.0
05,21,1989,0.0
05,22,1989,0.0
05,23,1989,0.0
05,24,1989,0.0
05,25,1989,0.0
05,26,1989,0.3
05,27,1989,0.0
05,28,1989,0.0
05,29,1989,0.0
05,30,1989,0.0
05,31,1989,0.4
06,01,1989,0.0
06,02,1989,0.0
06,03,1989,0.0
06,04,1989,0.0
06,05,1989,0.0
06,06,1989,0.0
06,07,1989,0.0
06,08,1989,0.0
06,09,1989,0.0
06,10,1989,0.0
06,11,1989,0.0
06,12,1989,0.0
06,13,1989,0.2
06,14,1989,4.0
06,15,1989,14.6
06,16,1989,0.0
06,17,1989,18.0
06,18,1989,8.7
06,19,1989,0.4
06,20,1989,0.0
06,21,1989,14.8
06,22,1989,0.2
06,23,1989,0.0
06,24,1989,0.2
06,25,1989,0.0
06,26,1989,1.8
06,27,1989,0.0
06,28,1989,0.0
06,29,1989,0.4
06,30,1989,0.0
07,01,1989,0.0
07,02,1989,0.0
07,03,1989,0.0
07,04,1989,0.0
07,05,1989,82.5
07,06,1989,3.5
07,07,1989,0.0
07,08,1989,0.0
07,09,1989,0.0
07,10,1989,0.6
07,11,1989,48.5
07,12,1989,49.2
07,13,1989,0.0
07,14,1989,0.0
07,15,1989,0.0
07,16,1989,0.0
07,17,1989,0.0
07,18,1989,0.0
07,19,1989,0.0
07,20,1989,0.0
07,21,1989,0.0
07,22,1989,0.0
07,23,1989,0.0
07,24,1989,0.0
07,25,1989,1.5
07,26,1989,27.2
07,27,1989,0.2
07,28,1989,4.5
07,29,1989,0.0
07,30,1989,2.0
07,31,1989,2.0
08,01,1989,0.0
08,02,1989,0.0
08,03,1989,31.0
08,04,1989,10.3
08,05,1989,0.0
08,06,1989,0.0
08,07,1989,0.0
08,08,1989,0.0
08,09,1989,0.0
08,10,1989,0.0
08,11,1989,0.0
08,12,1989,0.0
08,13,1989,0.0
08,14,1989,0.0
08,15,1989,0.0
08,16,1989,1.8
08,17,1989,7.2
08,18,1989,0.0
08,19,1989,0.0
08,20,1989,5.0
08,21,1989,49.0
08,22,1989,0.0
08,23,1989,22.2
08,24,1989,0.0
08,25,1989,0.0
08,26,1989,0.0
08,27,1989,9.5
08,28,1989,11.7
08,29,1989,0.1
08,30,1989,0.0
08,31,1989,0.0
09,01,1989,0.0
09,02,1989,20.5
09,03,1989,1.5
09,04,1989,21.4
09,05,1989,25.0
09,06,1989,0.0
09,07,1989,0.0
09,08,1989,0.0
09,09,1989,0.0
09,10,1989,0.0
09,11,1989,0.0
09,12,1989,0.0
09,13,1989,0.0
09,14,1989,3.5
09,15,1989,19.8
09,16,1989,0.1
09,17,1989,9.2
09,18,1989,6.1
09,19,1989,0.3
09,20,1989,0.0
09,21,1989,1.8
09,22,1989,42.0
09,23,1989,0.3
09,24,1989,0.0
09,25,1989,0.0
09,26,1989,0.0
09,27,1989,0.0
09,28,1989,0.2
09,29,1989,0.0
09,30,1989,0.0
10,01,1989,0.0
10,02,1989,0.0
10,03,1989,0.0
10,04,1989,0.0
10,05,1989,0.0
10,06,1989,0.0
10,07,1989,0.0
10,08,1989,31.0
10,09,1989,0.0
10,10,1989,0.0
10,11,1989,0.0
10,12,1989,0.0
10,13,1989,0.0
10,14,1989,0.0
10,15,1989,0.0
10,16,1989,0.0
10,17,1989,0.0
10,18,1989,0.1
10,19,1989,0.0
10,20,1989,0.0
10,21,1989,0.0
10,22,1989,0.0
10,23,1989,0.0
10,24,1989,0.2
10,25,1989,0.0
10,26,1989,0.0
10,27,1989,0.0
10,28,1989,0.0
10,29,1989,0.0
10,30,1989,0.0
10,31,1989,0.0
11,01,1989,0.0
11,02,1989,0.9
11,03,1989,0.7
11,04,1989,0.0
11,05,1989,0.0
11,06,1989,0.0
11,07,1989,0.0
11,08,1989,0.2
11,09,1989,25.3
11,10,1989,4.0
11,11,1989,0.0
11,12,1989,0.0
11,13,1989,0.0
11,14,1989,0.0
11,15,1989,0.6
11,16,1989,0.0
11,17,1989,0.0
11,18,1989,0.0
11,19,1989,0.0
11,20,1989,0.0
11,21,1989,0.0
11,22,1989,0.0
11,23,1989,0.0
11,24,1989,0.0
11,25,1989,0.0
11,26,1989,0.0
11,27,1989,0.0
11,28,1989,0.0
11,29,1989,0.0
11,30,1989,0.7
12,01,1989,17.0
12,02,1989,4.9
12,03,1989,2.9
12,04,1989,0.0
12,05,1989,0.0
12,06,1989,0.0
12,07,1989,5.7
12,08,1989,4.1
12,09,1989,0.0
12,10,1989,0.0
12,11,1989,0.0
12,12,1989,0.0
12,13,1989,0.0
12,14,1989,0.0
12,15,1989,0.0
12,16,1989,0.0
12,17,1989,0.0
12,18,1989,0.0
12,19,1989,0.0
12,20,1989,0.0
12,21,1989,0.0
12,22,1989,8.8
12,23,1989,1.5
12,24,1989,0.0
12,25,1989,0.0
12,26,1989,0.0
12,27,1989,0.0
12,28,1989,0.0
12,29,1989,0.0
12,30,1989,0.0
12,31,1989,0.0
01,01,1990,0.3
01,02,1990,0.0
01,03,1990,0.0
01,04,1990,0.0
01,05,1990,0.3
01,06,1990,0.0
01,07,1990,0.2
01,08,1990,0.2
01,09,1990,0.0
01,10,1990,2.6
01,11,1990,0.0
01,12,1990,36.5
01,13,1990,0.0
01,14,1990,0.0
01,15,1990,0.0
01,16,1990,0.0
01,17,1990,0.0
01,18,1990,0.0
01,19,1990,0.0
01,20,1990,0.1
01,21,1990,0.0
01,22,1990,0.0
01,23,1990,0.0
01,24,1990,0.0
01,25,1990,0.1
01,26,1990,0.0
01,27,1990,0.0
01,28,1990,0.0
01,29,1990,0.0
01,30,1990,0.0
01,31,1990,0.0
02,01,1990,0.0
02,02,1990,0.0
02,03,1990,24.5
02,04,1990,0.0
02,05,1990,0.0
02,06,1990,0.0
02,07,1990,0.0
02,08,1990,0.0
02,09,1990,0.0
02,10,1990,0.0
02,11,1990,0.0
02,12,1990,0.0
02,13,1990,0.0
02,14,1990,0.0
02,15,1990,0.0
02,16,1990,1.7
02,17,1990,0.0
02,18,1990,0.0
02,19,1990,0.1
02,20,1990,36.7
02,21,1990,0.0
02,22,1990,10.5
02,23,1990,0.0
02,24,1990,0.0
02,25,1990,0.0
02,26,1990,0.2
02,27,1990,0.0
02,28,1990,0.0
03,01,1990,2.5
03,02,1990,1.0
03,03,1990,0.0
03,04,1990,0.0
03,05,1990,0.0
03,06,1990,0.0
03,07,1990,0.0
03,08,1990,0.0
03,09,1990,0.0
03,10,1990,0.0
03,11,1990,0.4
03,12,1990,0.0
03,13,1990,0.0
03,14,1990,0.0
03,15,1990,0.0
03,16,1990,1.3
03,17,1990,1.6
03,18,1990,0.0
03,19,1990,0.5
03,20,1990,0.0
03,21,1990,0.0
03,22,1990,0.0
03,23,1990,0.0
03,24,1990,0.0
03,25,1990,2.8
03,26,1990,0.0
03,27,1990,1.2
03,28,1990,0.0
03,29,1990,0.0
03,30,1990,0.0
03,31,1990,0.0
04,01,1990,0.0
04,02,1990,0.3
04,03,1990,64.5
04,04,1990,3.5
04,05,1990,0.0
04,06,1990,5.2
04,07,1990,0.1
04,08,1990,0.0
04,09,1990,0.0
04,10,1990,0.8
04,11,1990,9.8
04,12,1990,0.0
04,13,1990,0.0
04,14,1990,0.0
04,15,1990,0.0
04,16,1990,0.0
04,17,1990,0.0
04,18,1990,0.0
04,19,1990,0.0
04,20,1990,0.0
04,21,1990,0.0
04,22,1990,1.5
04,23,1990,0.0
04,24,1990,1.4
04,25,1990,0.5
04,26,1990,0.0
04,27,1990,0.0
04,28,1990,0.0
04,29,1990,0.0
04,30,1990,0.0
05,01,1990,0.0
05,02,1990,0.0
05,03,1990,0.0
05,04,1990,3.5
05,05,1990,0.0
05,06,1990,0.0
05,07,1990,0.0
05,08,1990,0.0
05,09,1990,0.0
05,10,1990,0.0
05,11,1990,0.0
05,12,1990,0.0
05,13,1990,0.0
05,14,1990,0.0
05,15,1990,0.0
05,16,1990,0.0
05,17,1990,0.0
05,18,1990,0.0
05,19,1990,0.0
05,20,1990,0.1
05,21,1990,12.0
05,22,1990,28.3
05,23,1990,0.0
05,24,1990,0.0
05,25,1990,0.0
05,26,1990,0.1
05,27,1990,0.0
05,28,1990,0.0
05,29,1990,0.0
05,30,1990,0.0
05,31,1990,0.0
06,01,1990,0.0
06,02,1990,6.8
06,03,1990,17.4
06,04,1990,0.0
06,05,1990,0.0
06,06,1990,0.0
06,07,1990,0.0
06,08,1990,0.0
06,09,1990,1.9
06,10,1990,0.1
06,11,1990,0.2
06,12,1990,0.0
06,13,1990,4.7
06,14,1990,0.0
06,15,1990,0.0
06,16,1990,0.0
06,17,1990,0.0
06,18,1990,0.0
06,19,1990,0.0
06,20,1990,0.0
06,21,1990,0.0
06,22,1990,1.1
06,23,1990,0.0
06,24,1990,58.5
06,25,1990,10.3
06,26,1990,1.6
06,27,1990,5.7
06,28,1990,17.2
06,29,1990,30.0
06,30,1990,0.3
07,01,1990,0.0
07,02,1990,0.0
07,03,1990,0.0
07,04,1990,0.0
07,05,1990,0.1
07,06,1990,125.2
07,07,1990,3.0
07,08,1990,27.0
07,09,1990,6.2
07,10,1990,10.8
07,11,1990,0.0
07,12,1990,0.0
07,13,1990,0.0
07,14,1990,16.3
07,15,1990,0.0
07,16,1990,0.0
07,17,1990,3.6
07,18,1990,8.6
07,19,1990,0.0
07,20,1990,2.0
07,21,1990,0.0
07,22,1990,0.0
07,23,1990,4.3
07,24,1990,0.0
07,25,1990,1.8
07,26,1990,0.0
07,27,1990,0.0
07,28,1990,0.0
07,29,1990,0.0
07,30,1990,0.0
07,31,1990,0.0
08,01,1990,4.2
08,02,1990,0.8
08,03,1990,0.0
08,04,1990,0.0
08,05,1990,0.0
08,06,1990,10.1
08,07,1990,19.8
08,08,1990,0.2
08,09,1990,0.0
08,10,1990,32.5
08,11,1990,0.0
08,12,1990,0.0
08,13,1990,0.0
08,14,1990,0.0
08,15,1990,7.5
08,16,1990,0.0
08,17,1990,7.5
08,18,1990,0.0
08,19,1990,0.0
08,20,1990,0.0
08,21,1990,0.0
08,22,1990,0.0
08,23,1990,19.2
08,24,1990,0.0
08,25,1990,0.0
08,26,1990,0.0
08,27,1990,0.0
08,28,1990,0.0
08,29,1990,0.0
08,30,1990,0.0
08,31,1990,0.0
09,01,1990,0.0
09,02,1990,0.0
09,03,1990,54.0
09,04,1990,1.9
09,05,1990,1.0
09,06,1990,0.3
09,07,1990,2.4
09,08,1990,7.3
09,09,1990,0.0
09,10,1990,0.0
09,11,1990,0.2
09,12,1990,0.0
09,13,1990,0.0
09,14,1990,0.0
09,15,1990,0.4
09,16,1990,0.0
09,17,1990,22.6
09,18,1990,1.4
09,19,1990,0.0
09,20,1990,0.0
09,21,1990,0.0
09,22,1990,2.3
09,23,1990,6.0
09,24,1990,0.0
09,25,1990,0.0
09,26,1990,0.0
09,27,1990,2.8
09,28,1990,1.3
09,29,1990,0.0
09,30,1990,0.0
10,01,1990,8.0
10,02,1990,0.0
10,03,1990,0.0
10,04,1990,20.8
10,05,1990,20.9
10,06,1990,0.0
10,07,1990,0.0
10,08,1990,0.0
10,09,1990,4.5
10,10,1990,0.0
10,11,1990,0.0
10,12,1990,0.1
10,13,1990,0.2
10,14,1990,0.0
10,15,1990,0.2
10,16,1990,0.0
10,17,1990,0.0
10,18,1990,6.0
10,19,1990,0.0
10,20,1990,0.0
10,21,1990,0.0
10,22,1990,9.8
10,23,1990,0.0
10,24,1990,19.1
10,25,1990,0.0
10,26,1990,0.0
10,27,1990,0.0
10,28,1990,0.0
10,29,1990,0.0
10,30,1990,0.0
10,31,1990,0.0
11,01,1990,0.0
11,02,1990,0.0
11,03,1990,0.0
11,04,1990,0.3
11,05,1990,0.0
11,06,1990,0.0
11,07,1990,0.0
11,08,1990,0.5
11,09,1990,0.0
11,10,1990,0.0
11,11,1990,0.0
11,12,1990,0.0
11,13,1990,0.0
11,14,1990,0.0
11,15,1990,0.0
11,16,1990,2.5
11,17,1990,0.0
11,18,1990,0.0
11,19,1990,0.0
11,20,1990,0.0
11,21,1990,0.0
11,22,1990,0.0
11,23,1990,5.9
11,24,1990,0.0
11,25,1990,0.0
11,26,1990,0.0
11,27,1990,0.0
11,28,1990,0.0
11,29,1990,3.7
11,30,1990,0.0
12,01,1990,0.0
12,02,1990,0.0
12,03,1990,0.0
12,04,1990,0.2
12,05,1990,0.0
12,06,1990,0.0
12,07,1990,0.0
12,08,1990,0.0
12,09,1990,0.0
12,10,1990,0.0
12,11,1990,0.0
12,12,1990,0.0
12,13,1990,0.0
12,14,1990,0.0
12,15,1990,0.0
12,16,1990,0.0
12,17,1990,0.0
12,18,1990,0.0
12,19,1990,0.0
12,20,1990,0.0
12,21,1990,0.0
12,22,1990,0.0
12,23,1990,0.0
12,24,1990,0.0
12,25,1990,0.0
12,26,1990,0.0
12,27,1990,0.0
12,28,1990,0.0
12,29,1990,0.0
12,30,1990,0.0
12,31,1990,0.0
01,01,1991,0.0
01,02,1991,0.0
01,03,1991,0.0
01,04,1991,0.3
01,05,1991,0.0
01,06,1991,0.0
01,07,1991,1.8
01,08,1991,1.8
01,09,1991,0.0
01,10,1991,0.0
01,11,1991,0.3
01,12,1991,0.3
01,13,1991,0.4
01,14,1991,0.0
01,15,1991,0.0
01,16,1991,0.0
01,17,1991,0.0
01,18,1991,0.0
01,19,1991,0.0
01,20,1991,0.0
01,21,1991,0.0
01,22,1991,0.0
01,23,1991,0.0
01,24,1991,0.0
01,25,1991,0.0
01,26,1991,0.0
01,27,1991,0.0
01,28,1991,0.0
01,29,1991,0.0
01,30,1991,2.5
01,31,1991,0.0
02,01,1991,1.1
02,02,1991,6.6
02,03,1991,0.0
02,04,1991,0.0
02,05,1991,0.1
02,06,1991,0.0
02,07,1991,0.0
02,08,1991,0.0
02,09,1991,0.0
02,10,1991,0.0
02,11,1991,0.0
02,12,1991,0.0
02,13,1991,0.0
02,14,1991,0.0
02,15,1991,0.0
02,16,1991,0.0
02,17,1991,0.0
02,18,1991,0.0
02,19,1991,0.0
02,20,1991,0.0
02,21,1991,0.0
02,22,1991,0.0
02,23,1991,0.0
02,24,1991,0.0
02,25,1991,0.0
02,26,1991,0.3
02,27,1991,0.0
02,28,1991,0.0
03,01,1991,0.0
03,02,1991,0.0
03,03,1991,0.0
03,04,1991,0.0
03,05,1991,0.0
03,06,1991,0.0
03,07,1991,0.0
03,08,1991,1.7
03,09,1991,0.0
03,10,1991,0.0
03,11,1991,0.0
03,12,1991,0.0
03,13,1991,0.0
03,14,1991,0.0
03,15,1991,0.0
03,16,1991,0.0
03,17,1991,1.3
03,18,1991,0.2
03,19,1991,0.0
03,20,1991,0.0
03,21,1991,0.0
03,22,1991,0.0
03,23,1991,0.3
03,24,1991,0.0
03,25,1991,0.0
03,26,1991,0.0
03,27,1991,0.0
03,28,1991,0.0
03,29,1991,0.0
03,30,1991,0.0
03,31,1991,0.0
04,01,1991,0.0
04,02,1991,0.0
04,03,1991,0.0
04,04,1991,0.0
04,05,1991,0.0
04,06,1991,3.4
04,07,1991,0.0
04,08,1991,0.0
04,09,1991,0.0
04,10,1991,0.0
04,11,1991,0.0
04,12,1991,0.0
04,13,1991,0.0
04,14,1991,1.0
04,15,1991,0.0
04,16,1991,0.0
04,17,1991,0.0
04,18,1991,0.0
04,19,1991,0.0
04,20,1991,2.5
04,21,1991,0.0
04,22,1991,0.0
04,23,1991,0.0
04,24,1991,0.0
04,25,1991,0.0
04,26,1991,0.0
04,27,1991,0.0
04,28,1991,0.0
04,29,1991,0.0
04,30,1991,0.0
05,01,1991,0.0
05,02,1991,0.0
05,03,1991,0.0
05,04,1991,0.0
05,05,1991,0.0
05,06,1991,0.0
05,07,1991,0.0
05,08,1991,0.0
05,09,1991,0.0
05,10,1991,0.0
05,11,1991,0.0
05,12,1991,0.0
05,13,1991,0.0
05,14,1991,0.6
05,15,1991,0.0
05,16,1991,0.0
05,17,1991,2.0
05,18,1991,26.5
05,19,1991,0.0
05,20,1991,0.0
05,21,1991,0.0
05,22,1991,0.0
05,23,1991,0.0
05,24,1991,0.0
05,25,1991,0.0
05,26,1991,0.0
05,27,1991,0.0
05,28,1991,0.0
05,29,1991,0.0
05,30,1991,0.2
05,31,1991,0.0
06,01,1991,0.0
06,02,1991,0.0
06,03,1991,0.3
06,04,1991,0.0
06,05,1991,0.2
06,06,1991,0.0
06,07,1991,0.0
06,08,1991,0.0
06,09,1991,0.0
06,10,1991,0.0
06,11,1991,1.5
06,12,1991,0.0
06,13,1991,0.0
06,14,1991,0.0
06,15,1991,0.0
06,16,1991,0.0
06,17,1991,9.8
06,18,1991,1.7
06,19,1991,37.0
06,20,1991,1.5
06,21,1991,7.0
06,22,1991,0.5
06,23,1991,47.3
06,24,1991,13.7
06,25,1991,3.7
06,26,1991,26.5
06,27,1991,16.0
06,28,1991,8.5
06,29,1991,10.8
06,30,1991,107.1
07,01,1991,20.7
07,02,1991,75.5
07,03,1991,64.5
07,04,1991,9.5
07,05,1991,9.5
07,06,1991,0.0
07,07,1991,15.3
07,08,1991,21.0
07,09,1991,0.0
07,10,1991,0.0
07,11,1991,0.0
07,12,1991,0.0
07,13,1991,1.0
07,14,1991,0.0
07,15,1991,0.0
07,16,1991,0.0
07,17,1991,0.0
07,18,1991,0.0
07,19,1991,2.7
07,20,1991,0.0
07,21,1991,0.3
07,22,1991,8.9
07,23,1991,27.7
07,24,1991,10.5
07,25,1991,0.0
07,26,1991,0.6
07,27,1991,0.0
07,28,1991,0.0
07,29,1991,0.0
07,30,1991,0.0
07,31,1991,0.0
08,01,1991,0.0
08,02,1991,4.5
08,03,1991,0.0
08,04,1991,23.0
08,05,1991,30.5
08,06,1991,23.0
08,07,1991,14.6
08,08,1991,1.6
08,09,1991,0.0
08,10,1991,6.8
08,11,1991,1.0
08,12,1991,0.0
08,13,1991,0.0
08,14,1991,0.0
08,15,1991,0.0
08,16,1991,0.0
08,17,1991,0.0
08,18,1991,0.0
08,19,1991,3.0
08,20,1991,0.0
08,21,1991,0.0
08,22,1991,0.0
08,23,1991,0.0
08,24,1991,0.0
08,25,1991,0.0
08,26,1991,0.9
08,27,1991,0.0
08,28,1991,11.7
08,29,1991,0.0
08,30,1991,0.0
08,31,1991,0.0
09,01,1991,0.0
09,02,1991,0.0
09,03,1991,0.0
09,04,1991,5.8
09,05,1991,3.1
09,06,1991,0.1
09,07,1991,8.3
09,08,1991,0.0
09,09,1991,0.0
09,10,1991,0.0
09,11,1991,0.0
09,12,1991,11.2
09,13,1991,7.8
09,14,1991,0.0
09,15,1991,4.4
09,16,1991,12.5
09,17,1991,0.0
09,18,1991,8.3
09,19,1991,0.3
09,20,1991,4.7
09,21,1991,0.1
09,22,1991,58.8
09,23,1991,0.0
09,24,1991,0.0
09,25,1991,27.2
09,26,1991,1.5
09,27,1991,0.0
09,28,1991,0.0
09,29,1991,0.0
09,30,1991,1.0
10,01,1991,0.0
10,02,1991,0.0
10,03,1991,0.0
10,04,1991,0.0
10,05,1991,13.8
10,06,1991,6.0
10,07,1991,2.0
10,08,1991,2.5
10,09,1991,24.6
10,10,1991,2.2
10,11,1991,0.1
10,12,1991,0.0
10,13,1991,0.0
10,14,1991,0.0
10,15,1991,0.0
10,16,1991,0.0
10,17,1991,0.0
10,18,1991,0.0
10,19,1991,0.0
10,20,1991,0.0
10,21,1991,0.0
10,22,1991,0.0
10,23,1991,0.0
10,24,1991,0.5
10,25,1991,0.0
10,26,1991,0.0
10,27,1991,0.0
10,28,1991,0.0
10,29,1991,0.0
10,30,1991,1.0
10,31,1991,1.1
11,01,1991,40.0
11,02,1991,2.3
11,03,1991,0.0
11,04,1991,0.0
11,05,1991,5.6
11,06,1991,0.1
11,07,1991,0.0
11,08,1991,20.8
11,09,1991,1.5
11,10,1991,0.0
11,11,1991,0.0
11,12,1991,0.0
11,13,1991,0.0
11,14,1991,0.0
11,15,1991,0.0
11,16,1991,0.0
11,17,1991,0.0
11,18,1991,0.0
11,19,1991,0.0
11,20,1991,0.0
11,21,1991,0.0
11,22,1991,0.0
11,23,1991,0.0
11,24,1991,0.0
11,25,1991,0.0
11,26,1991,0.3
11,27,1991,4.4
11,28,1991,0.0
11,29,1991,0.0
11,30,1991,0.0
12,01,1991,0.0
12,02,1991,1.0
12,03,1991,0.0
12,04,1991,0.0
12,05,1991,0.0
12,06,1991,0.0
12,07,1991,0.0
12,08,1991,0.0
12,09,1991,0.0
12,10,1991,0.0
12,11,1991,0.0
12,12,1991,0.0
12,13,1991,0.0
12,14,1991,0.0
12,15,1991,0.0
12,16,1991,0.0
12,17,1991,0.0
12,18,1991,0.2
12,19,1991,0.0
12,20,1991,2.3
12,21,1991,15.2
12,22,1991,0.5
12,23,1991,0.0
12,24,1991,9.0
12,25,1991,0.3
12,26,1991,0.1
12,27,1991,0.0
12,28,1991,0.0
12,29,1991,0.0
12,30,1991,0.0
12,31,1991,0.0
01,01,1992,0.0
01,02,1992,0.0
01,03,1992,0.0
01,04,1992,0.1
01,05,1992,0.0
01,06,1992,0.0
01,07,1992,0.0
01,08,1992,0.0
01,09,1992,0.1
01,10,1992,1.3
01,11,1992,0.0
01,12,1992,0.0
01,13,1992,0.2
01,14,1992,0.0
01,15,1992,10.6
01,16,1992,3.5
01,17,1992,0.8
01,18,1992,1.8
01,19,1992,5.4
01,20,1992,0.0
01,21,1992,0.0
01,22,1992,0.0
01,23,1992,6.6
01,24,1992,0.0
01,25,1992,5.1
01,26,1992,0.2
01,27,1992,0.0
01,28,1992,13.8
01,29,1992,3.3
01,30,1992,2.3
01,31,1992,33.3
02,01,1992,10.2
02,02,1992,0.0
02,03,1992,0.0
02,04,1992,0.0
02,05,1992,0.0
02,06,1992,0.0
02,07,1992,9.0
02,08,1992,0.0
02,09,1992,4.2
02,10,1992,0.0
02,11,1992,0.0
02,12,1992,0.0
02,13,1992,0.0
02,14,1992,0.0
02,15,1992,0.0
02,16,1992,0.0
02,17,1992,0.0
02,18,1992,0.8
02,19,1992,2.5
02,20,1992,0.2
02,21,1992,0.0
02,22,1992,0.0
02,23,1992,0.9
02,24,1992,0.0
02,25,1992,0.6
02,26,1992,2.5
02,27,1992,0.0
02,28,1992,0.0
02,29,1992,0.0
03,01,1992,0.0
03,02,1992,0.0
03,03,1992,0.0
03,04,1992,0.0
03,05,1992,0.0
03,06,1992,0.0
03,07,1992,0.0
03,08,1992,0.0
03,09,1992,0.0
03,10,1992,0.0
03,11,1992,0.0
03,12,1992,0.0
03,13,1992,4.7
03,14,1992,0.5
03,15,1992,0.0
03,16,1992,0.0
03,17,1992,0.0
03,18,1992,0.0
03,19,1992,0.0
03,20,1992,0.0
03,21,1992,0.0
03,22,1992,0.0
03,23,1992,13.1
03,24,1992,1.1
03,25,1992,2.0
03,26,1992,4.1
03,27,1992,0.0
03,28,1992,0.0
03,29,1992,0.0
03,30,1992,4.3
03,31,1992,0.3
04,01,1992,0.1
04,02,1992,0.0
04,03,1992,1.8
04,04,1992,0.0
04,05,1992,0.2
04,06,1992,0.0
04,07,1992,0.0
04,08,1992,0.1
04,09,1992,0.2
04,10,1992,3.5
04,11,1992,0.0
04,12,1992,0.0
04,13,1992,0.8
04,14,1992,0.3
04,15,1992,0.0
04,16,1992,20.5
04,17,1992,0.0
04,18,1992,0.0
04,19,1992,0.0
04,20,1992,0.0
04,21,1992,0.4
04,22,1992,0.0
04,23,1992,0.0
04,24,1992,0.0
04,25,1992,0.0
04,26,1992,0.4
04,27,1992,10.5
04,28,1992,0.0
04,29,1992,0.0
04,30,1992,0.6
05,01,1992,0.0
05,02,1992,0.0
05,03,1992,0.0
05,04,1992,3.7
05,05,1992,0.1
05,06,1992,0.0
05,07,1992,0.2
05,08,1992,0.0
05,09,1992,0.0
05,10,1992,0.0
05,11,1992,0.0
05,12,1992,0.0
05,13,1992,0.0
05,14,1992,11.0
05,15,1992,0.7
05,16,1992,0.0
05,17,1992,27.5
05,18,1992,0.0
05,19,1992,8.3
05,20,1992,0.0
05,21,1992,0.0
05,22,1992,0.0
05,23,1992,0.0
05,24,1992,0.0
05,25,1992,0.0
05,26,1992,0.0
05,27,1992,2.7
05,28,1992,0.0
05,29,1992,19.0
05,30,1992,0.0
05,31,1992,0.0
06,01,1992,1.6
06,02,1992,1.5
06,03,1992,2.0
06,04,1992,0.0
06,05,1992,0.5
06,06,1992,11.7
06,07,1992,10.7
06,08,1992,0.0
06,09,1992,0.0
06,10,1992,0.0
06,11,1992,0.0
06,12,1992,0.0
06,13,1992,0.0
06,14,1992,0.5
06,15,1992,0.0
06,16,1992,0.0
06,17,1992,42.3
06,18,1992,3.5
06,19,1992,0.0
06,20,1992,0.0
06,21,1992,0.0
06,22,1992,0.0
06,23,1992,0.0
06,24,1992,0.0
06,25,1992,0.0
06,26,1992,0.0
06,27,1992,0.4
06,28,1992,0.0
06,29,1992,0.0
06,30,1992,0.0
07,01,1992,0.0
07,02,1992,43.0
07,03,1992,8.1
07,04,1992,11.0
07,05,1992,4.3
07,06,1992,0.0
07,07,1992,4.2
07,08,1992,4.7
07,09,1992,0.0
07,10,1992,1.3
07,11,1992,0.0
07,12,1992,1.4
07,13,1992,0.9
07,14,1992,0.0
07,15,1992,0.8
07,16,1992,0.0
07,17,1992,13.0
07,18,1992,0.3
07,19,1992,0.0
07,20,1992,0.0
07,21,1992,0.0
07,22,1992,0.0
07,23,1992,0.0
07,24,1992,7.0
07,25,1992,25.0
07,26,1992,20.3
07,27,1992,4.8
07,28,1992,0.3
07,29,1992,0.0
07,30,1992,0.0
07,31,1992,4.1
08,01,1992,5.4
08,02,1992,0.0
08,03,1992,0.0
08,04,1992,0.0
08,05,1992,48.7
08,06,1992,0.3
08,07,1992,0.0
08,08,1992,10.2
08,09,1992,153.0
08,10,1992,11.8
08,11,1992,0.0
08,12,1992,0.0
08,13,1992,0.0
08,14,1992,51.5
08,15,1992,0.0
08,16,1992,3.8
08,17,1992,2.0
08,18,1992,3.0
08,19,1992,0.0
08,20,1992,0.0
08,21,1992,0.0
08,22,1992,0.0
08,23,1992,0.5
08,24,1992,0.0
08,25,1992,5.2
08,26,1992,0.0
08,27,1992,0.0
08,28,1992,0.0
08,29,1992,0.0
08,30,1992,0.0
08,31,1992,0.0
09,01,1992,2.0
09,02,1992,0.2
09,03,1992,0.8
09,04,1992,2.2
09,05,1992,0.0
09,06,1992,42.5
09,07,1992,25.2
09,08,1992,0.0
09,09,1992,0.0
09,10,1992,26.9
09,11,1992,37.6
09,12,1992,32.2
09,13,1992,6.0
09,14,1992,6.5
09,15,1992,0.0
09,16,1992,0.4
09,17,1992,0.0
09,18,1992,0.0
09,19,1992,0.0
09,20,1992,0.0
09,21,1992,0.0
09,22,1992,0.0
09,23,1992,0.0
09,24,1992,0.0
09,25,1992,0.0
09,26,1992,7.2
09,27,1992,6.0
09,28,1992,4.6
09,29,1992,0.0
09,30,1992,0.0
10,01,1992,0.0
10,02,1992,0.0
10,03,1992,0.0
10,04,1992,0.0
10,05,1992,0.0
10,06,1992,0.0
10,07,1992,1.5
10,08,1992,0.0
10,09,1992,0.0
10,10,1992,0.0
10,11,1992,0.0
10,12,1992,26.0
10,13,1992,0.0
10,14,1992,0.0
10,15,1992,0.0
10,16,1992,0.0
10,17,1992,0.0
10,18,1992,0.1
10,19,1992,0.0
10,20,1992,0.0
10,21,1992,0.0
10,22,1992,0.0
10,23,1992,24.0
10,24,1992,0.5
10,25,1992,0.3
10,26,1992,0.0
10,27,1992,0.0
10,28,1992,0.0
10,29,1992,0.0
10,30,1992,0.0
10,31,1992,0.0
11,01,1992,0.0
11,02,1992,1.2
11,03,1992,0.0
11,04,1992,0.1
11,05,1992,0.3
11,06,1992,0.1
11,07,1992,2.1
11,08,1992,0.0
11,09,1992,0.0
11,10,1992,0.0
11,11,1992,0.0
11,12,1992,0.0
11,13,1992,0.0
11,14,1992,0.0
11,15,1992,0.0
11,16,1992,1.2
11,17,1992,0.0
11,18,1992,0.0
11,19,1992,0.0
11,20,1992,0.0
11,21,1992,0.0
11,22,1992,0.0
11,23,1992,0.0
11,24,1992,0.0
11,25,1992,1.8
11,26,1992,0.0
11,27,1992,3.6
11,28,1992,0.0
11,29,1992,0.0
11,30,1992,0.8
12,01,1992,0.0
12,02,1992,0.0
12,03,1992,0.0
12,04,1992,0.0
12,05,1992,0.0
12,06,1992,0.0
12,07,1992,0.0
12,08,1992,0.0
12,09,1992,0.0
12,10,1992,0.0
12,11,1992,0.0
12,12,1992,0.0
12,13,1992,0.0
12,14,1992,0.0
12,15,1992,0.0
12,16,1992,0.0
12,17,1992,0.0
12,18,1992,0.0
12,19,1992,0.0
12,20,1992,0.0
12,21,1992,0.0
12,22,1992,0.0
12,23,1992,0.0
12,24,1992,0.0
12,25,1992,1.3
12,26,1992,0.3
12,27,1992,0.0
12,28,1992,0.5
12,29,1992,0.0
12,30,1992,14.3
12,31,1992,0.0
01,01,1993,0.0
01,02,1993,0.0
01,03,1993,0.0
01,04,1993,0.0
01,05,1993,0.0
01,06,1993,0.0
01,07,1993,0.0
01,08,1993,0.0
01,09,1993,0.0
01,10,1993,0.0
01,11,1993,0.0
01,12,1993,0.0
01,13,1993,0.0
01,14,1993,0.0
01,15,1993,3.6
01,16,1993,5.7
01,17,1993,0.0
01,18,1993,0.0
01,19,1993,0.0
01,20,1993,0.0
01,21,1993,0.1
01,22,1993,0.0
01,23,1993,0.0
01,24,1993,5.5
01,25,1993,0.0
01,26,1993,0.0
01,27,1993,0.0
01,28,1993,0.0
01,29,1993,0.0
01,30,1993,0.0
01,31,1993,0.2
02,01,1993,0.0
02,02,1993,0.0
02,03,1993,0.0
02,04,1993,0.0
02,05,1993,1.3
02,06,1993,7.0
02,07,1993,6.1
02,08,1993,0.0
02,09,1993,0.0
02,10,1993,0.0
02,11,1993,0.0
02,12,1993,0.0
02,13,1993,0.0
02,14,1993,0.0
02,15,1993,0.0
02,16,1993,0.0
02,17,1993,0.0
02,18,1993,11.1
02,19,1993,7.1
02,20,1993,0.0
02,21,1993,0.0
02,22,1993,0.2
02,23,1993,0.0
02,24,1993,0.0
02,25,1993,0.0
02,26,1993,0.0
02,27,1993,0.0
02,28,1993,0.0
03,01,1993,0.0
03,02,1993,0.0
03,03,1993,0.0
03,04,1993,0.0
03,05,1993,1.6
03,06,1993,0.1
03,07,1993,1.7
03,08,1993,0.0
03,09,1993,0.0
03,10,1993,0.0
03,11,1993,0.0
03,12,1993,1.7
03,13,1993,0.0
03,14,1993,0.0
03,15,1993,0.0
03,16,1993,0.0
03,17,1993,0.1
03,18,1993,0.0
03,19,1993,0.0
03,20,1993,0.0
03,21,1993,0.0
03,22,1993,0.0
03,23,1993,0.0
03,24,1993,0.0
03,25,1993,0.0
03,26,1993,0.0
03,27,1993,0.0
03,28,1993,0.0
03,29,1993,0.0
03,30,1993,0.0
03,31,1993,0.0
04,01,1993,0.0
04,02,1993,0.0
04,03,1993,0.0
04,04,1993,1.1
04,05,1993,0.0
04,06,1993,0.0
04,07,1993,0.0
04,08,1993,0.0
04,09,1993,0.0
04,10,1993,0.0
04,11,1993,0.0
04,12,1993,0.0
04,13,1993,0.0
04,14,1993,0.0
04,15,1993,0.0
04,16,1993,0.0
04,17,1993,0.3
04,18,1993,0.0
04,19,1993,0.0
04,20,1993,0.0
04,21,1993,1.8
04,22,1993,0.0
04,23,1993,0.0
04,24,1993,0.0
04,25,1993,0.0
04,26,1993,0.0
04,27,1993,0.0
04,28,1993,0.0
04,29,1993,0.0
04,30,1993,0.0
05,01,1993,0.0
05,02,1993,10.8
05,03,1993,2.3
05,04,1993,0.1
05,05,1993,0.0
05,06,1993,0.0
05,07,1993,2.1
05,08,1993,0.0
05,09,1993,0.0
05,10,1993,1.7
05,11,1993,0.0
05,12,1993,0.0
05,13,1993,0.0
05,14,1993,0.0
05,15,1993,0.0
05,16,1993,0.0
05,17,1993,0.0
05,18,1993,0.0
05,19,1993,0.0
05,20,1993,0.0
05,21,1993,1.5
05,22,1993,0.0
05,23,1993,0.0
05,24,1993,2.2
05,25,1993,0.0
05,26,1993,0.2
05,27,1993,2.9
05,28,1993,0.0
05,29,1993,0.0
05,30,1993,0.0
05,31,1993,0.2
06,01,1993,0.0
06,02,1993,0.0
06,03,1993,0.0
06,04,1993,0.0
06,05,1993,0.0
06,06,1993,0.0
06,07,1993,0.0
06,08,1993,0.8
06,09,1993,0.0
06,10,1993,0.0
06,11,1993,4.6
06,12,1993,3.4
06,13,1993,1.4
06,14,1993,3.5
06,15,1993,1.5
06,16,1993,1.0
06,17,1993,0.0
06,18,1993,0.0
06,19,1993,55.5
06,20,1993,66.7
06,21,1993,4.6
06,22,1993,53.8
06,23,1993,14.0
06,24,1993,0.8
06,25,1993,42.0
06,26,1993,16.0
06,27,1993,10.8
06,28,1993,5.4
06,29,1993,2.3
06,30,1993,4.4
07,01,1993,58.2
07,02,1993,65.2
07,03,1993,60.0
07,04,1993,178.5
07,05,1993,0.2
07,06,1993,4.4
07,07,1993,0.3
07,08,1993,2.1
07,09,1993,0.0
07,10,1993,5.7
07,11,1993,0.0
07,12,1993,0.0
07,13,1993,0.0
07,14,1993,0.0
07,15,1993,0.0
07,16,1993,0.0
07,17,1993,2.3
07,18,1993,0.0
07,19,1993,0.0
07,20,1993,0.0
07,21,1993,0.0
07,22,1993,0.0
07,23,1993,0.0
07,24,1993,0.0
07,25,1993,0.0
07,26,1993,0.0
07,27,1993,0.0
07,28,1993,5.0
07,29,1993,0.0
07,30,1993,0.0
07,31,1993,0.0
08,01,1993,0.0
08,02,1993,0.0
08,03,1993,0.0
08,04,1993,8.0
08,05,1993,0.2
08,06,1993,0.0
08,07,1993,12.3
08,08,1993,3.7
08,09,1993,0.0
08,10,1993,0.0
08,11,1993,0.0
08,12,1993,0.0
08,13,1993,12.0
08,14,1993,5.1
08,15,1993,1.8
08,16,1993,25.7
08,17,1993,1.0
08,18,1993,0.0
08,19,1993,19.4
08,20,1993,0.2
08,21,1993,0.0
08,22,1993,0.0
08,23,1993,0.0
08,24,1993,0.0
08,25,1993,0.0
08,26,1993,0.0
08,27,1993,0.0
08,28,1993,0.0
08,29,1993,0.0
08,30,1993,0.5
08,31,1993,0.0
09,01,1993,0.0
09,02,1993,0.0
09,03,1993,0.0
09,04,1993,0.0
09,05,1993,0.0
09,06,1993,0.0
09,07,1993,0.0
09,08,1993,0.0
09,09,1993,0.0
09,10,1993,1.2
09,11,1993,3.3
09,12,1993,0.0
09,13,1993,0.0
09,14,1993,0.0
09,15,1993,0.0
09,16,1993,2.0
09,17,1993,0.0
09,18,1993,0.0
09,19,1993,23.3
09,20,1993,5.0
09,21,1993,24.9
09,22,1993,5.6
09,23,1993,8.8
09,24,1993,1.7
09,25,1993,0.2
09,26,1993,8.0
09,27,1993,0.0
09,28,1993,0.2
09,29,1993,0.0
09,30,1993,0.1
10,01,1993,6.5
10,02,1993,0.0
10,03,1993,0.0
10,04,1993,0.0
10,05,1993,0.0
10,06,1993,0.1
10,07,1993,0.0
10,08,1993,0.0
10,09,1993,0.0
10,10,1993,0.0
10,11,1993,0.0
10,12,1993,0.0
10,13,1993,0.0
10,14,1993,0.0
10,15,1993,0.0
10,16,1993,0.0
10,17,1993,0.0
10,18,1993,0.0
10,19,1993,0.0
10,20,1993,0.0
10,21,1993,0.0
10,22,1993,0.0
10,23,1993,0.0
10,24,1993,0.0
10,25,1993,0.0
10,26,1993,0.0
10,27,1993,0.0
10,28,1993,0.0
10,29,1993,0.0
10,30,1993,4.3
10,31,1993,6.3
11,01,1993,0.0
11,02,1993,0.0
11,03,1993,0.2
11,04,1993,0.0
11,05,1993,0.0
11,06,1993,0.0
11,07,1993,0.0
11,08,1993,0.0
11,09,1993,0.0
11,10,1993,0.9
11,11,1993,0.0
11,12,1993,0.0
11,13,1993,0.0
11,14,1993,0.0
11,15,1993,0.0
11,16,1993,0.0
11,17,1993,0.0
11,18,1993,0.0
11,19,1993,0.0
11,20,1993,0.0
11,21,1993,0.0
11,22,1993,0.0
11,23,1993,0.0
11,24,1993,0.0
11,25,1993,6.4
11,26,1993,0.0
11,27,1993,0.0
11,28,1993,0.0
11,29,1993,0.0
11,30,1993,0.0
12,01,1993,0.0
12,02,1993,0.0
12,03,1993,0.0
12,04,1993,0.0
12,05,1993,0.0
12,06,1993,1.5
12,07,1993,0.0
12,08,1993,0.0
12,09,1993,0.0
12,10,1993,0.0
12,11,1993,0.0
12,12,1993,0.0
12,13,1993,0.0
12,14,1993,0.0
12,15,1993,0.0
12,16,1993,0.0
12,17,1993,0.0
12,18,1993,0.0
12,19,1993,0.0
12,20,1993,0.0
12,21,1993,0.0
12,22,1993,0.0
12,23,1993,0.0
12,24,1993,6.4
12,25,1993,0.0
12,26,1993,0.0
12,27,1993,0.0
12,28,1993,0.0
12,29,1993,0.4
12,30,1993,0.0
12,31,1993,0.0
01,01,1994,0.0
01,02,1994,0.0
01,03,1994,0.0
01,04,1994,0.0
01,05,1994,0.0
01,06,1994,0.0
01,07,1994,0.0
01,08,1994,0.0
01,09,1994,0.0
01,10,1994,0.0
01,11,1994,0.0
01,12,1994,0.0
01,13,1994,0.3
01,14,1994,0.0
01,15,1994,0.0
01,16,1994,0.0
01,17,1994,0.0
01,18,1994,0.0
01,19,1994,0.0
01,20,1994,11.8
01,21,1994,4.5
01,22,1994,44.0
01,23,1994,17.0
01,24,1994,0.0
01,25,1994,0.0
01,26,1994,0.0
01,27,1994,0.0
01,28,1994,0.0
01,29,1994,0.1
01,30,1994,1.6
01,31,1994,0.1
02,01,1994,0.4
02,02,1994,0.1
02,03,1994,0.0
02,04,1994,0.0
02,05,1994,0.0
02,06,1994,0.0
02,07,1994,0.2
02,08,1994,0.0
02,09,1994,0.0
02,10,1994,0.5
02,11,1994,0.0
02,12,1994,0.0
02,13,1994,0.9
02,14,1994,0.0
02,15,1994,0.0
02,16,1994,0.0
02,17,1994,0.2
02,18,1994,0.0
02,19,1994,0.0
02,20,1994,0.0
02,21,1994,0.0
02,22,1994,0.0
02,23,1994,0.0
02,24,1994,0.7
02,25,1994,0.2
02,26,1994,2.3
02,27,1994,0.0
02,28,1994,0.0
03,01,1994,0.0
03,02,1994,0.0
03,03,1994,0.0
03,04,1994,0.0
03,05,1994,0.0
03,06,1994,0.0
03,07,1994,0.0
03,08,1994,0.0
03,09,1994,1.5
03,10,1994,0.0
03,11,1994,0.0
03,12,1994,0.0
03,13,1994,0.0
03,14,1994,0.0
03,15,1994,0.0
03,16,1994,2.0
03,17,1994,0.0
03,18,1994,0.0
03,19,1994,0.0
03,20,1994,0.0
03,21,1994,0.0
03,22,1994,0.0
03,23,1994,0.0
03,24,1994,0.0
03,25,1994,0.0
03,26,1994,0.0
03,27,1994,0.0
03,28,1994,0.1
03,29,1994,0.0
03,30,1994,0.0
03,31,1994,3.0
04,01,1994,0.0
04,02,1994,0.0
04,03,1994,0.0
04,04,1994,0.0
04,05,1994,0.0
04,06,1994,0.0
04,07,1994,0.0
04,08,1994,0.0
04,09,1994,0.0
04,10,1994,0.0
04,11,1994,0.0
04,12,1994,0.0
04,13,1994,0.0
04,14,1994,0.0
04,15,1994,0.0
04,16,1994,0.0
04,17,1994,0.0
04,18,1994,0.3
04,19,1994,0.0
04,20,1994,0.0
04,21,1994,31.9
04,22,1994,0.0
04,23,1994,0.0
04,24,1994,0.0
04,25,1994,0.0
04,26,1994,0.0
04,27,1994,0.0
04,28,1994,0.0
04,29,1994,0.0
04,30,1994,0.0
05,01,1994,0.0
05,02,1994,0.0
05,03,1994,0.0
05,04,1994,0.0
05,05,1994,0.0
05,06,1994,0.0
05,07,1994,0.0
05,08,1994,0.0
05,09,1994,0.0
05,10,1994,0.0
05,11,1994,0.0
05,12,1994,6.0
05,13,1994,0.0
05,14,1994,5.0
05,15,1994,16.5
05,16,1994,0.0
05,17,1994,0.0
05,18,1994,37.0
05,19,1994,1.2
05,20,1994,3.0
05,21,1994,0.0
05,22,1994,0.0
05,23,1994,0.0
05,24,1994,0.0
05,25,1994,0.0
05,26,1994,0.0
05,27,1994,0.0
05,28,1994,0.0
05,29,1994,0.0
05,30,1994,0.0
05,31,1994,0.0
06,01,1994,0.0
06,02,1994,0.0
06,03,1994,0.0
06,04,1994,0.0
06,05,1994,0.0
06,06,1994,0.0
06,07,1994,0.0
06,08,1994,0.0
06,09,1994,44.3
06,10,1994,0.0
06,11,1994,4.0
06,12,1994,43.7
06,13,1994,3.8
06,14,1994,0.0
06,15,1994,0.0
06,16,1994,0.0
06,17,1994,0.0
06,18,1994,0.0
06,19,1994,0.0
06,20,1994,0.0
06,21,1994,0.0
06,22,1994,0.0
06,23,1994,0.0
06,24,1994,0.0
06,25,1994,0.0
06,26,1994,0.0
06,27,1994,0.0
06,28,1994,0.0
06,29,1994,0.0
06,30,1994,0.0
07,01,1994,0.0
07,02,1994,0.0
07,03,1994,0.0
07,04,1994,0.0
07,05,1994,0.0
07,06,1994,0.0
07,07,1994,0.0
07,08,1994,2.3
07,09,1994,0.5
07,10,1994,0.0
07,11,1994,0.0
07,12,1994,0.0
07,13,1994,15.0
07,14,1994,0.1
07,15,1994,5.0
07,16,1994,41.5
07,17,1994,0.0
07,18,1994,0.0
07,19,1994,0.0
07,20,1994,6.5
07,21,1994,42.5
07,22,1994,9.7
07,23,1994,0.0
07,24,1994,0.0
07,25,1994,0.0
07,26,1994,0.0
07,27,1994,0.0
07,28,1994,0.0
07,29,1994,0.0
07,30,1994,0.0
07,31,1994,0.0
08,01,1994,0.0
08,02,1994,0.0
08,03,1994,0.0
08,04,1994,0.2
08,05,1994,3.0
08,06,1994,0.0
08,07,1994,0.0
08,08,1994,0.0
08,09,1994,0.0
08,10,1994,3.6
08,11,1994,0.0
08,12,1994,3.0
08,13,1994,0.0
08,14,1994,0.0
08,15,1994,0.0
08,16,1994,0.0
08,17,1994,2.0
08,18,1994,60.6
08,19,1994,0.0
08,20,1994,0.0
08,21,1994,0.0
08,22,1994,0.0
08,23,1994,26.0
08,24,1994,0.0
08,25,1994,0.0
08,26,1994,0.0
08,27,1994,0.0
08,28,1994,0.0
08,29,1994,1.1
08,30,1994,2.0
08,31,1994,10.4
09,01,1994,1.5
09,02,1994,7.8
09,03,1994,1.8
09,04,1994,0.0
09,05,1994,0.0
09,06,1994,8.5
09,07,1994,0.0
09,08,1994,0.0
09,09,1994,0.0
09,10,1994,0.3
09,11,1994,4.5
09,12,1994,0.0
09,13,1994,0.0
09,14,1994,0.0
09,15,1994,0.0
09,16,1994,0.0
09,17,1994,0.0
09,18,1994,25.8
09,19,1994,7.0
09,20,1994,0.0
09,21,1994,0.0
09,22,1994,0.0
09,23,1994,0.0
09,24,1994,0.0
09,25,1994,0.0
09,26,1994,0.0
09,27,1994,0.0
09,28,1994,0.2
09,29,1994,0.0
09,30,1994,0.0
10,01,1994,82.9
10,02,1994,0.0
10,03,1994,0.0
10,04,1994,9.0
10,05,1994,0.0
10,06,1994,0.0
10,07,1994,0.0
10,08,1994,0.0
10,09,1994,0.0
10,10,1994,0.0
10,11,1994,0.0
10,12,1994,0.0
10,13,1994,0.0
10,14,1994,0.0
10,15,1994,0.0
10,16,1994,0.0
10,17,1994,0.0
10,18,1994,0.0
10,19,1994,0.0
10,20,1994,0.0
10,21,1994,0.0
10,22,1994,0.0
10,23,1994,5.4
10,24,1994,0.5
10,25,1994,0.0
10,26,1994,0.0
10,27,1994,0.0
10,28,1994,0.0
10,29,1994,0.0
10,30,1994,1.5
10,31,1994,7.0
11,01,1994,12.0
11,02,1994,0.0
11,03,1994,0.0
11,04,1994,0.0
11,05,1994,16.2
11,06,1994,0.4
11,07,1994,0.0
11,08,1994,0.0
11,09,1994,0.0
11,10,1994,0.0
11,11,1994,0.0
11,12,1994,0.0
11,13,1994,0.0
11,14,1994,0.0
11,15,1994,0.0
11,16,1994,0.0
11,17,1994,0.0
11,18,1994,0.0
11,19,1994,0.0
11,20,1994,0.0
11,21,1994,0.0
11,22,1994,9.8
11,23,1994,0.1
11,24,1994,0.0
11,25,1994,0.0
11,26,1994,0.0
11,27,1994,0.0
11,28,1994,0.0
11,29,1994,0.0
11,30,1994,0.2
12,01,1994,0.0
12,02,1994,0.0
12,03,1994,0.0
12,04,1994,0.0
12,05,1994,0.1
12,06,1994,0.0
12,07,1994,6.0
12,08,1994,0.0
12,09,1994,0.0
12,10,1994,5.6
12,11,1994,0.0
12,12,1994,0.0
12,13,1994,0.0
12,14,1994,0.0
12,15,1994,0.0
12,16,1994,0.1
12,17,1994,0.0
12,18,1994,0.0
12,19,1994,0.0
12,20,1994,0.0
12,21,1994,0.0
12,22,1994,8.5
12,23,1994,0.0
12,24,1994,3.3
12,25,1994,0.0
12,26,1994,0.0
12,27,1994,0.0
12,28,1994,0.0
12,29,1994,0.0
12,30,1994,0.0
12,31,1994,0.0
01,01,1995,0.0
01,02,1995,0.0
01,03,1995,0.0
01,04,1995,0.0
01,05,1995,0.0
01,06,1995,0.0
01,07,1995,0.0
01,08,1995,0.4
01,09,1995,0.0
01,10,1995,0.0
01,11,1995,0.0
01,12,1995,0.0
01,13,1995,0.5
01,14,1995,0.0
01,15,1995,0.0
01,16,1995,0.0
01,17,1995,0.0
01,18,1995,0.0
01,19,1995,0.0
01,20,1995,0.0
01,21,1995,0.0
01,22,1995,0.0
01,23,1995,0.0
01,24,1995,17.2
01,25,1995,0.0
01,26,1995,0.0
01,27,1995,0.0
01,28,1995,0.0
01,29,1995,0.5
01,30,1995,1.6
01,31,1995,0.5
02,01,1995,0.0
02,02,1995,0.0
02,03,1995,0.0
02,04,1995,0.0
02,05,1995,0.0
02,06,1995,0.0
02,07,1995,1.3
02,08,1995,2.2
02,09,1995,0.0
02,10,1995,0.0
02,11,1995,0.0
02,12,1995,0.0
02,13,1995,0.0
02,14,1995,0.0
02,15,1995,0.0
02,16,1995,0.0
02,17,1995,1.5
02,18,1995,0.0
02,19,1995,0.0
02,20,1995,0.0
02,21,1995,0.0
02,22,1995,0.0
02,23,1995,0.0
02,24,1995,0.0
02,25,1995,0.0
02,26,1995,0.0
02,27,1995,0.0
02,28,1995,0.6
03,01,1995,6.0
03,02,1995,8.0
03,03,1995,0.0
03,04,1995,0.0
03,05,1995,0.2
03,06,1995,0.0
03,07,1995,2.8
03,08,1995,2.4
03,09,1995,0.0
03,10,1995,0.0
03,11,1995,0.0
03,12,1995,0.0
03,13,1995,0.0
03,14,1995,0.0
03,15,1995,0.0
03,16,1995,0.0
03,17,1995,0.0
03,18,1995,0.0
03,19,1995,0.0
03,20,1995,0.0
03,21,1995,0.0
03,22,1995,0.0
03,23,1995,0.0
03,24,1995,0.0
03,25,1995,0.0
03,26,1995,0.0
03,27,1995,0.0
03,28,1995,0.0
03,29,1995,13.5
03,30,1995,0.2
03,31,1995,0.0
04,01,1995,2.5
04,02,1995,7.0
04,03,1995,0.0
04,04,1995,0.0
04,05,1995,0.0
04,06,1995,0.0
04,07,1995,0.2
04,08,1995,0.0
04,09,1995,0.0
04,10,1995,0.0
04,11,1995,0.0
04,12,1995,0.0
04,13,1995,0.0
04,14,1995,0.0
04,15,1995,0.0
04,16,1995,0.0
04,17,1995,0.0
04,18,1995,0.0
04,19,1995,0.0
04,20,1995,0.0
04,21,1995,0.0
04,22,1995,0.0
04,23,1995,0.0
04,24,1995,0.0
04,25,1995,2.0
04,26,1995,0.0
04,27,1995,14.7
04,28,1995,0.0
04,29,1995,0.0
04,30,1995,0.0
05,01,1995,0.0
05,02,1995,0.0
05,03,1995,0.0
05,04,1995,0.0
05,05,1995,0.0
05,06,1995,0.0
05,07,1995,0.0
05,08,1995,0.0
05,09,1995,0.0
05,10,1995,0.0
05,11,1995,0.0
05,12,1995,0.0
05,13,1995,0.0
05,14,1995,0.0
05,15,1995,0.0
05,16,1995,0.0
05,17,1995,0.0
05,18,1995,0.0
05,19,1995,0.0
05,20,1995,0.0
05,21,1995,0.0
05,22,1995,0.0
05,23,1995,0.0
05,24,1995,0.0
05,25,1995,0.0
05,26,1995,0.8
05,27,1995,19.4
05,28,1995,1.0
05,29,1995,7.3
05,30,1995,0.2
05,31,1995,0.0
06,01,1995,0.0
06,02,1995,0.0
06,03,1995,0.0
06,04,1995,0.0
06,05,1995,0.0
06,06,1995,0.0
06,07,1995,0.0
06,08,1995,0.0
06,09,1995,0.0
06,10,1995,0.0
06,11,1995,0.0
06,12,1995,1.7
06,13,1995,0.0
06,14,1995,0.0
06,15,1995,0.0
06,16,1995,1.5
06,17,1995,0.0
06,18,1995,0.0
06,19,1995,0.0
06,20,1995,5.7
06,21,1995,0.0
06,22,1995,0.0
06,23,1995,0.0
06,24,1995,0.0
06,25,1995,0.0
06,26,1995,0.0
06,27,1995,26.6
06,28,1995,0.0
06,29,1995,0.0
06,30,1995,0.0
07,01,1995,0.0
07,02,1995,0.0
07,03,1995,0.0
07,04,1995,0.0
07,05,1995,4.2
07,06,1995,0.0
07,07,1995,1.0
07,08,1995,9.0
07,09,1995,6.0
07,10,1995,1.5
07,11,1995,6.5
07,12,1995,30.0
07,13,1995,2.5
07,14,1995,0.0
07,15,1995,8.5
07,16,1995,0.0
07,17,1995,0.0
07,18,1995,0.0
07,19,1995,0.6
07,20,1995,6.2
07,21,1995,0.0
07,22,1995,0.0
07,23,1995,0.0
07,24,1995,50.5
07,25,1995,39.5
07,26,1995,0.2
07,27,1995,0.0
07,28,1995,0.0
07,29,1995,0.0
07,30,1995,0.0
07,31,1995,0.0
08,01,1995,0.0
08,02,1995,0.0
08,03,1995,0.0
08,04,1995,0.0
08,05,1995,4.8
08,06,1995,38.7
08,07,1995,9.9
08,08,1995,1.9
08,09,1995,30.0
08,10,1995,6.8
08,11,1995,8.1
08,12,1995,25.2
08,13,1995,0.0
08,14,1995,0.0
08,15,1995,0.3
08,16,1995,0.0
08,17,1995,0.0
08,18,1995,10.0
08,19,1995,68.0
08,20,1995,1.5
08,21,1995,0.0
08,22,1995,1.4
08,23,1995,0.0
08,24,1995,1.5
08,25,1995,0.0
08,26,1995,0.0
08,27,1995,0.0
08,28,1995,6.8
08,29,1995,1.4
08,30,1995,10.8
08,31,1995,0.5
09,01,1995,41.0
09,02,1995,0.0
09,03,1995,40.0
09,04,1995,15.0
09,05,1995,0.0
09,06,1995,3.0
09,07,1995,0.0
09,08,1995,0.0
09,09,1995,0.0
09,10,1995,0.0
09,11,1995,2.8
09,12,1995,0.0
09,13,1995,0.0
09,14,1995,1.3
09,15,1995,0.0
09,16,1995,0.3
09,17,1995,0.0
09,18,1995,0.0
09,19,1995,0.0
09,20,1995,0.0
09,21,1995,0.0
09,22,1995,44.0
09,23,1995,1.2
09,24,1995,0.0
09,25,1995,0.2
09,26,1995,0.0
09,27,1995,0.7
09,28,1995,0.0
09,29,1995,0.0
09,30,1995,0.0
10,01,1995,0.0
10,02,1995,0.0
10,03,1995,4.2
10,04,1995,0.0
10,05,1995,0.0
10,06,1995,0.0
10,07,1995,0.0
10,08,1995,0.0
10,09,1995,0.0
10,10,1995,0.0
10,11,1995,0.0
10,12,1995,1.3
10,13,1995,1.5
10,14,1995,0.0
10,15,1995,0.0
10,16,1995,0.0
10,17,1995,0.0
10,18,1995,0.0
10,19,1995,0.0
10,20,1995,100.2
10,21,1995,0.0
10,22,1995,0.0
10,23,1995,0.0
10,24,1995,0.0
10,25,1995,0.0
10,26,1995,0.1
10,27,1995,0.0
10,28,1995,2.2
10,29,1995,0.1
10,30,1995,0.0
10,31,1995,0.0
11,01,1995,0.0
11,02,1995,0.0
11,03,1995,1.4
11,04,1995,0.0
11,05,1995,0.8
11,06,1995,0.0
11,07,1995,0.0
11,08,1995,23.3
11,09,1995,0.0
11,10,1995,0.0
11,11,1995,0.0
11,12,1995,0.0
11,13,1995,0.0
11,14,1995,0.0
11,15,1995,0.0
11,16,1995,0.0
11,17,1995,0.0
11,18,1995,0.0
11,19,1995,0.0
11,20,1995,0.1
11,21,1995,0.0
11,22,1995,0.0
11,23,1995,0.0
11,24,1995,0.0
11,25,1995,0.0
11,26,1995,0.0
11,27,1995,0.0
11,28,1995,0.0
11,29,1995,0.0
11,30,1995,0.0
12,01,1995,0.0
12,02,1995,0.0
12,03,1995,0.1
12,04,1995,0.0
12,05,1995,0.0
12,06,1995,0.0
12,07,1995,0.0
12,08,1995,0.0
12,09,1995,0.0
12,10,1995,0.0
12,11,1995,0.0
12,12,1995,0.0
12,13,1995,0.0
12,14,1995,0.0
12,15,1995,0.0
12,16,1995,0.0
12,17,1995,0.0
12,18,1995,0.0
12,19,1995,0.0
12,20,1995,0.0
12,21,1995,0.0
12,22,1995,7.8
12,23,1995,0.1
12,24,1995,0.0
12,25,1995,0.1
12,26,1995,8.0
12,27,1995,0.1
12,28,1995,0.4
12,29,1995,0.0
12,30,1995,0.6
12,31,1995,0.0
01,01,1996,0.0
01,02,1996,0.0
01,03,1996,0.0
01,04,1996,0.0
01,05,1996,0.0
01,06,1996,0.0
01,07,1996,0.8
01,08,1996,0.0
01,09,1996,0.0
01,10,1996,0.0
01,11,1996,0.0
01,12,1996,0.0
01,13,1996,0.0
01,14,1996,0.0
01,15,1996,0.0
01,16,1996,0.0
01,17,1996,0.0
01,18,1996,0.0
01,19,1996,0.0
01,20,1996,0.0
01,21,1996,0.0
01,22,1996,0.0
01,23,1996,0.0
01,24,1996,0.0
01,25,1996,0.0
01,26,1996,0.0
01,27,1996,0.0
01,28,1996,0.0
01,29,1996,0.0
01,30,1996,0.0
01,31,1996,0.0
02,01,1996,0.0
02,02,1996,0.0
02,03,1996,0.1
02,04,1996,0.6
02,05,1996,0.0
02,06,1996,0.0
02,07,1996,0.0
02,08,1996,0.0
02,09,1996,0.0
02,10,1996,0.0
02,11,1996,1.5
02,12,1996,2.5
02,13,1996,1.6
02,14,1996,0.0
02,15,1996,0.0
02,16,1996,0.6
02,17,1996,0.2
02,18,1996,0.0
02,19,1996,0.0
02,20,1996,0.0
02,21,1996,0.1
02,22,1996,0.0
02,23,1996,0.0
02,24,1996,0.0
02,25,1996,0.0
02,26,1996,0.0
02,27,1996,0.0
02,28,1996,0.1
02,29,1996,15.7
03,01,1996,0.2
03,02,1996,0.0
03,03,1996,0.0
03,04,1996,0.0
03,05,1996,0.0
03,06,1996,0.0
03,07,1996,0.0
03,08,1996,0.0
03,09,1996,0.0
03,10,1996,0.0
03,11,1996,1.1
03,12,1996,0.0
03,13,1996,0.0
03,14,1996,0.0
03,15,1996,0.0
03,16,1996,0.0
03,17,1996,0.0
03,18,1996,0.0
03,19,1996,0.0
03,20,1996,0.4
03,21,1996,1.3
03,22,1996,2.7
03,23,1996,0.0
03,24,1996,0.0
03,25,1996,0.0
03,26,1996,0.3
03,27,1996,0.0
03,28,1996,0.0
03,29,1996,0.0
03,30,1996,0.0
03,31,1996,0.0
04,01,1996,0.0
04,02,1996,0.0
04,03,1996,0.0
04,04,1996,0.0
04,05,1996,0.0
04,06,1996,0.5
04,07,1996,0.0
04,08,1996,0.0
04,09,1996,0.0
04,10,1996,0.0
04,11,1996,0.0
04,12,1996,0.0
04,13,1996,0.0
04,14,1996,0.0
04,15,1996,0.0
04,16,1996,0.0
04,17,1996,0.0
04,18,1996,0.0
04,19,1996,0.0
04,20,1996,0.0
04,21,1996,0.0
04,22,1996,0.0
04,23,1996,0.0
04,24,1996,0.0
04,25,1996,0.0
04,26,1996,0.0
04,27,1996,0.0
04,28,1996,0.0
04,29,1996,2.2
04,30,1996,0.0
05,01,1996,0.0
05,02,1996,0.0
05,03,1996,0.0
05,04,1996,0.0
05,05,1996,0.0
05,06,1996,0.0
05,07,1996,0.0
05,08,1996,0.2
05,09,1996,0.0
05,10,1996,0.0
05,11,1996,11.4
05,12,1996,0.0
05,13,1996,0.0
05,14,1996,0.0
05,15,1996,0.0
05,16,1996,49.2
05,17,1996,0.0
05,18,1996,0.0
05,19,1996,0.0
05,20,1996,0.0
05,21,1996,0.0
05,22,1996,0.0
05,23,1996,0.0
05,24,1996,0.0
05,25,1996,0.0
05,26,1996,0.0
05,27,1996,0.0
05,28,1996,0.0
05,29,1996,0.0
05,30,1996,0.0
05,31,1996,0.0
06,01,1996,1.7
06,02,1996,0.0
06,03,1996,0.3
06,04,1996,0.0
06,05,1996,0.0
06,06,1996,0.0
06,07,1996,1.8
06,08,1996,0.5
06,09,1996,0.0
06,10,1996,0.0
06,11,1996,0.3
06,12,1996,0.8
06,13,1996,0.0
06,14,1996,2.3
06,15,1996,0.1
06,16,1996,2.4
06,17,1996,2.1
06,18,1996,17.8
06,19,1996,0.0
06,20,1996,50.8
06,21,1996,30.5
06,22,1996,13.0
06,23,1996,2.3
06,24,1996,20.2
06,25,1996,31.1
06,26,1996,45.0
06,27,1996,12.7
06,28,1996,15.3
06,29,1996,0.0
06,30,1996,4.1
07,01,1996,0.0
07,02,1996,0.0
07,03,1996,0.0
07,04,1996,0.0
07,05,1996,0.0
07,06,1996,0.0
07,07,1996,0.0
07,08,1996,0.0
07,09,1996,0.0
07,10,1996,0.0
07,11,1996,0.0
07,12,1996,0.0
07,13,1996,0.0
07,14,1996,0.0
07,15,1996,38.5
07,16,1996,0.3
07,17,1996,0.1
07,18,1996,38.0
07,19,1996,0.0
07,20,1996,0.0
07,21,1996,0.0
07,22,1996,2.3
07,23,1996,0.0
07,24,1996,0.0
07,25,1996,0.0
07,26,1996,15.3
07,27,1996,0.0
07,28,1996,3.0
07,29,1996,69.0
07,30,1996,0.0
07,31,1996,0.0
08,01,1996,51.0
08,02,1996,0.0
08,03,1996,0.0
08,04,1996,0.0
08,05,1996,18.3
08,06,1996,0.0
08,07,1996,0.0
08,08,1996,7.4
08,09,1996,50.2
08,10,1996,4.2
08,11,1996,0.2
08,12,1996,0.0
08,13,1996,9.0
08,14,1996,0.0
08,15,1996,23.9
08,16,1996,0.0
08,17,1996,0.0
08,18,1996,0.0
08,19,1996,0.0
08,20,1996,0.0
08,21,1996,0.0
08,22,1996,6.8
08,23,1996,8.2
08,24,1996,20.0
08,25,1996,5.5
08,26,1996,6.3
08,27,1996,0.0
08,28,1996,0.0
08,29,1996,0.0
08,30,1996,0.0
08,31,1996,0.0
09,01,1996,0.0
09,02,1996,0.0
09,03,1996,26.0
09,04,1996,3.0
09,05,1996,0.0
09,06,1996,0.0
09,07,1996,1.9
09,08,1996,1.0
09,09,1996,0.0
09,10,1996,0.0
09,11,1996,0.0
09,12,1996,0.0
09,13,1996,0.0
09,14,1996,0.0
09,15,1996,0.0
09,16,1996,0.0
09,17,1996,0.0
09,18,1996,0.0
09,19,1996,0.0
09,20,1996,0.0
09,21,1996,0.0
09,22,1996,0.0
09,23,1996,0.6
09,24,1996,0.0
09,25,1996,0.0
09,26,1996,0.0
09,27,1996,0.0
09,28,1996,13.6
09,29,1996,0.1
09,30,1996,7.6
10,01,1996,4.1
10,02,1996,0.0
10,03,1996,0.7
10,04,1996,0.4
10,05,1996,0.4
10,06,1996,0.0
10,07,1996,0.3
10,08,1996,1.2
10,09,1996,0.0
10,10,1996,4.4
10,11,1996,0.0
10,12,1996,0.0
10,13,1996,0.0
10,14,1996,0.0
10,15,1996,0.0
10,16,1996,0.0
10,17,1996,0.0
10,18,1996,0.7
10,19,1996,0.0
10,20,1996,0.0
10,21,1996,0.0
10,22,1996,0.0
10,23,1996,0.0
10,24,1996,0.0
10,25,1996,0.0
10,26,1996,0.0
10,27,1996,0.8
10,28,1996,0.0
10,29,1996,0.0
10,30,1996,2.6
10,31,1996,0.0
11,01,1996,0.0
11,02,1996,20.3
11,03,1996,1.7
11,04,1996,2.6
11,05,1996,1.0
11,06,1996,0.0
11,07,1996,0.0
11,08,1996,0.0
11,09,1996,0.0
11,10,1996,2.4
11,11,1996,3.7
11,12,1996,2.0
11,13,1996,0.8
11,14,1996,0.0
11,15,1996,0.0
11,16,1996,0.0
11,17,1996,0.0
11,18,1996,0.0
11,19,1996,0.0
11,20,1996,0.0
11,21,1996,0.0
11,22,1996,0.0
11,23,1996,0.0
11,24,1996,0.5
11,25,1996,0.0
11,26,1996,0.0
11,27,1996,0.0
11,28,1996,0.0
11,29,1996,0.0
11,30,1996,0.0
12,01,1996,1.5
12,02,1996,0.0
12,03,1996,0.0
12,04,1996,0.0
12,05,1996,0.0
12,06,1996,0.0
12,07,1996,0.0
12,08,1996,0.0
12,09,1996,0.0
12,10,1996,0.0
12,11,1996,0.0
12,12,1996,0.0
12,13,1996,0.0
12,14,1996,0.0
12,15,1996,0.0
12,16,1996,0.0
12,17,1996,0.0
12,18,1996,4.5
12,19,1996,1.0
12,20,1996,0.0
12,21,1996,0.0
12,22,1996,0.0
12,23,1996,0.0
12,24,1996,0.0
12,25,1996,0.0
12,26,1996,0.0
12,27,1996,0.0
12,28,1996,0.0
12,29,1996,0.0
12,30,1996,0.0
12,31,1996,0.0
01,01,1997,0.0
01,02,1997,2.8
01,03,1997,0.0
01,04,1997,0.0
01,05,1997,0.0
01,06,1997,0.0
01,07,1997,0.3
01,08,1997,1.0
01,09,1997,0.0
01,10,1997,0.0
01,11,1997,0.0
01,12,1997,0.0
01,13,1997,0.0
01,14,1997,0.0
01,15,1997,0.0
01,16,1997,0.0
01,17,1997,0.0
01,18,1997,5.6
01,19,1997,0.4
01,20,1997,0.0
01,21,1997,0.0
01,22,1997,0.0
01,23,1997,0.0
01,24,1997,0.0
01,25,1997,0.0
01,26,1997,0.0
01,27,1997,0.0
01,28,1997,0.4
01,29,1997,0.0
01,30,1997,0.0
01,31,1997,0.0
02,01,1997,0.0
02,02,1997,0.4
02,03,1997,0.0
02,04,1997,0.5
02,05,1997,5.0
02,06,1997,0.0
02,07,1997,0.0
02,08,1997,0.0
02,09,1997,0.0
02,10,1997,0.0
02,11,1997,0.0
02,12,1997,0.0
02,13,1997,0.0
02,14,1997,8.0
02,15,1997,0.0
02,16,1997,0.0
02,17,1997,0.0
02,18,1997,0.0
02,19,1997,0.0
02,20,1997,0.0
02,21,1997,0.0
02,22,1997,0.0
02,23,1997,0.0
02,24,1997,0.0
02,25,1997,0.0
02,26,1997,0.0
02,27,1997,0.0
02,28,1997,0.0
03,01,1997,0.0
03,02,1997,0.0
03,03,1997,0.0
03,04,1997,0.0
03,05,1997,0.0
03,06,1997,8.9
03,07,1997,0.0
03,08,1997,0.0
03,09,1997,0.0
03,10,1997,0.0
03,11,1997,0.0
03,12,1997,0.8
03,13,1997,0.0
03,14,1997,0.0
03,15,1997,0.0
03,16,1997,0.0
03,17,1997,0.0
03,18,1997,0.0
03,19,1997,7.4
03,20,1997,0.0
03,21,1997,0.0
03,22,1997,0.0
03,23,1997,0.0
03,24,1997,0.0
03,25,1997,0.0
03,26,1997,0.0
03,27,1997,0.0
03,28,1997,0.0
03,29,1997,0.0
03,30,1997,0.0
03,31,1997,0.0
04,01,1997,0.0
04,02,1997,0.0
04,03,1997,0.0
04,04,1997,0.0
04,05,1997,0.0
04,06,1997,0.8
04,07,1997,0.0
04,08,1997,11.6
04,09,1997,0.0
04,10,1997,0.0
04,11,1997,0.0
04,12,1997,8.8
04,13,1997,0.4
04,14,1997,0.0
04,15,1997,0.6
04,16,1997,0.0
04,17,1997,8.0
04,18,1997,4.6
04,19,1997,0.4
04,20,1997,0.1
04,21,1997,1.3
04,22,1997,0.0
04,23,1997,0.0
04,24,1997,0.0
04,25,1997,0.0
04,26,1997,0.0
04,27,1997,0.2
04,28,1997,0.0
04,29,1997,0.0
04,30,1997,0.0
05,01,1997,0.0
05,02,1997,0.0
05,03,1997,2.0
05,04,1997,0.0
05,05,1997,0.0
05,06,1997,0.0
05,07,1997,0.0
05,08,1997,0.0
05,09,1997,1.8
05,10,1997,1.1
05,11,1997,0.0
05,12,1997,0.2
05,13,1997,0.0
05,14,1997,0.6
05,15,1997,13.0
05,16,1997,0.0
05,17,1997,0.7
05,18,1997,0.0
05,19,1997,0.0
05,20,1997,0.0
05,21,1997,0.0
05,22,1997,0.0
05,23,1997,0.0
05,24,1997,0.0
05,25,1997,0.0
05,26,1997,0.0
05,27,1997,7.7
05,28,1997,0.0
05,29,1997,0.0
05,30,1997,0.0
05,31,1997,0.0
06,01,1997,5.1
06,02,1997,0.0
06,03,1997,0.0
06,04,1997,0.0
06,05,1997,0.0
06,06,1997,0.0
06,07,1997,0.0
06,08,1997,0.0
06,09,1997,0.0
06,10,1997,12.3
06,11,1997,0.0
06,12,1997,0.0
06,13,1997,0.0
06,14,1997,0.0
06,15,1997,0.0
06,16,1997,0.0
06,17,1997,0.0
06,18,1997,1.2
06,19,1997,0.0
06,20,1997,0.0
06,21,1997,0.0
06,22,1997,23.0
06,23,1997,1.5
06,24,1997,4.8
06,25,1997,0.0
06,26,1997,54.5
06,27,1997,30.5
06,28,1997,0.0
06,29,1997,51.4
06,30,1997,12.0
07,01,1997,2.2
07,02,1997,34.2
07,03,1997,0.0
07,04,1997,3.0
07,05,1997,0.0
07,06,1997,0.0
07,07,1997,10.7
07,08,1997,0.0
07,09,1997,0.0
07,10,1997,0.0
07,11,1997,0.0
07,12,1997,16.7
07,13,1997,8.5
07,14,1997,3.7
07,15,1997,0.0
07,16,1997,11.4
07,17,1997,1.6
07,18,1997,0.0
07,19,1997,0.0
07,20,1997,0.0
07,21,1997,0.0
07,22,1997,0.0
07,23,1997,0.5
07,24,1997,0.0
07,25,1997,3.6
07,26,1997,0.0
07,27,1997,0.0
07,28,1997,0.0
07,29,1997,0.0
07,30,1997,0.0
07,31,1997,0.0
08,01,1997,0.0
08,02,1997,0.0
08,03,1997,1.4
08,04,1997,6.8
08,05,1997,0.0
08,06,1997,0.0
08,07,1997,0.0
08,08,1997,4.3
08,09,1997,0.0
08,10,1997,0.0
08,11,1997,0.0
08,12,1997,4.5
08,13,1997,8.0
08,14,1997,0.0
08,15,1997,0.0
08,16,1997,12.2
08,17,1997,0.0
08,18,1997,0.0
08,19,1997,0.0
08,20,1997,0.0
08,21,1997,0.0
08,22,1997,0.0
08,23,1997,0.0
08,24,1997,0.0
08,25,1997,0.0
08,26,1997,0.0
08,27,1997,0.0
08,28,1997,0.0
08,29,1997,0.0
08,30,1997,69.7
08,31,1997,0.0
09,01,1997,0.0
09,02,1997,0.0
09,03,1997,0.3
09,04,1997,5.4
09,05,1997,0.0
09,06,1997,0.0
09,07,1997,0.0
09,08,1997,3.5
09,09,1997,0.0
09,10,1997,2.1
09,11,1997,0.0
09,12,1997,7.3
09,13,1997,1.0
09,14,1997,2.7
09,15,1997,0.0
09,16,1997,0.0
09,17,1997,0.0
09,18,1997,0.0
09,19,1997,0.7
09,20,1997,0.7
09,21,1997,0.0
09,22,1997,0.0
09,23,1997,0.0
09,24,1997,1.6
09,25,1997,41.6
09,26,1997,0.0
09,27,1997,0.0
09,28,1997,0.0
09,29,1997,15.7
09,30,1997,57.2
10,01,1997,2.8
10,02,1997,0.0
10,03,1997,0.0
10,04,1997,2.7
10,05,1997,0.0
10,06,1997,0.0
10,07,1997,0.0
10,08,1997,17.0
10,09,1997,0.5
10,10,1997,8.5
10,11,1997,0.1
10,12,1997,40.3
10,13,1997,9.0
10,14,1997,0.0
10,15,1997,0.0
10,16,1997,12.7
10,17,1997,1.0
10,18,1997,0.0
10,19,1997,0.0
10,20,1997,0.0
10,21,1997,0.0
10,22,1997,0.0
10,23,1997,0.0
10,24,1997,0.0
10,25,1997,0.0
10,26,1997,0.0
10,27,1997,2.0
10,28,1997,0.0
10,29,1997,0.0
10,30,1997,0.0
10,31,1997,0.0
11,01,1997,0.0
11,02,1997,2.5
11,03,1997,18.8
11,04,1997,3.5
11,05,1997,0.0
11,06,1997,0.0
11,07,1997,0.0
11,08,1997,0.0
11,09,1997,0.1
11,10,1997,6.8
11,11,1997,0.0
11,12,1997,0.0
11,13,1997,0.0
11,14,1997,0.0
11,15,1997,0.0
11,16,1997,0.0
11,17,1997,0.0
11,18,1997,0.0
11,19,1997,0.0
11,20,1997,0.0
11,21,1997,0.0
11,22,1997,0.0
11,23,1997,0.0
11,24,1997,0.0
11,25,1997,6.2
11,26,1997,0.0
11,27,1997,0.0
11,28,1997,0.0
11,29,1997,0.0
11,30,1997,2.7
12,01,1997,0.0
12,02,1997,0.0
12,03,1997,0.0
12,04,1997,1.0
12,05,1997,1.5
12,06,1997,0.0
12,07,1997,0.0
12,08,1997,0.0
12,09,1997,0.0
12,10,1997,0.0
12,11,1997,6.5
12,12,1997,10.3
12,13,1997,2.7
12,14,1997,0.0
12,15,1997,0.0
12,16,1997,0.0
12,17,1997,2.4
12,18,1997,0.1
12,19,1997,0.0
12,20,1997,0.0
12,21,1997,0.0
12,22,1997,0.0
12,23,1997,0.0
12,24,1997,0.0
12,25,1997,0.0
12,26,1997,0.0
12,27,1997,0.3
12,28,1997,0.0
12,29,1997,0.0
12,30,1997,0.0
12,31,1997,0.0
01,01,1998,0.4
01,02,1998,0.0
01,03,1998,0.0
01,04,1998,0.0
01,05,1998,0.0
01,06,1998,0.0
01,07,1998,0.0
01,08,1998,0.0
01,09,1998,0.0
01,10,1998,0.0
01,11,1998,0.0
01,12,1998,0.0
01,13,1998,0.0
01,14,1998,0.0
01,15,1998,0.3
01,16,1998,0.0
01,17,1998,0.0
01,18,1998,0.0
01,19,1998,0.0
01,20,1998,0.0
01,21,1998,0.0
01,22,1998,13.0
01,23,1998,4.0
01,24,1998,0.4
01,25,1998,0.0
01,26,1998,0.0
01,27,1998,0.0
01,28,1998,0.0
01,29,1998,0.0
01,30,1998,0.0
01,31,1998,0.0
02,01,1998,0.0
02,02,1998,0.0
02,03,1998,0.0
02,04,1998,0.0
02,05,1998,0.0
02,06,1998,0.0
02,07,1998,1.2
02,08,1998,0.0
02,09,1998,0.0
02,10,1998,0.0
02,11,1998,0.0
02,12,1998,0.0
02,13,1998,0.0
02,14,1998,0.0
02,15,1998,0.0
02,16,1998,0.0
02,17,1998,0.0
02,18,1998,0.0
02,19,1998,0.0
02,20,1998,1.1
02,21,1998,0.0
02,22,1998,0.0
02,23,1998,0.0
02,24,1998,0.0
02,25,1998,0.0
02,26,1998,0.0
02,27,1998,0.0
02,28,1998,0.0
03,01,1998,4.9
03,02,1998,1.2
03,03,1998,3.5
03,04,1998,0.0
03,05,1998,0.0
03,06,1998,0.0
03,07,1998,0.0
03,08,1998,0.0
03,09,1998,0.0
03,10,1998,0.0
03,11,1998,2.0
03,12,1998,2.0
03,13,1998,0.0
03,14,1998,0.0
03,15,1998,0.0
03,16,1998,0.0
03,17,1998,0.0
03,18,1998,0.0
03,19,1998,0.0
03,20,1998,2.0
03,21,1998,1.0
03,22,1998,0.0
03,23,1998,0.0
03,24,1998,0.0
03,25,1998,0.0
03,26,1998,0.0
03,27,1998,0.0
03,28,1998,0.0
03,29,1998,0.0
03,30,1998,0.0
03,31,1998,0.0
04,01,1998,0.0
04,02,1998,0.0
04,03,1998,0.0
04,04,1998,0.4
04,05,1998,0.0
04,06,1998,0.0
04,07,1998,0.0
04,08,1998,0.0
04,09,1998,0.0
04,10,1998,0.0
04,11,1998,0.0
04,12,1998,0.0
04,13,1998,0.0
04,14,1998,0.0
04,15,1998,0.0
04,16,1998,0.0
04,17,1998,0.0
04,18,1998,1.4
04,19,1998,1.5
04,20,1998,0.0
04,21,1998,0.0
04,22,1998,1.0
04,23,1998,0.0
04,24,1998,0.0
04,25,1998,0.0
04,26,1998,0.0
04,27,1998,0.0
04,28,1998,0.0
04,29,1998,0.0
04,30,1998,0.0
05,01,1998,0.0
05,02,1998,0.0
05,03,1998,0.0
05,04,1998,0.0
05,05,1998,0.0
05,06,1998,0.0
05,07,1998,0.0
05,08,1998,0.0
05,09,1998,0.0
05,10,1998,0.0
05,11,1998,0.0
05,12,1998,0.0
05,13,1998,0.0
05,14,1998,0.0
05,15,1998,0.0
05,16,1998,0.0
05,17,1998,0.0
05,18,1998,0.0
05,19,1998,0.0
05,20,1998,0.0
05,21,1998,0.0
05,22,1998,0.0
05,23,1998,0.0
05,24,1998,0.0
05,25,1998,0.0
05,26,1998,0.0
05,27,1998,0.0
05,28,1998,0.0
05,29,1998,0.0
05,30,1998,0.0
05,31,1998,0.0
06,01,1998,0.0
06,02,1998,0.0
06,03,1998,0.0
06,04,1998,0.0
06,05,1998,0.0
06,06,1998,0.0
06,07,1998,0.0
06,08,1998,0.0
06,09,1998,0.0
06,10,1998,0.0
06,11,1998,0.0
06,12,1998,0.0
06,13,1998,0.0
06,14,1998,0.0
06,15,1998,0.0
06,16,1998,0.0
06,17,1998,0.0
06,18,1998,0.0
06,19,1998,0.0
06,20,1998,0.0
06,21,1998,0.0
06,22,1998,13.8
06,23,1998,0.0
06,24,1998,0.0
06,25,1998,0.0
06,26,1998,5.1
06,27,1998,5.4
06,28,1998,0.0
06,29,1998,0.0
06,30,1998,17.0
07,01,1998,0.0
07,02,1998,20.6
07,03,1998,0.0
07,04,1998,0.0
07,05,1998,0.0
07,06,1998,0.0
07,07,1998,0.0
07,08,1998,45.0
07,09,1998,40.7
07,10,1998,40.8
07,11,1998,0.0
07,12,1998,0.0
07,13,1998,0.0
07,14,1998,0.0
07,15,1998,19.0
07,16,1998,34.5
07,17,1998,0.0
07,18,1998,3.0
07,19,1998,0.0
07,20,1998,0.0
07,21,1998,1.8
07,22,1998,1.9
07,23,1998,11.2
07,24,1998,1.8
07,25,1998,2.4
07,26,1998,1.4
07,27,1998,0.0
07,28,1998,40.0
07,29,1998,0.0
07,30,1998,0.0
07,31,1998,4.0
08,01,1998,6.0
08,02,1998,0.0
08,03,1998,0.0
08,04,1998,0.0
08,05,1998,0.0
08,06,1998,0.0
08,07,1998,0.0
08,08,1998,3.9
08,09,1998,8.2
08,10,1998,7.2
08,11,1998,0.0
08,12,1998,0.0
08,13,1998,0.0
08,14,1998,0.0
08,15,1998,0.0
08,16,1998,0.0
08,17,1998,0.0
08,18,1998,0.0
08,19,1998,0.0
08,20,1998,11.3
08,21,1998,0.0
08,22,1998,0.0
08,23,1998,0.0
08,24,1998,0.0
08,25,1998,0.0
08,26,1998,0.0
08,27,1998,8.5
08,28,1998,0.0
08,29,1998,43.0
08,30,1998,0.0
08,31,1998,0.4
09,01,1998,2.8
09,02,1998,0.0
09,03,1998,0.0
09,04,1998,35.0
09,05,1998,37.0
09,06,1998,2.3
09,07,1998,2.5
09,08,1998,0.2
09,09,1998,0.0
09,10,1998,0.0
09,11,1998,88.5
09,12,1998,0.0
09,13,1998,3.6
09,14,1998,69.4
09,15,1998,62.5
09,16,1998,97.0
09,17,1998,1.5
09,18,1998,0.4
09,19,1998,40.6
09,20,1998,0.0
09,21,1998,0.0
09,22,1998,0.0
09,23,1998,0.0
09,24,1998,31.7
09,25,1998,1.5
09,26,1998,0.0
09,27,1998,0.0
09,28,1998,25.0
09,29,1998,5.4
09,30,1998,0.0
10,01,1998,0.0
10,02,1998,0.0
10,03,1998,0.0
10,04,1998,0.0
10,05,1998,0.0
10,06,1998,0.0
10,07,1998,0.4
10,08,1998,0.0
10,09,1998,0.0
10,10,1998,6.7
10,11,1998,34.0
10,12,1998,19.5
10,13,1998,10.3
10,14,1998,1.0
10,15,1998,0.0
10,16,1998,0.0
10,17,1998,5.4
10,18,1998,68.0
10,19,1998,43.1
10,20,1998,0.0
10,21,1998,0.0
10,22,1998,2.2
10,23,1998,2.7
10,24,1998,11.7
10,25,1998,0.0
10,26,1998,2.2
10,27,1998,0.6
10,28,1998,0.0
10,29,1998,0.0
10,30,1998,0.0
10,31,1998,0.0
11,01,1998,0.0
11,02,1998,0.0
11,03,1998,0.0
11,04,1998,35.3
11,05,1998,2.5
11,06,1998,0.1
11,07,1998,0.0
11,08,1998,0.0
11,09,1998,0.0
11,10,1998,0.0
11,11,1998,0.0
11,12,1998,0.0
11,13,1998,0.0
11,14,1998,0.2
11,15,1998,15.0
11,16,1998,0.0
11,17,1998,0.0
11,18,1998,0.0
11,19,1998,0.0
11,20,1998,2.8
11,21,1998,19.4
11,22,1998,0.0
11,23,1998,0.0
11,24,1998,0.0
11,25,1998,0.0
11,26,1998,2.0
11,27,1998,0.0
11,28,1998,0.0
11,29,1998,0.0
11,30,1998,1.1
12,01,1998,0.0
12,02,1998,0.0
12,03,1998,0.0
12,04,1998,0.0
12,05,1998,0.0
12,06,1998,0.0
12,07,1998,0.0
12,08,1998,0.0
12,09,1998,0.0
12,10,1998,0.0
12,11,1998,0.3
12,12,1998,3.2
12,13,1998,4.4
12,14,1998,0.0
12,15,1998,0.0
12,16,1998,0.0
12,17,1998,0.2
12,18,1998,0.0
12,19,1998,0.0
12,20,1998,0.0
12,21,1998,0.0
12,22,1998,0.0
12,23,1998,0.0
12,24,1998,0.0
12,25,1998,0.0
12,26,1998,0.0
12,27,1998,0.0
12,28,1998,0.0
12,29,1998,0.0
12,30,1998,0.0
12,31,1998,0.0
01,01,1999,0.0
01,02,1999,0.0
01,03,1999,3.0
01,04,1999,0.0
01,05,1999,8.0
01,06,1999,0.0
01,07,1999,0.0
01,08,1999,0.0
01,09,1999,0.0
01,10,1999,0.0
01,11,1999,0.0
01,12,1999,0.0
01,13,1999,0.0
01,14,1999,0.0
01,15,1999,0.8
01,16,1999,0.0
01,17,1999,0.0
01,18,1999,0.0
01,19,1999,0.0
01,20,1999,0.0
01,21,1999,0.0
01,22,1999,0.6
01,23,1999,0.0
01,24,1999,0.0
01,25,1999,0.0
01,26,1999,0.0
01,27,1999,0.0
01,28,1999,0.0
01,29,1999,0.0
01,30,1999,0.0
01,31,1999,0.0
02,01,1999,0.0
02,02,1999,0.0
02,03,1999,0.0
02,04,1999,0.0
02,05,1999,0.0
02,06,1999,0.0
02,07,1999,0.0
02,08,1999,0.0
02,09,1999,0.0
02,10,1999,0.0
02,11,1999,2.5
02,12,1999,0.0
02,13,1999,0.0
02,14,1999,0.0
02,15,1999,0.0
02,16,1999,0.0
02,17,1999,0.0
02,18,1999,0.8
02,19,1999,0.0
02,20,1999,0.0
02,21,1999,0.0
02,22,1999,0.0
02,23,1999,0.0
02,24,1999,0.0
02,25,1999,0.0
02,26,1999,0.0
02,27,1999,0.0
02,28,1999,0.0
03,01,1999,0.0
03,02,1999,0.0
03,03,1999,0.0
03,04,1999,0.0
03,05,1999,0.0
03,06,1999,0.0
03,07,1999,0.0
03,08,1999,0.0
03,09,1999,0.0
03,10,1999,0.0
03,11,1999,0.0
03,12,1999,0.0
03,13,1999,0.0
03,14,1999,0.0
03,15,1999,0.0
03,16,1999,0.0
03,17,1999,0.0
03,18,1999,0.0
03,19,1999,0.0
03,20,1999,0.0
03,21,1999,0.1
03,22,1999,0.0
03,23,1999,0.0
03,24,1999,0.0
03,25,1999,0.1
03,26,1999,0.0
03,27,1999,0.0
03,28,1999,2.7
03,29,1999,0.0
03,30,1999,0.0
03,31,1999,0.0
04,01,1999,0.0
04,02,1999,0.0
04,03,1999,0.0
04,04,1999,0.0
04,05,1999,0.0
04,06,1999,0.0
04,07,1999,0.0
04,08,1999,0.0
04,09,1999,0.0
04,10,1999,0.0
04,11,1999,0.0
04,12,1999,0.0
04,13,1999,0.0
04,14,1999,0.0
04,15,1999,5.1
04,16,1999,0.8
04,17,1999,0.0
04,18,1999,0.0
04,19,1999,0.0
04,20,1999,0.0
04,21,1999,0.0
04,22,1999,0.0
04,23,1999,0.0
04,24,1999,0.0
04,25,1999,0.0
04,26,1999,0.0
04,27,1999,0.0
04,28,1999,0.0
04,29,1999,0.0
04,30,1999,0.0
05,01,1999,0.0
05,02,1999,0.0
05,03,1999,0.0
05,04,1999,0.0
05,05,1999,0.0
05,06,1999,0.0
05,07,1999,0.0
05,08,1999,0.0
05,09,1999,0.0
05,10,1999,0.0
05,11,1999,0.0
05,12,1999,0.0
05,13,1999,0.0
05,14,1999,0.0
05,15,1999,0.0
05,16,1999,0.0
05,17,1999,0.0
05,18,1999,0.0
05,19,1999,0.0
05,20,1999,0.0
05,21,1999,0.0
05,22,1999,0.0
05,23,1999,0.0
05,24,1999,0.0
05,25,1999,0.0
05,26,1999,0.0
05,27,1999,5.4
05,28,1999,0.0
05,29,1999,0.2
05,30,1999,0.0
05,31,1999,0.0
06,01,1999,0.0
06,02,1999,0.5
06,03,1999,0.0
06,04,1999,0.0
06,05,1999,0.0
06,06,1999,0.0
06,07,1999,0.0
06,08,1999,0.0
06,09,1999,53.0
06,10,1999,69.0
06,11,1999,0.0
06,12,1999,0.0
06,13,1999,0.0
06,14,1999,0.0
06,15,1999,0.0
06,16,1999,0.0
06,17,1999,66.0
06,18,1999,0.9
06,19,1999,0.0
06,20,1999,4.3
06,21,1999,6.3
06,22,1999,0.2
06,23,1999,3.0
06,24,1999,7.2
06,25,1999,0.0
06,26,1999,0.0
06,27,1999,0.0
06,28,1999,0.0
06,29,1999,0.0
06,30,1999,0.0
07,01,1999,4.2
07,02,1999,5.0
07,03,1999,54.0
07,04,1999,2.0
07,05,1999,0.0
07,06,1999,0.0
07,07,1999,0.0
07,08,1999,0.0
07,09,1999,0.0
07,10,1999,0.0
07,11,1999,12.0
07,12,1999,94.7
07,13,1999,0.0
07,14,1999,0.0
07,15,1999,0.0
07,16,1999,0.0
07,17,1999,12.5
07,18,1999,0.1
07,19,1999,2.5
07,20,1999,21.1
07,21,1999,56.0
07,22,1999,0.0
07,23,1999,0.0
07,24,1999,0.0
07,25,1999,0.0
07,26,1999,0.0
07,27,1999,0.0
07,28,1999,0.0
07,29,1999,0.0
07,30,1999,0.0
07,31,1999,0.0
08,01,1999,0.0
08,02,1999,0.0
08,03,1999,0.0
08,04,1999,0.0
08,05,1999,0.0
08,06,1999,0.0
08,07,1999,1.8
08,08,1999,18.1
08,09,1999,0.0
08,10,1999,0.2
08,11,1999,4.2
08,12,1999,0.0
08,13,1999,0.0
08,14,1999,0.0
08,15,1999,0.0
08,16,1999,0.0
08,17,1999,3.1
08,18,1999,1.5
08,19,1999,2.4
08,20,1999,0.1
08,21,1999,19.0
08,22,1999,0.0
08,23,1999,0.0
08,24,1999,0.0
08,25,1999,0.1
08,26,1999,57.0
08,27,1999,1.1
08,28,1999,2.2
08,29,1999,0.0
08,30,1999,0.0
08,31,1999,0.0
09,01,1999,0.0
09,02,1999,3.5
09,03,1999,1.5
09,04,1999,21.4
09,05,1999,18.4
09,06,1999,0.0
09,07,1999,0.0
09,08,1999,34.8
09,09,1999,0.0
09,10,1999,0.0
09,11,1999,1.5
09,12,1999,16.1
09,13,1999,8.7
09,14,1999,0.7
09,15,1999,1.6
09,16,1999,0.0
09,17,1999,0.0
09,18,1999,0.0
09,19,1999,0.0
09,20,1999,0.0
09,21,1999,0.0
09,22,1999,0.7
09,23,1999,0.0
09,24,1999,0.0
09,25,1999,0.0
09,26,1999,0.0
09,27,1999,7.4
09,28,1999,10.3
09,29,1999,18.3
09,30,1999,0.9
10,01,1999,0.0
10,02,1999,0.0
10,03,1999,5.5
10,04,1999,20.0
10,05,1999,32.3
10,06,1999,0.0
10,07,1999,68.7
10,08,1999,0.0
10,09,1999,2.9
10,10,1999,0.0
10,11,1999,0.0
10,12,1999,0.0
10,13,1999,0.0
10,14,1999,0.0
10,15,1999,0.0
10,16,1999,0.0
10,17,1999,0.4
10,18,1999,0.0
10,19,1999,0.0
10,20,1999,0.0
10,21,1999,0.0
10,22,1999,0.0
10,23,1999,0.0
10,24,1999,0.0
10,25,1999,0.0
10,26,1999,0.0
10,27,1999,0.0
10,28,1999,0.0
10,29,1999,0.0
10,30,1999,0.0
10,31,1999,0.0
11,01,1999,0.0
11,02,1999,0.0
11,03,1999,0.0
11,04,1999,1.3
11,05,1999,0.0
11,06,1999,0.0
11,07,1999,0.6
11,08,1999,0.0
11,09,1999,0.0
11,10,1999,1.6
11,11,1999,0.0
11,12,1999,0.0
11,13,1999,0.0
11,14,1999,0.0
11,15,1999,0.0
11,16,1999,0.0
11,17,1999,0.0
11,18,1999,0.7
11,19,1999,0.0
11,20,1999,0.0
11,21,1999,0.0
11,22,1999,0.0
11,23,1999,0.0
11,24,1999,0.3
11,25,1999,0.2
11,26,1999,0.0
11,27,1999,0.0
11,28,1999,0.0
11,29,1999,0.0
11,30,1999,0.0
12,01,1999,0.0
12,02,1999,0.0
12,03,1999,0.0
12,04,1999,0.0
12,05,1999,0.0
12,06,1999,0.0
12,07,1999,0.0
12,08,1999,0.0
12,09,1999,0.0
12,10,1999,0.4
12,11,1999,0.0
12,12,1999,0.0
12,13,1999,0.0
12,14,1999,0.0
12,15,1999,0.0
12,16,1999,0.0
12,17,1999,0.0
12,18,1999,0.0
12,19,1999,0.0
12,20,1999,0.0
12,21,1999,0.2
12,22,1999,0.0
12,23,1999,0.0
12,24,1999,0.0
12,25,1999,0.0
12,26,1999,0.0
12,27,1999,0.0
12,28,1999,0.0
12,29,1999,0.0
12,30,1999,0.0
12,31,1999,0.0
01,01,2000,0.0
01,02,2000,0.0
01,03,2000,0.0
01,04,2000,0.0
01,05,2000,0.0
01,06,2000,0.0
01,07,2000,0.0
01,08,2000,0.0
01,09,2000,0.0
01,10,2000,0.0
01,11,2000,0.0
01,12,2000,0.0
01,13,2000,3.8
01,14,2000,2.5
01,15,2000,10.2
01,16,2000,3.6
01,17,2000,0.0
01,18,2000,0.0
01,19,2000,0.0
01,20,2000,21.5
01,21,2000,0.0
01,22,2000,0.0
01,23,2000,0.0
01,24,2000,0.0
01,25,2000,0.0
01,26,2000,2.5
01,27,2000,0.0
01,28,2000,0.0
01,29,2000,0.0
01,30,2000,0.0
01,31,2000,0.0
02,01,2000,0.0
02,02,2000,2.5
02,03,2000,0.0
02,04,2000,0.0
02,05,2000,0.0
02,06,2000,0.0
02,07,2000,0.0
02,08,2000,0.0
02,09,2000,0.0
02,10,2000,0.0
02,11,2000,0.0
02,12,2000,0.0
02,13,2000,0.0
02,14,2000,0.0
02,15,2000,0.0
02,16,2000,0.0
02,17,2000,0.0
02,18,2000,0.0
02,19,2000,0.0
02,20,2000,0.0
02,21,2000,0.0
02,22,2000,0.0
02,23,2000,0.0
02,24,2000,0.0
02,25,2000,0.0
02,26,2000,0.0
02,27,2000,0.0
02,28,2000,0.0
02,29,2000,0.0
03,01,2000,0.0
03,02,2000,0.0
03,03,2000,0.0
03,04,2000,0.0
03,05,2000,0.0
03,06,2000,0.0
03,07,2000,0.0
03,08,2000,0.0
03,09,2000,0.0
03,10,2000,0.0
03,11,2000,0.5
03,12,2000,0.0
03,13,2000,0.0
03,14,2000,0.0
03,15,2000,0.0
03,16,2000,0.0
03,17,2000,0.0
03,18,2000,0.0
03,19,2000,0.0
03,20,2000,0.0
03,21,2000,0.0
03,22,2000,0.0
03,23,2000,0.0
03,24,2000,0.0
03,25,2000,0.0
03,26,2000,0.0
03,27,2000,0.0
03,28,2000,0.0
03,29,2000,0.0
03,30,2000,0.0
03,31,2000,0.0
04,01,2000,0.0
04,02,2000,0.0
04,03,2000,4.0
04,04,2000,0.0
04,05,2000,0.0
04,06,2000,0.0
04,07,2000,0.0
04,08,2000,0.0
04,09,2000,0.0
04,10,2000,0.0
04,11,2000,0.0
04,12,2000,0.0
04,13,2000,6.7
04,14,2000,0.0
04,15,2000,0.0
04,16,2000,0.0
04,17,2000,0.0
04,18,2000,0.0
04,19,2000,0.0
04,20,2000,0.0
04,21,2000,0.0
04,22,2000,0.0
04,23,2000,0.0
04,24,2000,0.0
04,25,2000,0.0
04,26,2000,0.0
04,27,2000,9.3
04,28,2000,3.2
04,29,2000,0.0
04,30,2000,0.0
05,01,2000,0.0
05,02,2000,0.0
05,03,2000,0.0
05,04,2000,0.0
05,05,2000,4.1
05,06,2000,0.0
05,07,2000,1.1
05,08,2000,0.0
05,09,2000,0.0
05,10,2000,0.0
05,11,2000,0.0
05,12,2000,0.0
05,13,2000,13.6
05,14,2000,0.2
05,15,2000,0.0
05,16,2000,0.0
05,17,2000,0.0
05,18,2000,0.0
05,19,2000,0.0
05,20,2000,0.5
05,21,2000,0.0
05,22,2000,31.5
05,23,2000,0.0
05,24,2000,0.0
05,25,2000,0.0
05,26,2000,0.0
05,27,2000,0.0
05,28,2000,25.5
05,29,2000,15.0
05,30,2000,3.3
05,31,2000,9.4
06,01,2000,0.0
06,02,2000,10.5
06,03,2000,0.0
06,04,2000,0.0
06,05,2000,0.0
06,06,2000,0.0
06,07,2000,18.7
06,08,2000,0.0
06,09,2000,106.1
06,10,2000,17.5
06,11,2000,60.3
06,12,2000,16.5
06,13,2000,5.2
06,14,2000,3.2
06,15,2000,18.2
06,16,2000,5.3
06,17,2000,0.2
06,18,2000,0.0
06,19,2000,4.8
06,20,2000,26.3
06,21,2000,0.5
06,22,2000,0.0
06,23,2000,0.0
06,24,2000,0.0
06,25,2000,0.0
06,26,2000,0.0
06,27,2000,0.0
06,28,2000,7.0
06,29,2000,0.0
06,30,2000,0.0
07,01,2000,0.0
07,02,2000,0.0
07,03,2000,0.0
07,04,2000,0.0
07,05,2000,42.8
07,06,2000,0.0
07,07,2000,0.0
07,08,2000,4.0
07,09,2000,18.2
07,10,2000,14.0
07,11,2000,0.0
07,12,2000,0.0
07,13,2000,0.0
07,14,2000,0.0
07,15,2000,0.0
07,16,2000,0.0
07,17,2000,0.0
07,18,2000,23.5
07,19,2000,0.0
07,20,2000,0.0
07,21,2000,0.0
07,22,2000,0.0
07,23,2000,1.0
07,24,2000,0.0
07,25,2000,4.8
07,26,2000,3.0
07,27,2000,0.0
07,28,2000,0.0
07,29,2000,0.0
07,30,2000,0.0
07,31,2000,0.0
08,01,2000,0.8
08,02,2000,9.5
08,03,2000,0.0
08,04,2000,0.0
08,05,2000,0.0
08,06,2000,0.0
08,07,2000,0.0
08,08,2000,44.0
08,09,2000,105.6
08,10,2000,6.3
08,11,2000,4.0
08,12,2000,29.6
08,13,2000,2.0
08,14,2000,0.0
08,15,2000,4.5
08,16,2000,0.0
08,17,2000,0.0
08,18,2000,3.0
08,19,2000,0.5
08,20,2000,0.0
08,21,2000,0.0
08,22,2000,0.0
08,23,2000,0.0
08,24,2000,2.7
08,25,2000,0.0
08,26,2000,0.0
08,27,2000,0.0
08,28,2000,23.0
08,29,2000,13.5
08,30,2000,27.2
08,31,2000,1.0
09,01,2000,3.5
09,02,2000,2.7
09,03,2000,0.0
09,04,2000,0.0
09,05,2000,0.0
09,06,2000,0.0
09,07,2000,13.0
09,08,2000,0.0
09,09,2000,0.0
09,10,2000,0.0
09,11,2000,5.2
09,12,2000,0.0
09,13,2000,0.0
09,14,2000,0.0
09,15,2000,0.4
09,16,2000,12.0
09,17,2000,0.0
09,18,2000,0.0
09,19,2000,0.0
09,20,2000,10.8
09,21,2000,9.0
09,22,2000,0.0
09,23,2000,0.0
09,24,2000,0.0
09,25,2000,1.5
09,26,2000,1.8
09,27,2000,0.0
09,28,2000,0.0
09,29,2000,0.0
09,30,2000,0.0
10,01,2000,0.0
10,02,2000,0.0
10,03,2000,0.0
10,04,2000,2.4
10,05,2000,17.7
10,06,2000,0.0
10,07,2000,0.0
10,08,2000,12.8
10,09,2000,2.6
10,10,2000,10.0
10,11,2000,2.0
10,12,2000,0.0
10,13,2000,0.0
10,14,2000,0.0
10,15,2000,0.0
10,16,2000,0.0
10,17,2000,3.5
10,18,2000,12.0
10,19,2000,1.5
10,20,2000,0.0
10,21,2000,0.0
10,22,2000,0.0
10,23,2000,0.0
10,24,2000,0.0
10,25,2000,0.3
10,26,2000,0.2
10,27,2000,0.5
10,28,2000,0.0
10,29,2000,0.0
10,30,2000,0.0
10,31,2000,0.0
11,01,2000,0.0
11,02,2000,0.3
11,03,2000,0.0
11,04,2000,0.0
11,05,2000,0.0
11,06,2000,0.0
11,07,2000,0.0
11,08,2000,27.0
11,09,2000,0.0
11,10,2000,0.0
11,11,2000,0.0
11,12,2000,0.0
11,13,2000,0.0
11,14,2000,0.5
11,15,2000,0.0
11,16,2000,0.0
11,17,2000,0.0
11,18,2000,0.0
11,19,2000,0.0
11,20,2000,4.7
11,21,2000,2.2
11,22,2000,0.0
11,23,2000,0.0
11,24,2000,0.0
11,25,2000,0.0
11,26,2000,0.3
11,27,2000,0.0
11,28,2000,0.4
11,29,2000,0.0
11,30,2000,0.0
12,01,2000,0.0
12,02,2000,0.5
12,03,2000,0.0
12,04,2000,6.5
12,05,2000,0.1
12,06,2000,0.0
12,07,2000,0.1
12,08,2000,0.0
12,09,2000,0.0
12,10,2000,0.0
12,11,2000,0.0
12,12,2000,0.0
12,13,2000,2.0
12,14,2000,0.0
12,15,2000,0.0
12,16,2000,0.0
12,17,2000,3.9
12,18,2000,0.0
12,19,2000,0.0
12,20,2000,0.0
12,21,2000,0.0
12,22,2000,0.0
12,23,2000,0.0
12,24,2000,0.0
12,25,2000,0.0
12,26,2000,0.0
12,27,2000,0.0
12,28,2000,1.0
12,29,2000,1.0
12,30,2000,2.2
12,31,2000,2.1
01,01,2001,0.0
01,02,2001,0.0
01,03,2001,0.0
01,04,2001,0.0
01,05,2001,0.0
01,06,2001,0.0
01,07,2001,0.0
01,08,2001,0.0
01,09,2001,0.0
01,10,2001,0.0
01,11,2001,0.0
01,12,2001,0.0
01,13,2001,0.0
01,14,2001,0.0
01,15,2001,0.0
01,16,2001,0.0
01,17,2001,0.0
01,18,2001,0.0
01,19,2001,6.0
01,20,2001,0.0
01,21,2001,0.0
01,22,2001,0.0
01,23,2001,0.0
01,24,2001,0.0
01,25,2001,1.0
01,26,2001,0.0
01,27,2001,0.0
01,28,2001,0.0
01,29,2001,0.0
01,30,2001,0.0
01,31,2001,1.5
02,01,2001,0.0
02,02,2001,0.0
02,03,2001,0.5
02,04,2001,4.5
02,05,2001,0.0
02,06,2001,0.0
02,07,2001,0.0
02,08,2001,0.0
02,09,2001,0.0
02,10,2001,5.4
02,11,2001,0.0
02,12,2001,0.0
02,13,2001,0.0
02,14,2001,0.0
02,15,2001,0.0
02,16,2001,0.0
02,17,2001,0.0
02,18,2001,0.0
02,19,2001,0.0
02,20,2001,0.0
02,21,2001,0.0
02,22,2001,0.0
02,23,2001,0.0
02,24,2001,0.0
02,25,2001,0.0
02,26,2001,0.0
02,27,2001,0.0
02,28,2001,0.0
03,01,2001,0.0
03,02,2001,0.0
03,03,2001,0.0
03,04,2001,0.0
03,05,2001,0.9
03,06,2001,0.0
03,07,2001,0.0
03,08,2001,0.0
03,09,2001,0.0
03,10,2001,0.0
03,11,2001,0.0
03,12,2001,0.0
03,13,2001,0.0
03,14,2001,0.0
03,15,2001,0.0
03,16,2001,0.0
03,17,2001,0.7
03,18,2001,0.0
03,19,2001,0.0
03,20,2001,0.0
03,21,2001,0.0
03,22,2001,0.0
03,23,2001,0.0
03,24,2001,0.0
03,25,2001,0.0
03,26,2001,0.2
03,27,2001,0.0
03,28,2001,0.0
03,29,2001,0.0
03,30,2001,0.0
03,31,2001,0.0
04,01,2001,0.0
04,02,2001,0.0
04,03,2001,0.0
04,04,2001,0.0
04,05,2001,0.0
04,06,2001,0.0
04,07,2001,0.0
04,08,2001,0.0
04,09,2001,0.0
04,10,2001,0.0
04,11,2001,0.0
04,12,2001,0.0
04,13,2001,0.0
04,14,2001,0.0
04,15,2001,0.0
04,16,2001,0.0
04,17,2001,0.0
04,18,2001,0.0
04,19,2001,0.0
04,20,2001,0.0
04,21,2001,0.0
04,22,2001,0.0
04,23,2001,0.0
04,24,2001,0.0
04,25,2001,0.0
04,26,2001,4.5
04,27,2001,0.0
04,28,2001,0.0
04,29,2001,0.0
04,30,2001,0.0
05,01,2001,0.0
05,02,2001,1.3
05,03,2001,0.0
05,04,2001,0.0
05,05,2001,0.0
05,06,2001,23.5
05,07,2001,0.0
05,08,2001,0.0
05,09,2001,19.3
05,10,2001,0.0
05,11,2001,0.0
05,12,2001,0.8
05,13,2001,0.0
05,14,2001,0.0
05,15,2001,0.0
05,16,2001,0.0
05,17,2001,0.0
05,18,2001,0.0
05,19,2001,0.0
05,20,2001,0.0
05,21,2001,0.0
05,22,2001,0.0
05,23,2001,0.0
05,24,2001,0.0
05,25,2001,25.5
05,26,2001,0.0
05,27,2001,0.0
05,28,2001,0.0
05,29,2001,2.8
05,30,2001,0.0
05,31,2001,4.6
06,01,2001,0.0
06,02,2001,0.0
06,03,2001,0.0
06,04,2001,0.0
06,05,2001,0.0
06,06,2001,0.0
06,07,2001,0.0
06,08,2001,0.0
06,09,2001,0.0
06,10,2001,0.0
06,11,2001,0.0
06,12,2001,0.0
06,13,2001,0.0
06,14,2001,0.0
06,15,2001,0.0
06,16,2001,0.0
06,17,2001,0.0
06,18,2001,0.0
06,19,2001,0.0
06,20,2001,0.0
06,21,2001,0.0
06,22,2001,0.0
06,23,2001,0.0
06,24,2001,0.0
06,25,2001,32.2
06,26,2001,0.3
06,27,2001,24.0
06,28,2001,4.7
06,29,2001,0.0
06,30,2001,0.0
07,01,2001,6.0
07,02,2001,44.0
07,03,2001,7.4
07,04,2001,14.0
07,05,2001,0.0
07,06,2001,0.0
07,07,2001,0.0
07,08,2001,5.0
07,09,2001,0.0
07,10,2001,0.0
07,11,2001,0.0
07,12,2001,2.1
07,13,2001,0.0
07,14,2001,0.0
07,15,2001,3.2
07,16,2001,1.1
07,17,2001,0.0
07,18,2001,3.6
07,19,2001,0.0
07,20,2001,0.0
07,21,2001,0.0
07,22,2001,0.0
07,23,2001,0.0
07,24,2001,0.0
07,25,2001,0.0
07,26,2001,7.3
07,27,2001,0.0
07,28,2001,0.0
07,29,2001,0.0
07,30,2001,4.0
07,31,2001,0.0
08,01,2001,0.0
08,02,2001,0.0
08,03,2001,18.5
08,04,2001,0.0
08,05,2001,0.0
08,06,2001,4.3
08,07,2001,8.3
08,08,2001,0.0
08,09,2001,4.5
08,10,2001,45.0
08,11,2001,24.3
08,12,2001,0.0
08,13,2001,1.8
08,14,2001,1.6
08,15,2001,15.3
08,16,2001,0.0
08,17,2001,0.3
08,18,2001,0.0
08,19,2001,0.0
08,20,2001,0.0
08,21,2001,0.0
08,22,2001,16.4
08,23,2001,49.5
08,24,2001,5.1
08,25,2001,0.0
08,26,2001,2.3
08,27,2001,0.0
08,28,2001,0.0
08,29,2001,0.0
08,30,2001,0.0
08,31,2001,0.0
09,01,2001,0.0
09,02,2001,0.0
09,03,2001,0.0
09,04,2001,0.0
09,05,2001,0.0
09,06,2001,0.0
09,07,2001,0.0
09,08,2001,21.5
09,09,2001,50.0
09,10,2001,26.8
09,11,2001,2.0
09,12,2001,0.0
09,13,2001,0.0
09,14,2001,0.3
09,15,2001,0.0
09,16,2001,0.0
09,17,2001,1.0
09,18,2001,0.0
09,19,2001,0.0
09,20,2001,0.3
09,21,2001,14.0
09,22,2001,10.0
09,23,2001,0.0
09,24,2001,10.8
09,25,2001,0.0
09,26,2001,0.0
09,27,2001,1.8
09,28,2001,0.5
09,29,2001,0.0
09,30,2001,0.0
10,01,2001,0.0
10,02,2001,0.0
10,03,2001,0.0
10,04,2001,1.3
10,05,2001,0.0
10,06,2001,0.4
10,07,2001,0.0
10,08,2001,0.0
10,09,2001,20.0
10,10,2001,10.8
10,11,2001,0.0
10,12,2001,0.0
10,13,2001,0.0
10,14,2001,0.0
10,15,2001,0.0
10,16,2001,0.0
10,17,2001,0.0
10,18,2001,0.0
10,19,2001,0.0
10,20,2001,0.0
10,21,2001,0.0
10,22,2001,0.0
10,23,2001,0.0
10,24,2001,0.0
10,25,2001,22.2
10,26,2001,24.0
10,27,2001,22.0
10,28,2001,0.0
10,29,2001,0.0
10,30,2001,0.0
10,31,2001,0.0
11,01,2001,0.0
11,02,2001,0.0
11,03,2001,0.0
11,04,2001,0.0
11,05,2001,0.0
11,06,2001,0.6
11,07,2001,0.0
11,08,2001,0.0
11,09,2001,0.0
11,10,2001,0.0
11,11,2001,2.2
11,12,2001,1.0
11,13,2001,0.0
11,14,2001,0.0
11,15,2001,0.0
11,16,2001,66.5
11,17,2001,0.0
11,18,2001,0.0
11,19,2001,0.0
11,20,2001,2.0
11,21,2001,0.0
11,22,2001,0.0
11,23,2001,0.0
11,24,2001,0.0
11,25,2001,0.0
11,26,2001,0.0
11,27,2001,0.0
11,28,2001,0.0
11,29,2001,0.0
11,30,2001,0.0
12,01,2001,0.0
12,02,2001,0.7
12,03,2001,2.0
12,04,2001,0.0
12,05,2001,0.0
12,06,2001,0.0
12,07,2001,0.0
12,08,2001,9.7
12,09,2001,0.0
12,10,2001,0.0
12,11,2001,0.0
12,12,2001,0.0
12,13,2001,0.0
12,14,2001,0.0
12,15,2001,0.0
12,16,2001,0.0
12,17,2001,0.0
12,18,2001,0.0
12,19,2001,0.0
12,20,2001,0.0
12,21,2001,0.0
12,22,2001,0.0
12,23,2001,0.0
12,24,2001,0.0
12,25,2001,2.0
12,26,2001,16.0
12,27,2001,0.0
12,28,2001,0.0
12,29,2001,0.6
12,30,2001,0.0
12,31,2001,0.0
01,01,2002,2.0
01,02,2002,4.0
01,03,2002,0.0
01,04,2002,0.0
01,05,2002,0.0
01,06,2002,0.0
01,07,2002,0.0
01,08,2002,0.0
01,09,2002,0.0
01,10,2002,0.0
01,11,2002,0.0
01,12,2002,1.8
01,13,2002,1.5
01,14,2002,0.0
01,15,2002,0.0
01,16,2002,0.0
01,17,2002,0.0
01,18,2002,0.0
01,19,2002,0.0
01,20,2002,0.0
01,21,2002,0.0
01,22,2002,0.0
01,23,2002,0.0
01,24,2002,0.0
01,25,2002,0.0
01,26,2002,0.0
01,27,2002,0.0
01,28,2002,0.0
01,29,2002,0.0
01,30,2002,0.0
01,31,2002,0.0
02,01,2002,0.0
02,02,2002,0.0
02,03,2002,0.0
02,04,2002,0.0
02,05,2002,0.0
02,06,2002,0.0
02,07,2002,0.0
02,08,2002,0.0
02,09,2002,0.0
02,10,2002,0.0
02,11,2002,0.0
02,12,2002,0.0
02,13,2002,0.0
02,14,2002,0.0
02,15,2002,0.0
02,16,2002,0.0
02,17,2002,0.0
02,18,2002,0.0
02,19,2002,0.0
02,20,2002,0.0
02,21,2002,0.0
02,22,2002,0.0
02,23,2002,0.0
02,24,2002,0.0
02,25,2002,0.0
02,26,2002,0.0
02,27,2002,0.0
02,28,2002,0.0
03,01,2002,0.0
03,02,2002,0.0
03,03,2002,0.0
03,04,2002,1.5
03,05,2002,0.0
03,06,2002,0.0
03,07,2002,0.0
03,08,2002,0.0
03,09,2002,0.0
03,10,2002,0.0
03,11,2002,0.0
03,12,2002,0.0
03,13,2002,0.0
03,14,2002,0.0
03,15,2002,0.0
03,16,2002,0.0
03,17,2002,0.0
03,18,2002,0.0
03,19,2002,0.0
03,20,2002,0.0
03,21,2002,0.0
03,22,2002,0.0
03,23,2002,0.0
03,24,2002,0.0
03,25,2002,0.0
03,26,2002,0.0
03,27,2002,0.0
03,28,2002,0.0
03,29,2002,0.0
03,30,2002,0.0
03,31,2002,0.0
04,01,2002,0.0
04,02,2002,0.0
04,03,2002,0.0
04,04,2002,0.0
04,05,2002,0.0
04,06,2002,0.0
04,07,2002,11.5
04,08,2002,0.0
04,09,2002,0.0
04,10,2002,1.8
04,11,2002,0.0
04,12,2002,0.0
04,13,2002,0.0
04,14,2002,0.0
04,15,2002,0.0
04,16,2002,0.0
04,17,2002,0.0
04,18,2002,0.0
04,19,2002,0.0
04,20,2002,0.0
04,21,2002,0.0
04,22,2002,0.0
04,23,2002,0.0
04,24,2002,0.0
04,25,2002,0.0
04,26,2002,0.0
04,27,2002,0.0
04,28,2002,0.0
04,29,2002,0.0
04,30,2002,0.0
05,01,2002,0.0
05,02,2002,0.0
05,03,2002,0.0
05,04,2002,0.0
05,05,2002,2.5
05,06,2002,0.0
05,07,2002,0.0
05,08,2002,0.0
05,09,2002,0.0
05,10,2002,0.0
05,11,2002,0.0
05,12,2002,0.0
05,13,2002,0.0
05,14,2002,0.0
05,15,2002,0.0
05,16,2002,0.0
05,17,2002,0.0
05,18,2002,0.0
05,19,2002,0.0
05,20,2002,0.0
05,21,2002,0.0
05,22,2002,0.0
05,23,2002,0.0
05,24,2002,0.0
05,25,2002,0.0
05,26,2002,0.0
05,27,2002,0.0
05,28,2002,0.0
05,29,2002,0.0
05,30,2002,0.0
05,31,2002,0.0
06,01,2002,0.8
06,02,2002,0.0
06,03,2002,0.0
06,04,2002,0.0
06,05,2002,0.0
06,06,2002,12.3
06,07,2002,10.5
06,08,2002,13.9
06,09,2002,2.3
06,10,2002,0.0
06,11,2002,0.0
06,12,2002,0.0
06,13,2002,0.0
06,14,2002,0.0
06,15,2002,13.8
06,16,2002,0.0
06,17,2002,0.0
06,18,2002,0.0
06,19,2002,16.7
06,20,2002,13.4
06,21,2002,19.0
06,22,2002,2.3
06,23,2002,14.7
06,24,2002,0.0
06,25,2002,0.0
06,26,2002,3.8
06,27,2002,1.8
06,28,2002,20.3
06,29,2002,0.0
06,30,2002,0.0
07,01,2002,0.0
07,02,2002,0.0
07,03,2002,0.0
07,04,2002,0.0
07,05,2002,0.0
07,06,2002,2.0
07,07,2002,0.0
07,08,2002,0.0
07,09,2002,0.8
07,10,2002,3.4
07,11,2002,10.8
07,12,2002,2.5
07,13,2002,0.0
07,14,2002,0.0
07,15,2002,1.5
07,16,2002,0.8
07,17,2002,2.8
07,18,2002,0.0
07,19,2002,0.0
07,20,2002,4.0
07,21,2002,51.7
07,22,2002,5.5
07,23,2002,0.0
07,24,2002,0.0
07,25,2002,0.0
07,26,2002,0.0
07,27,2002,0.0
07,28,2002,8.7
07,29,2002,0.0
07,30,2002,0.0
07,31,2002,14.8
08,01,2002,0.0
08,02,2002,0.0
08,03,2002,0.0
08,04,2002,0.0
08,05,2002,0.0
08,06,2002,0.0
08,07,2002,0.0
08,08,2002,0.0
08,09,2002,0.0
08,10,2002,0.0
08,11,2002,3.0
08,12,2002,0.0
08,13,2002,0.0
08,14,2002,0.0
08,15,2002,0.0
08,16,2002,0.0
08,17,2002,0.0
08,18,2002,18.8
08,19,2002,0.2
08,20,2002,0.0
08,21,2002,0.6
08,22,2002,13.9
08,23,2002,43.3
08,24,2002,0.0
08,25,2002,0.0
08,26,2002,0.0
08,27,2002,0.0
08,28,2002,0.0
08,29,2002,0.0
08,30,2002,0.0
08,31,2002,0.0
09,01,2002,0.0
09,02,2002,0.0
09,03,2002,9.5
09,04,2002,0.0
09,05,2002,0.0
09,06,2002,0.0
09,07,2002,10.5
09,08,2002,10.5
09,09,2002,14.6
09,10,2002,34.5
09,11,2002,4.0
09,12,2002,0.0
09,13,2002,9.7
09,14,2002,7.3
09,15,2002,0.2
09,16,2002,0.0
09,17,2002,0.0
09,18,2002,0.0
09,19,2002,0.0
09,20,2002,1.5
09,21,2002,4.2
09,22,2002,0.0
09,23,2002,0.0
09,24,2002,0.0
09,25,2002,11.7
09,26,2002,0.0
09,27,2002,0.0
09,28,2002,0.0
09,29,2002,0.0
09,30,2002,0.0
10,01,2002,0.0
10,02,2002,0.0
10,03,2002,0.0
10,04,2002,22.2
10,05,2002,19.8
10,06,2002,5.0
10,07,2002,0.0
10,08,2002,0.0
10,09,2002,0.0
10,10,2002,0.0
10,11,2002,0.0
10,12,2002,0.0
10,13,2002,0.3
10,14,2002,0.0
10,15,2002,0.0
10,16,2002,0.5
10,17,2002,8.9
10,18,2002,0.0
10,19,2002,0.0
10,20,2002,0.0
10,21,2002,0.0
10,22,2002,0.0
10,23,2002,0.0
10,24,2002,0.0
10,25,2002,1.3
10,26,2002,0.0
10,27,2002,0.0
10,28,2002,0.0
10,29,2002,1.5
10,30,2002,0.0
10,31,2002,3.7
11,01,2002,30.5
11,02,2002,0.3
11,03,2002,0.0
11,04,2002,0.0
11,05,2002,0.0
11,06,2002,0.0
11,07,2002,0.0
11,08,2002,0.0
11,09,2002,0.0
11,10,2002,0.0
11,11,2002,0.0
11,12,2002,0.0
11,13,2002,0.0
11,14,2002,0.0
11,15,2002,0.0
11,16,2002,0.0
11,17,2002,0.0
11,18,2002,0.0
11,19,2002,0.0
11,20,2002,0.0
11,21,2002,0.0
11,22,2002,0.0
11,23,2002,0.0
11,24,2002,0.0
11,25,2002,0.0
11,26,2002,0.0
11,27,2002,1.3
11,28,2002,2.0
11,29,2002,0.0
11,30,2002,0.0
12,01,2002,0.0
12,02,2002,0.0
12,03,2002,0.0
12,04,2002,0.0
12,05,2002,0.0
12,06,2002,0.0
12,07,2002,0.0
12,08,2002,0.0
12,09,2002,0.0
12,10,2002,0.0
12,11,2002,0.0
12,12,2002,0.0
12,13,2002,0.0
12,14,2002,0.0
12,15,2002,0.0
12,16,2002,0.5
12,17,2002,0.0
12,18,2002,0.0
12,19,2002,0.0
12,20,2002,0.0
12,21,2002,0.0
12,22,2002,0.0
12,23,2002,0.0
12,24,2002,4.8
12,25,2002,0.0
12,26,2002,0.5
12,27,2002,0.6
12,28,2002,0.0
12,29,2002,0.0
12,30,2002,0.0
12,31,2002,0.0
01,01,2003,0.0
01,02,2003,11.8
01,03,2003,0.0
01,04,2003,0.0
01,05,2003,0.0
01,06,2003,1.3
01,07,2003,0.0
01,08,2003,0.0
01,09,2003,0.0
01,10,2003,0.0
01,11,2003,0.0
01,12,2003,0.0
01,13,2003,0.5
01,14,2003,0.0
01,15,2003,0.0
01,16,2003,0.0
01,17,2003,0.0
01,18,2003,0.4
01,19,2003,0.0
01,20,2003,0.0
01,21,2003,0.0
01,22,2003,0.0
01,23,2003,0.0
01,24,2003,0.0
01,25,2003,0.4
01,26,2003,0.0
01,27,2003,0.0
01,28,2003,0.0
01,29,2003,0.0
01,30,2003,0.0
01,31,2003,0.0
02,01,2003,0.0
02,02,2003,0.0
02,03,2003,0.0
02,04,2003,0.0
02,05,2003,0.0
02,06,2003,0.0
02,07,2003,0.0
02,08,2003,0.0
02,09,2003,0.0
02,10,2003,0.0
02,11,2003,0.0
02,12,2003,0.0
02,13,2003,0.0
02,14,2003,0.0
02,15,2003,0.0
02,16,2003,2.1
02,17,2003,0.0
02,18,2003,0.0
02,19,2003,0.0
02,20,2003,0.0
02,21,2003,6.0
02,22,2003,0.0
02,23,2003,0.0
02,24,2003,0.0
02,25,2003,0.0
02,26,2003,0.0
02,27,2003,0.0
02,28,2003,0.0
03,01,2003,null
03,02,2003,null
03,03,2003,null
03,04,2003,null
03,05,2003,null
03,06,2003,null
03,07,2003,null
03,08,2003,null
03,09,2003,null
03,10,2003,null
03,11,2003,null
03,12,2003,null
03,13,2003,null
03,14,2003,null
03,15,2003,null
03,16,2003,null
03,17,2003,null
03,18,2003,null
03,19,2003,null
03,20,2003,null
03,21,2003,null
03,22,2003,null
03,23,2003,null
03,24,2003,null
03,25,2003,null
03,26,2003,null
03,27,2003,null
03,28,2003,null
03,29,2003,null
03,30,2003,null
03,31,2003,null
04,01,2003,null
04,02,2003,null
04,03,2003,null
04,04,2003,null
04,05,2003,null
04,06,2003,null
04,07,2003,null
04,08,2003,null
04,09,2003,null
04,10,2003,null
04,11,2003,null
04,12,2003,null
04,13,2003,null
04,14,2003,null
04,15,2003,null
04,16,2003,null
04,17,2003,null
04,18,2003,null
04,19,2003,null
04,20,2003,null
04,21,2003,null
04,22,2003,null
04,23,2003,null
04,24,2003,null
04,25,2003,null
04,26,2003,null
04,27,2003,null
04,28,2003,null
04,29,2003,null
04,30,2003,null
05,01,2003,null
05,02,2003,null
05,03,2003,null
05,04,2003,null
05,05,2003,null
05,06,2003,null
05,07,2003,null
05,08,2003,null
05,09,2003,null
05,10,2003,null
05,11,2003,null
05,12,2003,null
05,13,2003,null
05,14,2003,null
05,15,2003,null
05,16,2003,null
05,17,2003,null
05,18,2003,null
05,19,2003,null
05,20,2003,null
05,21,2003,null
05,22,2003,null
05,23,2003,null
05,24,2003,null
05,25,2003,null
05,26,2003,null
05,27,2003,null
05,28,2003,null
05,29,2003,null
05,30,2003,null
05,31,2003,null
06,01,2003,null
06,02,2003,null
06,03,2003,null
06,04,2003,null
06,05,2003,null
06,06,2003,null
06,07,2003,null
06,08,2003,null
06,09,2003,null
06,10,2003,null
06,11,2003,null
06,12,2003,null
06,13,2003,null
06,14,2003,null
06,15,2003,null
06,16,2003,null
06,17,2003,null
06,18,2003,null
06,19,2003,null
06,20,2003,null
06,21,2003,null
06,22,2003,null
06,23,2003,null
06,24,2003,null
06,25,2003,null
06,26,2003,null
06,27,2003,null
06,28,2003,null
06,29,2003,null
06,30,2003,null
07,01,2003,null
07,02,2003,null
07,03,2003,null
07,04,2003,null
07,05,2003,null
07,06,2003,null
07,07,2003,null
07,08,2003,null
07,09,2003,null
07,10,2003,null
07,11,2003,null
07,12,2003,null
07,13,2003,null
07,14,2003,null
07,15,2003,null
07,16,2003,null
07,17,2003,null
07,18,2003,null
07,19,2003,null
07,20,2003,null
07,21,2003,null
07,22,2003,null
07,23,2003,null
07,24,2003,null
07,25,2003,null
07,26,2003,null
07,27,2003,null
07,28,2003,null
07,29,2003,null
07,30,2003,null
07,31,2003,null
08,01,2003,null
08,02,2003,null
08,03,2003,null
08,04,2003,null
08,05,2003,null
08,06,2003,null
08,07,2003,null
08,08,2003,null
08,09,2003,null
08,10,2003,null
08,11,2003,null
08,12,2003,null
08,13,2003,null
08,14,2003,null
08,15,2003,null
08,16,2003,null
08,17,2003,null
08,18,2003,null
08,19,2003,null
08,20,2003,null
08,21,2003,null
08,22,2003,null
08,23,2003,null
08,24,2003,null
08,25,2003,null
08,26,2003,null
08,27,2003,null
08,28,2003,null
08,29,2003,null
08,30,2003,null
08,31,2003,null
09,01,2003,null
09,02,2003,null
09,03,2003,null
09,04,2003,null
09,05,2003,null
09,06,2003,null
09,07,2003,null
09,08,2003,null
09,09,2003,null
09,10,2003,null
09,11,2003,null
09,12,2003,null
09,13,2003,null
09,14,2003,null
09,15,2003,null
09,16,2003,null
09,17,2003,null
09,18,2003,null
09,19,2003,null
09,20,2003,null
09,21,2003,null
09,22,2003,null
09,23,2003,null
09,24,2003,null
09,25,2003,null
09,26,2003,null
09,27,2003,null
09,28,2003,null
09,29,2003,null
09,30,2003,null
10,01,2003,null
10,02,2003,null
10,03,2003,null
10,04,2003,null
10,05,2003,null
10,06,2003,null
10,07,2003,null
10,08,2003,null
10,09,2003,null
10,10,2003,null
10,11,2003,null
10,12,2003,null
10,13,2003,null
10,14,2003,null
10,15,2003,null
10,16,2003,null
10,17,2003,null
10,18,2003,null
10,19,2003,null
10,20,2003,null
10,21,2003,null
10,22,2003,null
10,23,2003,null
10,24,2003,null
10,25,2003,null
10,26,2003,null
10,27,2003,null
10,28,2003,null
10,29,2003,null
10,30,2003,null
10,31,2003,null
11,01,2003,null
11,02,2003,null
11,03,2003,null
11,04,2003,null
11,05,2003,null
11,06,2003,null
11,07,2003,null
11,08,2003,null
11,09,2003,null
11,10,2003,null
11,11,2003,null
11,12,2003,null
11,13,2003,null
11,14,2003,null
11,15,2003,null
11,16,2003,null
11,17,2003,null
11,18,2003,null
11,19,2003,null
11,20,2003,null
11,21,2003,null
11,22,2003,null
11,23,2003,null
11,24,2003,null
11,25,2003,null
11,26,2003,null
11,27,2003,null
11,28,2003,null
11,29,2003,null
11,30,2003,null
12,01,2003,null
12,02,2003,null
12,03,2003,null
12,04,2003,null
12,05,2003,null
12,06,2003,null
12,07,2003,null
12,08,2003,null
12,09,2003,null
12,10,2003,null
12,11,2003,null
12,12,2003,null
12,13,2003,null
12,14,2003,null
12,15,2003,null
12,16,2003,null
12,17,2003,null
12,18,2003,null
12,19,2003,null
12,20,2003,null
12,21,2003,null
12,22,2003,null
12,23,2003,null
12,24,2003,null
12,25,2003,null
12,26,2003,null
12,27,2003,null
12,28,2003,null
12,29,2003,null
12,30,2003,null
12,31,2003,null
01,01,2004,0.0
01,02,2004,0.0
01,03,2004,0.0
01,04,2004,0.0
01,05,2004,0.0
01,06,2004,0.0
01,07,2004,1.0
01,08,2004,0.0
01,09,2004,0.0
01,10,2004,0.0
01,11,2004,0.0
01,12,2004,0.0
01,13,2004,0.0
01,14,2004,0.0
01,15,2004,0.0
01,16,2004,1.7
01,17,2004,0.0
01,18,2004,1.3
01,19,2004,1.8
01,20,2004,0.0
01,21,2004,0.0
01,22,2004,0.0
01,23,2004,0.0
01,24,2004,0.0
01,25,2004,0.0
01,26,2004,2.1
01,27,2004,4.4
01,28,2004,5.4
01,29,2004,0.0
01,30,2004,14.0
01,31,2004,0.0
02,01,2004,0.0
02,02,2004,0.0
02,03,2004,0.0
02,04,2004,0.0
02,05,2004,0.0
02,06,2004,1.2
02,07,2004,0.0
02,08,2004,0.0
02,09,2004,0.0
02,10,2004,0.0
02,11,2004,0.0
02,12,2004,0.0
02,13,2004,0.0
02,14,2004,0.0
02,15,2004,0.0
02,16,2004,0.0
02,17,2004,0.0
02,18,2004,0.0
02,19,2004,0.0
02,20,2004,0.0
02,21,2004,0.0
02,22,2004,0.0
02,23,2004,0.0
02,24,2004,0.0
02,25,2004,3.9
02,26,2004,0.0
02,27,2004,3.7
02,28,2004,0.0
02,29,2004,0.0
03,01,2004,0.0
03,02,2004,0.0
03,03,2004,0.0
03,04,2004,0.0
03,05,2004,0.0
03,06,2004,0.0
03,07,2004,0.0
03,08,2004,0.0
03,09,2004,0.0
03,10,2004,3.0
03,11,2004,0.0
03,12,2004,0.0
03,13,2004,0.0
03,14,2004,0.0
03,15,2004,0.0
03,16,2004,0.0
03,17,2004,0.0
03,18,2004,0.0
03,19,2004,0.0
03,20,2004,0.0
03,21,2004,0.0
03,22,2004,5.3
03,23,2004,0.0
03,24,2004,0.0
03,25,2004,0.0
03,26,2004,0.0
03,27,2004,0.0
03,28,2004,0.0
03,29,2004,0.0
03,30,2004,0.0
03,31,2004,0.0
04,01,2004,0.0
04,02,2004,0.0
04,03,2004,4.1
04,04,2004,53.3
04,05,2004,0.0
04,06,2004,0.0
04,07,2004,0.0
04,08,2004,2.5
04,09,2004,0.0
04,10,2004,0.0
04,11,2004,0.0
04,12,2004,4.4
04,13,2004,6.6
04,14,2004,0.0
04,15,2004,0.0
04,16,2004,0.0
04,17,2004,0.0
04,18,2004,0.0
04,19,2004,0.0
04,20,2004,0.0
04,21,2004,0.0
04,22,2004,0.0
04,23,2004,0.0
04,24,2004,0.0
04,25,2004,0.0
04,26,2004,4.0
04,27,2004,0.0
04,28,2004,0.0
04,29,2004,0.0
04,30,2004,0.0
05,01,2004,0.0
05,02,2004,0.0
05,03,2004,0.0
05,04,2004,0.0
05,05,2004,4.7
05,06,2004,3.7
05,07,2004,2.8
05,08,2004,0.4
05,09,2004,0.0
05,10,2004,0.0
05,11,2004,0.0
05,12,2004,0.0
05,13,2004,0.0
05,14,2004,7.2
05,15,2004,0.0
05,16,2004,1.0
05,17,2004,0.0
05,18,2004,2.0
05,19,2004,0.5
05,20,2004,0.0
05,21,2004,0.0
05,22,2004,0.0
05,23,2004,0.0
05,24,2004,0.0
05,25,2004,0.0
05,26,2004,0.0
05,27,2004,0.0
05,28,2004,0.0
05,29,2004,0.0
05,30,2004,0.0
05,31,2004,2.0
06,01,2004,59.0
06,02,2004,15.0
06,03,2004,55.0
06,04,2004,16.0
06,05,2004,0.0
06,06,2004,1.8
06,07,2004,6.7
06,08,2004,0.0
06,09,2004,0.0
06,10,2004,0.0
06,11,2004,4.5
06,12,2004,0.0
06,13,2004,0.0
06,14,2004,0.0
06,15,2004,0.0
06,16,2004,7.0
06,17,2004,0.3
06,18,2004,33.0
06,19,2004,0.0
06,20,2004,0.0
06,21,2004,0.0
06,22,2004,0.2
06,23,2004,0.0
06,24,2004,0.0
06,25,2004,0.0
06,26,2004,6.7
06,27,2004,0.0
06,28,2004,0.0
06,29,2004,0.0
06,30,2004,0.0
07,01,2004,0.0
07,02,2004,0.0
07,03,2004,0.0
07,04,2004,0.0
07,05,2004,4.4
07,06,2004,0.0
07,07,2004,0.0
07,08,2004,0.0
07,09,2004,0.0
07,10,2004,29.6
07,11,2004,3.0
07,12,2004,0.0
07,13,2004,0.0
07,14,2004,0.0
07,15,2004,0.0
07,16,2004,0.0
07,17,2004,0.0
07,18,2004,0.0
07,19,2004,0.0
07,20,2004,0.0
07,21,2004,0.0
07,22,2004,6.5
07,23,2004,0.0
07,24,2004,0.0
07,25,2004,0.0
07,26,2004,0.0
07,27,2004,0.0
07,28,2004,0.0
07,29,2004,0.0
07,30,2004,5.8
07,31,2004,0.0
08,01,2004,0.0
08,02,2004,2.0
08,03,2004,0.0
08,04,2004,0.0
08,05,2004,0.0
08,06,2004,0.0
08,07,2004,0.0
08,08,2004,0.0
08,09,2004,0.0
08,10,2004,0.0
08,11,2004,0.0
08,12,2004,0.0
08,13,2004,0.5
08,14,2004,0.0
08,15,2004,0.0
08,16,2004,0.0
08,17,2004,6.2
08,18,2004,0.0
08,19,2004,0.2
08,20,2004,0.0
08,21,2004,0.0
08,22,2004,0.0
08,23,2004,0.0
08,24,2004,1.2
08,25,2004,0.0
08,26,2004,0.0
08,27,2004,0.0
08,28,2004,4.5
08,29,2004,5.0
08,30,2004,0.0
08,31,2004,0.0
09,01,2004,0.0
09,02,2004,0.0
09,03,2004,0.0
09,04,2004,0.0
09,05,2004,0.0
09,06,2004,0.0
09,07,2004,0.0
09,08,2004,0.0
09,09,2004,0.0
09,10,2004,0.0
09,11,2004,0.0
09,12,2004,10.1
09,13,2004,0.0
09,14,2004,0.0
09,15,2004,0.0
09,16,2004,0.2
09,17,2004,0.0
09,18,2004,1.9
09,19,2004,0.0
09,20,2004,0.0
09,21,2004,0.0
09,22,2004,0.0
09,23,2004,0.0
09,24,2004,0.0
09,25,2004,27.7
09,26,2004,11.8
09,27,2004,6.2
09,28,2004,17.0
09,29,2004,3.0
09,30,2004,0.0
10,01,2004,0.0
10,02,2004,5.7
10,03,2004,22.4
10,04,2004,6.1
10,05,2004,0.0
10,06,2004,37.2
10,07,2004,13.2
10,08,2004,17.2
10,09,2004,31.1
10,10,2004,6.6
10,11,2004,0.0
10,12,2004,0.0
10,13,2004,0.0
10,14,2004,11.7
10,15,2004,4.5
10,16,2004,0.0
10,17,2004,0.0
10,18,2004,0.0
10,19,2004,0.0
10,20,2004,0.0
10,21,2004,0.0
10,22,2004,0.0
10,23,2004,0.0
10,24,2004,0.0
10,25,2004,0.0
10,26,2004,0.0
10,27,2004,0.0
10,28,2004,0.0
10,29,2004,0.0
10,30,2004,1.5
10,31,2004,0.0
11,01,2004,0.0
11,02,2004,0.0
11,03,2004,0.3
11,04,2004,0.0
11,05,2004,0.0
11,06,2004,0.0
11,07,2004,0.0
11,08,2004,0.0
11,09,2004,0.0
11,10,2004,0.0
11,11,2004,0.0
11,12,2004,0.0
11,13,2004,0.0
11,14,2004,8.0
11,15,2004,0.0
11,16,2004,0.0
11,17,2004,0.0
11,18,2004,0.0
11,19,2004,0.0
11,20,2004,0.0
11,21,2004,0.0
11,22,2004,0.0
11,23,2004,0.0
11,24,2004,0.0
11,25,2004,0.0
11,26,2004,0.0
11,27,2004,0.0
11,28,2004,0.0
11,29,2004,0.0
11,30,2004,1.0
12,01,2004,0.0
12,02,2004,0.0
12,03,2004,0.0
12,04,2004,0.0
12,05,2004,0.0
12,06,2004,0.0
12,07,2004,0.0
12,08,2004,0.0
12,09,2004,0.0
12,10,2004,0.0
12,11,2004,0.0
12,12,2004,0.0
12,13,2004,0.0
12,14,2004,0.0
12,15,2004,0.0
12,16,2004,0.0
12,17,2004,0.0
12,18,2004,0.0
12,19,2004,0.0
12,20,2004,0.0
12,21,2004,0.0
12,22,2004,0.0
12,23,2004,0.0
12,24,2004,0.0
12,25,2004,0.5
12,26,2004,0.0
12,27,2004,0.0
12,28,2004,0.0
12,29,2004,0.0
12,30,2004,0.0
12,31,2004,0.0
01,01,2005,0.0
01,02,2005,0.0
01,03,2005,0.0
01,04,2005,0.0
01,05,2005,0.0
01,06,2005,0.0
01,07,2005,0.0
01,08,2005,0.0
01,09,2005,0.0
01,10,2005,0.0
01,11,2005,0.0
01,12,2005,0.0
01,13,2005,0.0
01,14,2005,0.0
01,15,2005,0.0
01,16,2005,0.0
01,17,2005,0.0
01,18,2005,4.2
01,19,2005,0.0
01,20,2005,0.0
01,21,2005,0.0
01,22,2005,0.0
01,23,2005,0.0
01,24,2005,0.0
01,25,2005,0.0
01,26,2005,0.0
01,27,2005,0.0
01,28,2005,0.0
01,29,2005,0.0
01,30,2005,0.0
01,31,2005,0.0
02,01,2005,0.0
02,02,2005,0.0
02,03,2005,15.0
02,04,2005,6.0
02,05,2005,0.0
02,06,2005,0.0
02,07,2005,0.0
02,08,2005,0.0
02,09,2005,0.0
02,10,2005,0.0
02,11,2005,0.0
02,12,2005,0.0
02,13,2005,0.0
02,14,2005,0.0
02,15,2005,0.0
02,16,2005,0.0
02,17,2005,0.0
02,18,2005,2.0
02,19,2005,0.0
02,20,2005,0.0
02,21,2005,0.0
02,22,2005,0.0
02,23,2005,0.0
02,24,2005,2.7
02,25,2005,0.0
02,26,2005,0.0
02,27,2005,0.2
02,28,2005,0.0
03,01,2005,1.0
03,02,2005,0.0
03,03,2005,7.8
03,04,2005,3.2
03,05,2005,1.3
03,06,2005,0.0
03,07,2005,0.0
03,08,2005,0.0
03,09,2005,2.2
03,10,2005,0.0
03,11,2005,1.5
03,12,2005,0.0
03,13,2005,0.0
03,14,2005,2.0
03,15,2005,0.0
03,16,2005,1.8
03,17,2005,1.8
03,18,2005,0.0
03,19,2005,0.0
03,20,2005,0.0
03,21,2005,0.0
03,22,2005,0.0
03,23,2005,0.0
03,24,2005,0.0
03,25,2005,0.0
03,26,2005,0.0
03,27,2005,0.0
03,28,2005,0.0
03,29,2005,0.0
03,30,2005,0.0
03,31,2005,0.0
04,01,2005,0.0
04,02,2005,0.0
04,03,2005,0.0
04,04,2005,0.0
04,05,2005,0.0
04,06,2005,0.0
04,07,2005,0.0
04,08,2005,0.0
04,09,2005,0.0
04,10,2005,0.0
04,11,2005,0.0
04,12,2005,0.0
04,13,2005,0.0
04,14,2005,0.0
04,15,2005,0.0
04,16,2005,0.0
04,17,2005,0.0
04,18,2005,0.0
04,19,2005,0.0
04,20,2005,0.0
04,21,2005,0.0
04,22,2005,0.0
04,23,2005,0.0
04,24,2005,0.0
04,25,2005,0.0
04,26,2005,0.0
04,27,2005,0.0
04,28,2005,0.0
04,29,2005,0.0
04,30,2005,null
05,01,2005,6.8
05,02,2005,1.5
05,03,2005,2.7
05,04,2005,29.0
05,05,2005,5.0
05,06,2005,0.0
05,07,2005,0.0
05,08,2005,0.0
05,09,2005,0.0
05,10,2005,0.0
05,11,2005,53.1
05,12,2005,2.0
05,13,2005,0.0
05,14,2005,0.0
05,15,2005,1.3
05,16,2005,5.7
05,17,2005,0.0
05,18,2005,0.0
05,19,2005,0.0
05,20,2005,0.0
05,21,2005,0.0
05,22,2005,1.5
05,23,2005,0.0
05,24,2005,0.0
05,25,2005,0.0
05,26,2005,41.5
05,27,2005,0.0
05,28,2005,0.0
05,29,2005,0.0
05,30,2005,0.0
05,31,2005,0.0
06,01,2005,0.0
06,02,2005,0.0
06,03,2005,0.0
06,04,2005,0.0
06,05,2005,0.0
06,06,2005,0.0
06,07,2005,0.0
06,08,2005,0.0
06,09,2005,0.0
06,10,2005,0.0
06,11,2005,0.0
06,12,2005,0.0
06,13,2005,0.0
06,14,2005,13.5
06,15,2005,1.4
06,16,2005,0.0
06,17,2005,0.0
06,18,2005,0.0
06,19,2005,0.0
06,20,2005,0.0
06,21,2005,26.5
06,22,2005,0.0
06,23,2005,0.0
06,24,2005,7.6
06,25,2005,11.0
06,26,2005,7.7
06,27,2005,1.0
06,28,2005,0.0
06,29,2005,0.0
06,30,2005,0.0
07,01,2005,0.0
07,02,2005,0.0
07,03,2005,36.0
07,04,2005,0.0
07,05,2005,0.0
07,06,2005,0.0
07,07,2005,0.0
07,08,2005,0.0
07,09,2005,0.0
07,10,2005,4.4
07,11,2005,2.1
07,12,2005,32.8
07,13,2005,2.0
07,14,2005,4.0
07,15,2005,0.0
07,16,2005,21.5
07,17,2005,10.2
07,18,2005,0.0
07,19,2005,1.2
07,20,2005,13.2
07,21,2005,67.8
07,22,2005,0.0
07,23,2005,0.0
07,24,2005,0.0
07,25,2005,0.6
07,26,2005,0.0
07,27,2005,6.7
07,28,2005,2.2
07,29,2005,0.0
07,30,2005,0.0
07,31,2005,0.0
08,01,2005,0.0
08,02,2005,2.3
08,03,2005,0.0
08,04,2005,0.0
08,05,2005,14.0
08,06,2005,2.0
08,07,2005,0.0
08,08,2005,0.0
08,09,2005,13.5
08,10,2005,0.0
08,11,2005,0.0
08,12,2005,2.0
08,13,2005,12.6
08,14,2005,0.3
08,15,2005,0.0
08,16,2005,17.3
08,17,2005,5.4
08,18,2005,17.3
08,19,2005,31.6
08,20,2005,18.1
08,21,2005,4.7
08,22,2005,85.4
08,23,2005,34.1
08,24,2005,0.0
08,25,2005,0.0
08,26,2005,0.0
08,27,2005,0.0
08,28,2005,0.0
08,29,2005,12.7
08,30,2005,0.0
08,31,2005,1.0
09,01,2005,1.7
09,02,2005,59.4
09,03,2005,0.2
09,04,2005,6.5
09,05,2005,10.7
09,06,2005,0.0
09,07,2005,20.0
09,08,2005,11.5
09,09,2005,0.0
09,10,2005,0.0
09,11,2005,0.0
09,12,2005,2.1
09,13,2005,0.0
09,14,2005,0.0
09,15,2005,1.4
09,16,2005,1.7
09,17,2005,0.0
09,18,2005,0.0
09,19,2005,0.0
09,20,2005,0.0
09,21,2005,0.0
09,22,2005,0.0
09,23,2005,0.0
09,24,2005,0.0
09,25,2005,2.3
09,26,2005,2.7
09,27,2005,0.0
09,28,2005,0.0
09,29,2005,0.0
09,30,2005,0.0
10,01,2005,0.0
10,02,2005,0.0
10,03,2005,29.8
10,04,2005,74.6
10,05,2005,5.6
10,06,2005,29.4
10,07,2005,13.5
10,08,2005,0.0
10,09,2005,0.0
10,10,2005,0.0
10,11,2005,17.2
10,12,2005,11.3
10,13,2005,0.0
10,14,2005,7.0
10,15,2005,0.0
10,16,2005,4.0
10,17,2005,0.0
10,18,2005,0.0
10,19,2005,0.0
10,20,2005,0.0
10,21,2005,0.0
10,22,2005,0.0
10,23,2005,0.0
10,24,2005,0.5
10,25,2005,1.0
10,26,2005,0.0
10,27,2005,0.0
10,28,2005,0.0
10,29,2005,0.0
10,30,2005,9.8
10,31,2005,1.0
11,01,2005,2.3
11,02,2005,0.0
11,03,2005,0.0
11,04,2005,0.0
11,05,2005,0.0
11,06,2005,0.0
11,07,2005,4.6
11,08,2005,18.3
11,09,2005,0.0
11,10,2005,0.0
11,11,2005,0.0
11,12,2005,0.0
11,13,2005,0.0
11,14,2005,0.0
11,15,2005,0.0
11,16,2005,5.3
11,17,2005,0.0
11,18,2005,0.0
11,19,2005,0.0
11,20,2005,0.0
11,21,2005,0.0
11,22,2005,0.0
11,23,2005,0.0
11,24,2005,0.0
11,25,2005,0.0
11,26,2005,0.0
11,27,2005,0.0
11,28,2005,0.0
11,29,2005,0.0
11,30,2005,0.0
12,01,2005,0.0
12,02,2005,0.0
12,03,2005,0.0
12,04,2005,0.0
12,05,2005,0.0
12,06,2005,0.0
12,07,2005,0.0
12,08,2005,0.0
12,09,2005,0.0
12,10,2005,0.0
12,11,2005,0.0
12,12,2005,0.0
12,13,2005,0.0
12,14,2005,0.0
12,15,2005,0.0
12,16,2005,0.0
12,17,2005,0.0
12,18,2005,1.1
12,19,2005,0.0
12,20,2005,0.0
12,21,2005,0.0
12,22,2005,0.0
12,23,2005,0.0
12,24,2005,0.0
12,25,2005,0.0
12,26,2005,0.0
12,27,2005,0.0
12,28,2005,0.0
12,29,2005,0.0
12,30,2005,0.0
12,31,2005,0.0
01,01,2006,0.0
01,02,2006,0.0
01,03,2006,0.0
01,04,2006,0.0
01,05,2006,0.0
01,06,2006,0.0
01,07,2006,0.0
01,08,2006,0.0
01,09,2006,0.0
01,10,2006,0.0
01,11,2006,0.0
01,12,2006,0.0
01,13,2006,0.0
01,14,2006,0.0
01,15,2006,0.0
01,16,2006,0.0
01,17,2006,0.0
01,18,2006,0.0
01,19,2006,0.0
01,20,2006,0.0
01,21,2006,0.0
01,22,2006,0.0
01,23,2006,2.5
01,24,2006,14.2
01,25,2006,0.2
01,26,2006,0.0
01,27,2006,0.0
01,28,2006,0.0
01,29,2006,0.0
01,30,2006,0.0
01,31,2006,0.0
02,01,2006,0.0
02,02,2006,0.0
02,03,2006,0.0
02,04,2006,0.2
02,05,2006,0.0
02,06,2006,0.0
02,07,2006,0.0
02,08,2006,0.0
02,09,2006,0.0
02,10,2006,0.0
02,11,2006,0.4
02,12,2006,0.0
02,13,2006,0.0
02,14,2006,0.0
02,15,2006,0.0
02,16,2006,0.0
02,17,2006,0.0
02,18,2006,0.0
02,19,2006,0.0
02,20,2006,0.0
02,21,2006,0.0
02,22,2006,0.0
02,23,2006,0.0
02,24,2006,0.0
02,25,2006,0.0
02,26,2006,2.7
02,27,2006,0.0
02,28,2006,0.0
03,01,2006,0.0
03,02,2006,0.0
03,03,2006,0.0
03,04,2006,0.0
03,05,2006,0.0
03,06,2006,0.0
03,07,2006,0.0
03,08,2006,0.0
03,09,2006,0.0
03,10,2006,0.0
03,11,2006,0.0
03,12,2006,0.0
03,13,2006,0.0
03,14,2006,0.0
03,15,2006,0.0
03,16,2006,0.0
03,17,2006,0.0
03,18,2006,0.0
03,19,2006,0.0
03,20,2006,0.0
03,21,2006,0.0
03,22,2006,0.0
03,23,2006,0.0
03,24,2006,0.0
03,25,2006,7.3
03,26,2006,0.0
03,27,2006,0.0
03,28,2006,0.0
03,29,2006,0.0
03,30,2006,0.0
03,31,2006,0.0
04,01,2006,0.0
04,02,2006,0.0
04,03,2006,0.0
04,04,2006,0.0
04,05,2006,0.0
04,06,2006,0.0
04,07,2006,0.0
04,08,2006,0.0
04,09,2006,0.0
04,10,2006,0.0
04,11,2006,0.0
04,12,2006,0.0
04,13,2006,0.0
04,14,2006,0.0
04,15,2006,0.0
04,16,2006,0.0
04,17,2006,0.0
04,18,2006,0.0
04,19,2006,0.0
04,20,2006,0.0
04,21,2006,0.0
04,22,2006,0.0
04,23,2006,0.0
04,24,2006,0.0
04,25,2006,0.0
04,26,2006,0.0
04,27,2006,0.0
04,28,2006,0.0
04,29,2006,0.0
04,30,2006,26.0
05,01,2006,0.0
05,02,2006,6.0
05,03,2006,0.0
05,04,2006,0.0
05,05,2006,0.0
05,06,2006,0.0
05,07,2006,0.0
05,08,2006,0.0
05,09,2006,0.0
05,10,2006,0.0
05,11,2006,0.0
05,12,2006,0.0
05,13,2006,0.0
05,14,2006,0.0
05,15,2006,0.0
05,16,2006,0.0
05,17,2006,0.0
05,18,2006,3.8
05,19,2006,0.0
05,20,2006,2.0
05,21,2006,0.0
05,22,2006,0.0
05,23,2006,0.0
05,24,2006,0.0
05,25,2006,0.0
05,26,2006,0.0
05,27,2006,0.0
05,28,2006,3.1
05,29,2006,26.8
05,30,2006,2.0
05,31,2006,0.0
06,01,2006,0.0
06,02,2006,1.0
06,03,2006,10.5
06,04,2006,16.0
06,05,2006,34.0
06,06,2006,0.0
06,07,2006,0.0
06,08,2006,0.0
06,09,2006,0.0
06,10,2006,2.0
06,11,2006,0.3
06,12,2006,0.3
06,13,2006,0.0
06,14,2006,0.0
06,15,2006,0.0
06,16,2006,0.0
06,17,2006,1.3
06,18,2006,0.0
06,19,2006,0.0
06,20,2006,4.2
06,21,2006,24.5
06,22,2006,3.1
06,23,2006,17.2
06,24,2006,0.2
06,25,2006,18.5
06,26,2006,0.0
06,27,2006,2.0
06,28,2006,34.0
06,29,2006,53.0
06,30,2006,0.0
07,01,2006,0.6
07,02,2006,0.0
07,03,2006,0.0
07,04,2006,0.0
07,05,2006,0.0
07,06,2006,0.0
07,07,2006,0.0
07,08,2006,11.7
07,09,2006,12.3
07,10,2006,1.0
07,11,2006,0.0
07,12,2006,2.0
07,13,2006,3.1
07,14,2006,14.7
07,15,2006,0.0
07,16,2006,0.0
07,17,2006,0.0
07,18,2006,0.0
07,19,2006,20.5
07,20,2006,0.0
07,21,2006,15.5
07,22,2006,20.5
07,23,2006,84.4
07,24,2006,0.0
07,25,2006,0.0
07,26,2006,0.0
07,27,2006,0.0
07,28,2006,5.1
07,29,2006,0.0
07,30,2006,0.0
07,31,2006,0.0
08,01,2006,2.4
08,02,2006,25.7
08,03,2006,0.0
08,04,2006,5.7
08,05,2006,4.0
08,06,2006,6.6
08,07,2006,6.3
08,08,2006,17.0
08,09,2006,0.0
08,10,2006,0.0
08,11,2006,0.0
08,12,2006,0.0
08,13,2006,2.0
08,14,2006,1.0
08,15,2006,0.0
08,16,2006,0.0
08,17,2006,0.0
08,18,2006,0.0
08,19,2006,0.0
08,20,2006,0.0
08,21,2006,0.0
08,22,2006,13.5
08,23,2006,3.2
08,24,2006,2.4
08,25,2006,0.5
08,26,2006,1.2
08,27,2006,0.0
08,28,2006,0.0
08,29,2006,6.7
08,30,2006,0.0
08,31,2006,0.0
09,01,2006,27.0
09,02,2006,2.0
09,03,2006,3.1
09,04,2006,13.9
09,05,2006,0.0
09,06,2006,0.0
09,07,2006,0.0
09,08,2006,0.0
09,09,2006,0.0
09,10,2006,0.0
09,11,2006,0.0
09,12,2006,5.5
09,13,2006,1.0
09,14,2006,0.0
09,15,2006,0.0
09,16,2006,0.0
09,17,2006,0.0
09,18,2006,20.2
09,19,2006,8.2
09,20,2006,1.9
09,21,2006,0.0
09,22,2006,0.0
09,23,2006,0.0
09,24,2006,32.3
09,25,2006,2.5
09,26,2006,0.0
09,27,2006,0.0
09,28,2006,0.0
09,29,2006,0.0
09,30,2006,13.2
10,01,2006,0.7
10,02,2006,0.4
10,03,2006,0.0
10,04,2006,0.0
10,05,2006,7.1
10,06,2006,1.3
10,07,2006,0.0
10,08,2006,0.0
10,09,2006,0.0
10,10,2006,0.0
10,11,2006,0.0
10,12,2006,0.0
10,13,2006,1.1
10,14,2006,98.2
10,15,2006,0.0
10,16,2006,0.0
10,17,2006,0.0
10,18,2006,0.0
10,19,2006,4.2
10,20,2006,0.3
10,21,2006,0.0
10,22,2006,4.8
10,23,2006,0.0
10,24,2006,0.0
10,25,2006,0.0
10,26,2006,0.0
10,27,2006,13.0
10,28,2006,0.0
10,29,2006,0.0
10,30,2006,0.0
10,31,2006,0.0
11,01,2006,0.0
11,02,2006,0.0
11,03,2006,0.0
11,04,2006,0.3
11,05,2006,1.5
11,06,2006,0.0
11,07,2006,12.0
11,08,2006,0.0
11,09,2006,0.0
11,10,2006,0.0
11,11,2006,5.3
11,12,2006,3.2
11,13,2006,0.0
11,14,2006,0.0
11,15,2006,0.3
11,16,2006,0.0
11,17,2006,0.0
11,18,2006,3.5
11,19,2006,7.2
11,20,2006,2.8
11,21,2006,0.0
11,22,2006,0.0
11,23,2006,0.0
11,24,2006,0.0
11,25,2006,0.0
11,26,2006,0.0
11,27,2006,0.0
11,28,2006,0.0
11,29,2006,0.0
11,30,2006,0.0
12,01,2006,0.0
12,02,2006,13.0
12,03,2006,14.0
12,04,2006,0.0
12,05,2006,0.0
12,06,2006,0.0
12,07,2006,0.5
12,08,2006,0.4
12,09,2006,0.3
12,10,2006,0.0
12,11,2006,0.0
12,12,2006,0.0
12,13,2006,0.0
12,14,2006,0.0
12,15,2006,0.0
12,16,2006,0.0
12,17,2006,0.0
12,18,2006,0.0
12,19,2006,1.1
12,20,2006,0.0
12,21,2006,0.0
12,22,2006,1.0
12,23,2006,0.0
12,24,2006,0.0
12,25,2006,0.0
12,26,2006,0.0
12,27,2006,0.0
12,28,2006,0.0
12,29,2006,0.0
12,30,2006,0.0
12,31,2006,1.5
01,01,2007,0.0
01,02,2007,0.0
01,03,2007,0.0
01,04,2007,0.0
01,05,2007,0.0
01,06,2007,0.0
01,07,2007,0.0
01,08,2007,0.0
01,09,2007,0.0
01,10,2007,0.0
01,11,2007,0.0
01,12,2007,0.0
01,13,2007,0.0
01,14,2007,0.0
01,15,2007,0.0
01,16,2007,4.0
01,17,2007,0.0
01,18,2007,0.0
01,19,2007,0.0
01,20,2007,0.0
01,21,2007,0.0
01,22,2007,0.0
01,23,2007,0.0
01,24,2007,0.0
01,25,2007,0.0
01,26,2007,6.2
01,27,2007,2.0
01,28,2007,0.0
01,29,2007,0.0
01,30,2007,0.0
01,31,2007,0.0
02,01,2007,0.0
02,02,2007,0.0
02,03,2007,0.0
02,04,2007,17.3
02,05,2007,2.0
02,06,2007,0.0
02,07,2007,0.0
02,08,2007,0.0
02,09,2007,0.0
02,10,2007,45.0
02,11,2007,0.0
02,12,2007,0.0
02,13,2007,0.0
02,14,2007,0.0
02,15,2007,1.3
02,16,2007,0.0
02,17,2007,0.0
02,18,2007,0.0
02,19,2007,0.0
02,20,2007,0.0
02,21,2007,0.0
02,22,2007,0.0
02,23,2007,0.0
02,24,2007,0.0
02,25,2007,0.0
02,26,2007,0.0
02,27,2007,0.0
02,28,2007,0.0
03,01,2007,0.0
03,02,2007,0.0
03,03,2007,0.0
03,04,2007,0.0
03,05,2007,0.0
03,06,2007,0.0
03,07,2007,0.0
03,08,2007,0.0
03,09,2007,0.0
03,10,2007,0.0
03,11,2007,0.0
03,12,2007,1.6
03,13,2007,11.0
03,14,2007,0.0
03,15,2007,0.0
03,16,2007,0.0
03,17,2007,0.0
03,18,2007,0.0
03,19,2007,0.0
03,20,2007,0.0
03,21,2007,0.0
03,22,2007,0.0
03,23,2007,0.0
03,24,2007,0.0
03,25,2007,0.0
03,26,2007,0.0
03,27,2007,0.0
03,28,2007,0.0
03,29,2007,2.7
03,30,2007,0.0
03,31,2007,0.0
04,01,2007,0.0
04,02,2007,20.0
04,03,2007,0.0
04,04,2007,17.0
04,05,2007,0.0
04,06,2007,0.0
04,07,2007,0.0
04,08,2007,0.0
04,09,2007,0.0
04,10,2007,0.0
04,11,2007,0.0
04,12,2007,0.0
04,13,2007,0.0
04,14,2007,0.0
04,15,2007,1.7
04,16,2007,0.0
04,17,2007,0.0
04,18,2007,0.0
04,19,2007,0.0
04,20,2007,1.5
04,21,2007,2.5
04,22,2007,0.0
04,23,2007,0.0
04,24,2007,0.0
04,25,2007,0.0
04,26,2007,0.0
04,27,2007,0.0
04,28,2007,0.0
04,29,2007,0.0
04,30,2007,0.0
05,01,2007,0.0
05,02,2007,0.0
05,03,2007,0.0
05,04,2007,0.0
05,05,2007,0.0
05,06,2007,0.0
05,07,2007,0.0
05,08,2007,0.0
05,09,2007,0.0
05,10,2007,0.0
05,11,2007,0.4
05,12,2007,0.0
05,13,2007,0.0
05,14,2007,0.0
05,15,2007,0.0
05,16,2007,0.0
05,17,2007,0.0
05,18,2007,0.0
05,19,2007,0.0
05,20,2007,0.0
05,21,2007,0.0
05,22,2007,0.0
05,23,2007,10.6
05,24,2007,0.0
05,25,2007,0.0
05,26,2007,0.0
05,27,2007,0.0
05,28,2007,0.0
05,29,2007,0.0
05,30,2007,0.2
05,31,2007,0.0
06,01,2007,0.0
06,02,2007,0.0
06,03,2007,0.0
06,04,2007,0.0
06,05,2007,0.0
06,06,2007,0.0
06,07,2007,0.0
06,08,2007,0.0
06,09,2007,0.0
06,10,2007,0.0
06,11,2007,0.0
06,12,2007,0.0
06,13,2007,0.0
06,14,2007,0.0
06,15,2007,0.0
06,16,2007,0.0
06,17,2007,0.0
06,18,2007,0.0
06,19,2007,0.0
06,20,2007,3.8
06,21,2007,0.0
06,22,2007,0.0
06,23,2007,0.0
06,24,2007,0.3
06,25,2007,4.5
06,26,2007,0.0
06,27,2007,0.0
06,28,2007,0.6
06,29,2007,0.0
06,30,2007,0.0
07,01,2007,0.0
07,02,2007,14.1
07,03,2007,0.0
07,04,2007,0.0
07,05,2007,0.0
07,06,2007,0.0
07,07,2007,0.0
07,08,2007,0.0
07,09,2007,0.0
07,10,2007,0.0
07,11,2007,4.4
07,12,2007,5.0
07,13,2007,0.0
07,14,2007,0.0
07,15,2007,0.0
07,16,2007,5.5
07,17,2007,6.5
07,18,2007,0.3
07,19,2007,0.0
07,20,2007,0.0
07,21,2007,0.0
07,22,2007,0.0
07,23,2007,47.7
07,24,2007,0.3
07,25,2007,0.0
07,26,2007,0.0
07,27,2007,0.0
07,28,2007,0.0
07,29,2007,0.0
07,30,2007,0.0
07,31,2007,0.0
08,01,2007,0.0
08,02,2007,0.0
08,03,2007,0.0
08,04,2007,0.0
08,05,2007,24.0
08,06,2007,11.2
08,07,2007,0.0
08,08,2007,0.0
08,09,2007,0.0
08,10,2007,0.0
08,11,2007,0.0
08,12,2007,0.0
08,13,2007,0.0
08,14,2007,0.0
08,15,2007,0.0
08,16,2007,23.0
08,17,2007,0.0
08,18,2007,0.0
08,19,2007,0.0
08,20,2007,0.0
08,21,2007,20.5
08,22,2007,15.1
08,23,2007,2.0
08,24,2007,0.0
08,25,2007,7.2
08,26,2007,14.7
08,27,2007,50.5
08,28,2007,21.0
08,29,2007,4.2
08,30,2007,14.0
08,31,2007,0.3
09,01,2007,22.0
09,02,2007,0.0
09,03,2007,2.6
09,04,2007,0.0
09,05,2007,0.0
09,06,2007,15.8
09,07,2007,7.0
09,08,2007,0.0
09,09,2007,1.6
09,10,2007,0.0
09,11,2007,0.0
09,12,2007,0.0
09,13,2007,0.0
09,14,2007,0.3
09,15,2007,6.0
09,16,2007,0.0
09,17,2007,0.0
09,18,2007,0.0
09,19,2007,0.0
09,20,2007,0.0
09,21,2007,0.0
09,22,2007,0.0
09,23,2007,0.0
09,24,2007,0.0
09,25,2007,0.0
09,26,2007,21.7
09,27,2007,136.2
09,28,2007,11.7
09,29,2007,1.4
09,30,2007,1.0
10,01,2007,1.0
10,02,2007,0.0
10,03,2007,0.0
10,04,2007,0.0
10,05,2007,0.0
10,06,2007,0.0
10,07,2007,0.0
10,08,2007,0.0
10,09,2007,22.6
10,10,2007,0.0
10,11,2007,0.0
10,12,2007,0.0
10,13,2007,0.0
10,14,2007,0.0
10,15,2007,0.0
10,16,2007,0.0
10,17,2007,0.0
10,18,2007,0.0
10,19,2007,9.0
10,20,2007,2.8
10,21,2007,0.0
10,22,2007,4.0
10,23,2007,0.0
10,24,2007,0.0
10,25,2007,0.0
10,26,2007,0.0
10,27,2007,0.0
10,28,2007,0.0
10,29,2007,0.0
10,30,2007,0.0
10,31,2007,0.0
11,01,2007,0.0
11,02,2007,0.0
11,03,2007,0.0
11,04,2007,0.0
11,05,2007,0.0
11,06,2007,0.0
11,07,2007,0.0
11,08,2007,0.0
11,09,2007,0.0
11,10,2007,0.0
11,11,2007,0.0
11,12,2007,0.0
11,13,2007,0.0
11,14,2007,0.0
11,15,2007,0.3
11,16,2007,0.0
11,17,2007,0.0
11,18,2007,0.0
11,19,2007,0.0
11,20,2007,0.0
11,21,2007,0.0
11,22,2007,2.9
11,23,2007,0.0
11,24,2007,0.0
11,25,2007,0.0
11,26,2007,20.5
11,27,2007,0.0
11,28,2007,0.6
11,29,2007,2.1
11,30,2007,0.0
12,01,2007,0.0
12,02,2007,0.0
12,03,2007,0.3
12,04,2007,0.0
12,05,2007,0.0
12,06,2007,0.0
12,07,2007,0.0
12,08,2007,0.0
12,09,2007,0.4
12,10,2007,0.0
12,11,2007,0.0
12,12,2007,0.0
12,13,2007,2.3
12,14,2007,0.0
12,15,2007,0.0
12,16,2007,0.0
12,17,2007,0.0
12,18,2007,0.0
12,19,2007,0.0
12,20,2007,0.0
12,21,2007,0.0
12,22,2007,0.0
12,23,2007,0.0
12,24,2007,0.0
12,25,2007,0.0
12,26,2007,0.4
12,27,2007,0.0
12,28,2007,0.0
12,29,2007,0.0
12,30,2007,0.0
12,31,2007,0.0
01,01,2008,2.0
01,02,2008,0.0
01,03,2008,0.0
01,04,2008,0.0
01,05,2008,0.0
01,06,2008,0.0
01,07,2008,0.0
01,08,2008,0.0
01,09,2008,0.0
01,10,2008,0.0
01,11,2008,0.0
01,12,2008,0.0
01,13,2008,0.0
01,14,2008,0.0
01,15,2008,0.0
01,16,2008,0.0
01,17,2008,0.0
01,18,2008,0.0
01,19,2008,0.0
01,20,2008,0.0
01,21,2008,0.0
01,22,2008,0.0
01,23,2008,0.0
01,24,2008,0.0
01,25,2008,0.0
01,26,2008,0.0
01,27,2008,0.0
01,28,2008,0.0
01,29,2008,0.0
01,30,2008,0.0
01,31,2008,0.0
02,01,2008,0.0
02,02,2008,0.0
02,03,2008,0.0
02,04,2008,0.0
02,05,2008,0.0
02,06,2008,0.0
02,07,2008,0.0
02,08,2008,0.0
02,09,2008,0.0
02,10,2008,0.0
02,11,2008,0.3
02,12,2008,0.0
02,13,2008,0.0
02,14,2008,0.0
02,15,2008,0.0
02,16,2008,0.0
02,17,2008,0.0
02,18,2008,0.4
02,19,2008,0.0
02,20,2008,0.0
02,21,2008,0.0
02,22,2008,0.0
02,23,2008,0.0
02,24,2008,0.0
02,25,2008,0.0
02,26,2008,0.0
02,27,2008,0.0
02,28,2008,0.0
02,29,2008,0.0
03,01,2008,1.0
03,02,2008,0.0
03,03,2008,0.0
03,04,2008,0.0
03,05,2008,0.0
03,06,2008,0.0
03,07,2008,0.5
03,08,2008,0.0
03,09,2008,0.0
03,10,2008,0.0
03,11,2008,0.0
03,12,2008,0.0
03,13,2008,2.0
03,14,2008,0.0
03,15,2008,0.0
03,16,2008,0.0
03,17,2008,0.0
03,18,2008,0.0
03,19,2008,0.0
03,20,2008,0.0
03,21,2008,0.0
03,22,2008,0.0
03,23,2008,0.0
03,24,2008,0.0
03,25,2008,0.0
03,26,2008,0.0
03,27,2008,0.0
03,28,2008,0.0
03,29,2008,0.0
03,30,2008,0.0
03,31,2008,0.0
04,01,2008,0.0
04,02,2008,0.0
04,03,2008,0.0
04,04,2008,0.0
04,05,2008,0.0
04,06,2008,0.1
04,07,2008,2.0
04,08,2008,0.0
04,09,2008,0.0
04,10,2008,0.0
04,11,2008,0.0
04,12,2008,0.3
04,13,2008,0.0
04,14,2008,0.0
04,15,2008,0.0
04,16,2008,0.0
04,17,2008,0.0
04,18,2008,0.0
04,19,2008,0.0
04,20,2008,0.0
04,21,2008,0.0
04,22,2008,0.0
04,23,2008,0.0
04,24,2008,0.0
04,25,2008,0.0
04,26,2008,0.0
04,27,2008,0.0
04,28,2008,0.0
04,29,2008,2.2
04,30,2008,0.0
05,01,2008,0.0
05,02,2008,0.0
05,03,2008,0.0
05,04,2008,0.0
05,05,2008,0.0
05,06,2008,0.0
05,07,2008,0.0
05,08,2008,0.0
05,09,2008,0.0
05,10,2008,0.0
05,11,2008,0.0
05,12,2008,0.0
05,13,2008,0.0
05,14,2008,0.0
05,15,2008,0.0
05,16,2008,0.0
05,17,2008,4.2
05,18,2008,11.0
05,19,2008,0.0
05,20,2008,0.5
05,21,2008,0.0
05,22,2008,0.0
05,23,2008,0.0
05,24,2008,0.0
05,25,2008,0.0
05,26,2008,0.0
05,27,2008,0.0
05,28,2008,0.0
05,29,2008,0.0
05,30,2008,0.0
05,31,2008,0.0
06,01,2008,0.0
06,02,2008,0.5
06,03,2008,16.8
06,04,2008,0.5
06,05,2008,2.1
06,06,2008,71.0
06,07,2008,26.3
06,08,2008,27.2
06,09,2008,19.0
06,10,2008,94.0
06,11,2008,14.0
06,12,2008,5.5
06,13,2008,0.0
06,14,2008,0.0
06,15,2008,0.0
06,16,2008,0.4
06,17,2008,0.0
06,18,2008,0.0
06,19,2008,0.0
06,20,2008,0.0
06,21,2008,59.0
06,22,2008,1.2
06,23,2008,22.0
06,24,2008,0.0
06,25,2008,1.5
06,26,2008,0.0
06,27,2008,15.8
06,28,2008,17.5
06,29,2008,18.5
06,30,2008,7.2
07,01,2008,8.7
07,02,2008,2.2
07,03,2008,2.5
07,04,2008,37.5
07,05,2008,0.0
07,06,2008,47.2
07,07,2008,3.6
07,08,2008,28.0
07,09,2008,46.5
07,10,2008,3.5
07,11,2008,5.0
07,12,2008,0.3
07,13,2008,0.0
07,14,2008,0.0
07,15,2008,0.0
07,16,2008,7.5
07,17,2008,0.0
07,18,2008,0.0
07,19,2008,27.7
07,20,2008,0.0
07,21,2008,0.0
07,22,2008,0.0
07,23,2008,0.0
07,24,2008,2.0
07,25,2008,15.0
07,26,2008,0.0
07,27,2008,0.0
07,28,2008,0.0
07,29,2008,0.0
07,30,2008,26.0
07,31,2008,0.0
08,01,2008,5.5
08,02,2008,0.0
08,03,2008,0.0
08,04,2008,0.0
08,05,2008,33.3
08,06,2008,5.0
08,07,2008,0.0
08,08,2008,0.0
08,09,2008,0.0
08,10,2008,0.0
08,11,2008,0.0
08,12,2008,0.0
08,13,2008,0.0
08,14,2008,8.7
08,15,2008,5.0
08,16,2008,0.0
08,17,2008,0.0
08,18,2008,0.0
08,19,2008,0.0
08,20,2008,0.3
08,21,2008,0.0
08,22,2008,0.0
08,23,2008,0.0
08,24,2008,0.0
08,25,2008,0.0
08,26,2008,0.0
08,27,2008,7.3
08,28,2008,0.5
08,29,2008,5.5
08,30,2008,0.0
08,31,2008,0.0
09,01,2008,0.0
09,02,2008,0.0
09,03,2008,0.0
09,04,2008,33.0
09,05,2008,1.5
09,06,2008,28.0
09,07,2008,86.0
09,08,2008,0.0
09,09,2008,0.0
09,10,2008,0.0
09,11,2008,0.4
09,12,2008,0.0
09,13,2008,30.3
09,14,2008,3.8
09,15,2008,0.0
09,16,2008,0.4
09,17,2008,1.3
09,18,2008,0.0
09,19,2008,0.0
09,20,2008,0.0
09,21,2008,4.2
09,22,2008,1.7
09,23,2008,5.5
09,24,2008,0.3
09,25,2008,29.6
09,26,2008,0.0
09,27,2008,0.0
09,28,2008,0.0
09,29,2008,0.0
09,30,2008,0.0
10,01,2008,0.0
10,02,2008,0.0
10,03,2008,0.1
10,04,2008,0.0
10,05,2008,0.0
10,06,2008,8.9
10,07,2008,9.5
10,08,2008,0.0
10,09,2008,0.0
10,10,2008,0.0
10,11,2008,0.0
10,12,2008,0.0
10,13,2008,7.5
10,14,2008,2.2
10,15,2008,0.0
10,16,2008,0.4
10,17,2008,0.0
10,18,2008,3.1
10,19,2008,16.3
10,20,2008,0.0
10,21,2008,0.0
10,22,2008,0.0
10,23,2008,0.0
10,24,2008,0.0
10,25,2008,1.5
10,26,2008,17.2
10,27,2008,0.3
10,28,2008,0.0
10,29,2008,0.0
10,30,2008,6.0
10,31,2008,8.0
11,01,2008,0.5
11,02,2008,0.3
11,03,2008,0.0
11,04,2008,0.0
11,05,2008,0.0
11,06,2008,0.0
11,07,2008,0.0
11,08,2008,0.0
11,09,2008,0.0
11,10,2008,0.0
11,11,2008,0.0
11,12,2008,0.0
11,13,2008,0.0
11,14,2008,0.0
11,15,2008,0.0
11,16,2008,0.0
11,17,2008,0.0
11,18,2008,0.0
11,19,2008,0.0
11,20,2008,0.0
11,21,2008,1.0
11,22,2008,0.0
11,23,2008,0.0
11,24,2008,0.0
11,25,2008,0.0
11,26,2008,0.0
11,27,2008,0.0
11,28,2008,0.0
11,29,2008,0.0
11,30,2008,0.0
12,01,2008,1.5
12,02,2008,0.0
12,03,2008,0.0
12,04,2008,0.0
12,05,2008,0.0
12,06,2008,0.0
12,07,2008,0.0
12,08,2008,0.0
12,09,2008,0.0
12,10,2008,0.0
12,11,2008,2.0
12,12,2008,0.0
12,13,2008,0.0
12,14,2008,0.0
12,15,2008,0.0
12,16,2008,0.0
12,17,2008,0.0
12,18,2008,0.0
12,19,2008,0.0
12,20,2008,0.0
12,21,2008,1.5
12,22,2008,0.0
12,23,2008,0.0
12,24,2008,0.0
12,25,2008,0.0
12,26,2008,0.0
12,27,2008,0.0
12,28,2008,0.0
12,29,2008,0.4
12,30,2008,0.0
12,31,2008,0.0
01,01,2009,0.0
01,02,2009,0.0
01,03,2009,0.0
01,04,2009,0.0
01,05,2009,0.0
01,06,2009,0.0
01,07,2009,0.0
01,08,2009,0.0
01,09,2009,0.0
01,10,2009,0.0
01,11,2009,0.0
01,12,2009,0.0
01,13,2009,0.0
01,14,2009,0.8
01,15,2009,9.5
01,16,2009,10.7
01,17,2009,2.0
01,18,2009,0.0
01,19,2009,0.0
01,20,2009,0.0
01,21,2009,0.0
01,22,2009,0.0
01,23,2009,0.0
01,24,2009,0.0
01,25,2009,0.0
01,26,2009,0.0
01,27,2009,0.0
01,28,2009,0.0
01,29,2009,0.0
01,30,2009,0.0
01,31,2009,0.0
02,01,2009,0.0
02,02,2009,2.6
02,03,2009,0.0
02,04,2009,0.0
02,05,2009,4.5
02,06,2009,0.0
02,07,2009,0.0
02,08,2009,0.0
02,09,2009,0.0
02,10,2009,0.0
02,11,2009,0.0
02,12,2009,0.0
02,13,2009,0.0
02,14,2009,0.0
02,15,2009,0.0
02,16,2009,0.0
02,17,2009,0.0
02,18,2009,0.0
02,19,2009,0.4
02,20,2009,1.7
02,21,2009,11.9
02,22,2009,3.6
02,23,2009,0.0
02,24,2009,0.0
02,25,2009,0.0
02,26,2009,0.0
02,27,2009,0.0
02,28,2009,0.0
03,01,2009,0.0
03,02,2009,0.0
03,03,2009,0.0
03,04,2009,0.0
03,05,2009,0.0
03,06,2009,0.0
03,07,2009,0.0
03,08,2009,0.0
03,09,2009,0.0
03,10,2009,0.0
03,11,2009,0.0
03,12,2009,0.0
03,13,2009,0.0
03,14,2009,0.0
03,15,2009,0.0
03,16,2009,0.0
03,17,2009,0.0
03,18,2009,0.0
03,19,2009,0.0
03,20,2009,0.0
03,21,2009,0.0
03,22,2009,0.0
03,23,2009,0.0
03,24,2009,0.0
03,25,2009,0.0
03,26,2009,0.0
03,27,2009,0.0
03,28,2009,0.0
03,29,2009,0.0
03,30,2009,0.0
03,31,2009,0.0
04,01,2009,0.0
04,02,2009,0.0
04,03,2009,0.0
04,04,2009,0.0
04,05,2009,0.0
04,06,2009,0.0
04,07,2009,0.0
04,08,2009,0.0
04,09,2009,0.0
04,10,2009,0.0
04,11,2009,0.0
04,12,2009,0.0
04,13,2009,0.0
04,14,2009,0.5
04,15,2009,0.0
04,16,2009,0.0
04,17,2009,0.0
04,18,2009,0.0
04,19,2009,4.5
04,20,2009,0.0
04,21,2009,0.0
04,22,2009,0.0
04,23,2009,0.0
04,24,2009,0.0
04,25,2009,0.0
04,26,2009,0.0
04,27,2009,0.0
04,28,2009,0.0
04,29,2009,0.0
04,30,2009,0.0
05,01,2009,0.0
05,02,2009,0.0
05,03,2009,0.0
05,04,2009,0.0
05,05,2009,0.0
05,06,2009,0.0
05,07,2009,0.0
05,08,2009,0.0
05,09,2009,0.0
05,10,2009,0.0
05,11,2009,0.0
05,12,2009,0.0
05,13,2009,0.0
05,14,2009,0.0
05,15,2009,0.0
05,16,2009,0.0
05,17,2009,0.0
05,18,2009,0.0
05,19,2009,0.0
05,20,2009,0.0
05,21,2009,0.1
05,22,2009,0.0
05,23,2009,0.0
05,24,2009,0.0
05,25,2009,0.0
05,26,2009,0.0
05,27,2009,0.0
05,28,2009,0.0
05,29,2009,0.0
05,30,2009,0.0
05,31,2009,0.0
06,01,2009,0.5
06,02,2009,3.2
06,03,2009,0.0
06,04,2009,6.5
06,05,2009,0.0
06,06,2009,0.0
06,07,2009,0.0
06,08,2009,0.0
06,09,2009,0.0
06,10,2009,0.0
06,11,2009,0.0
06,12,2009,0.0
06,13,2009,0.0
06,14,2009,0.0
06,15,2009,0.0
06,16,2009,0.0
06,17,2009,0.0
06,18,2009,7.2
06,19,2009,33.0
06,20,2009,35.7
06,21,2009,0.0
06,22,2009,118.2
06,23,2009,0.0
06,24,2009,0.0
06,25,2009,0.0
06,26,2009,0.0
06,27,2009,3.5
06,28,2009,0.0
06,29,2009,0.0
06,30,2009,0.3
07,01,2009,0.5
07,02,2009,6.2
07,03,2009,18.5
07,04,2009,0.0
07,05,2009,0.0
07,06,2009,0.0
07,07,2009,0.0
07,08,2009,0.0
07,09,2009,63.3
07,10,2009,21.2
07,11,2009,16.0
07,12,2009,0.1
07,13,2009,0.0
07,14,2009,0.0
07,15,2009,0.0
07,16,2009,0.0
07,17,2009,2.7
07,18,2009,0.0
07,19,2009,0.0
07,20,2009,0.0
07,21,2009,0.0
07,22,2009,0.0
07,23,2009,0.5
07,24,2009,0.0
07,25,2009,0.5
07,26,2009,0.3
07,27,2009,0.0
07,28,2009,0.0
07,29,2009,0.0
07,30,2009,0.0
07,31,2009,0.3
08,01,2009,0.0
08,02,2009,0.0
08,03,2009,0.0
08,04,2009,0.0
08,05,2009,10.3
08,06,2009,0.0
08,07,2009,0.0
08,08,2009,0.7
08,09,2009,11.0
08,10,2009,0.0
08,11,2009,0.0
08,12,2009,0.0
08,13,2009,0.0
08,14,2009,0.0
08,15,2009,0.0
08,16,2009,0.0
08,17,2009,12.0
08,18,2009,10.7
08,19,2009,0.2
08,20,2009,0.0
08,21,2009,0.0
08,22,2009,0.0
08,23,2009,0.0
08,24,2009,0.0
08,25,2009,0.0
08,26,2009,0.0
08,27,2009,0.0
08,28,2009,0.0
08,29,2009,0.0
08,30,2009,2.7
08,31,2009,3.5
