Id:,16033
Estación:,CHINCUA-MICH
Posición:,19.7725N -100.288055556W
Variable:,Precipitación (mm)
Fecha Inicial:,11/01/1966
Fecha Final:,01/01/2007
No Dato:,nan
Mes,Día,Anio,Datos
11,01,1966,0.0
11,02,1966,0.0
11,03,1966,0.0
11,04,1966,0.0
11,05,1966,0.0
11,06,1966,0.0
11,07,1966,0.0
11,08,1966,5.5
11,09,1966,0.0
11,10,1966,0.0
11,11,1966,0.0
11,12,1966,0.0
11,13,1966,0.0
11,14,1966,0.0
11,15,1966,0.0
11,16,1966,0.0
11,17,1966,0.0
11,18,1966,0.0
11,19,1966,0.0
11,20,1966,0.0
11,21,1966,0.0
11,22,1966,0.0
11,23,1966,0.0
11,24,1966,0.0
11,25,1966,0.0
11,26,1966,0.0
11,27,1966,0.0
11,28,1966,0.0
11,29,1966,0.0
11,30,1966,0.0
12,01,1966,0.0
12,02,1966,0.0
12,03,1966,0.0
12,04,1966,0.0
12,05,1966,0.0
12,06,1966,0.0
12,07,1966,0.0
12,08,1966,0.0
12,09,1966,0.0
12,10,1966,0.0
12,11,1966,0.0
12,12,1966,0.0
12,13,1966,0.0
12,14,1966,0.0
12,15,1966,3.3
12,16,1966,0.0
12,17,1966,0.0
12,18,1966,0.0
12,19,1966,0.0
12,20,1966,0.0
12,21,1966,0.0
12,22,1966,0.0
12,23,1966,0.0
12,24,1966,0.0
12,25,1966,0.0
12,26,1966,0.0
12,27,1966,0.0
12,28,1966,0.0
12,29,1966,0.0
12,30,1966,0.0
12,31,1966,0.0
01,01,1967,0.0
01,02,1967,0.0
01,03,1967,0.0
01,04,1967,0.0
01,05,1967,0.0
01,06,1967,0.0
01,07,1967,0.0
01,08,1967,0.0
01,09,1967,28.0
01,10,1967,10.0
01,11,1967,40.0
01,12,1967,7.0
01,13,1967,0.0
01,14,1967,0.0
01,15,1967,0.0
01,16,1967,0.0
01,17,1967,0.0
01,18,1967,0.0
01,19,1967,0.0
01,20,1967,0.0
01,21,1967,0.0
01,22,1967,0.0
01,23,1967,0.0
01,24,1967,0.0
01,25,1967,0.0
01,26,1967,0.0
01,27,1967,0.0
01,28,1967,0.0
01,29,1967,0.0
01,30,1967,0.0
01,31,1967,0.0
02,01,1967,0.0
02,02,1967,0.0
02,03,1967,0.0
02,04,1967,0.0
02,05,1967,0.0
02,06,1967,0.0
02,07,1967,0.0
02,08,1967,0.0
02,09,1967,0.0
02,10,1967,0.0
02,11,1967,0.0
02,12,1967,0.0
02,13,1967,0.0
02,14,1967,0.0
02,15,1967,0.0
02,16,1967,0.0
02,17,1967,0.0
02,18,1967,0.0
02,19,1967,0.0
02,20,1967,0.0
02,21,1967,0.0
02,22,1967,0.0
02,23,1967,0.0
02,24,1967,0.0
02,25,1967,0.0
02,26,1967,0.0
02,27,1967,0.0
02,28,1967,0.0
03,01,1967,0.0
03,02,1967,0.0
03,03,1967,0.0
03,04,1967,3.0
03,05,1967,0.0
03,06,1967,0.0
03,07,1967,0.0
03,08,1967,0.0
03,09,1967,0.0
03,10,1967,0.0
03,11,1967,0.0
03,12,1967,0.0
03,13,1967,0.0
03,14,1967,0.0
03,15,1967,0.0
03,16,1967,0.0
03,17,1967,0.0
03,18,1967,0.0
03,19,1967,20.0
03,20,1967,0.0
03,21,1967,3.0
03,22,1967,6.0
03,23,1967,0.0
03,24,1967,0.0
03,25,1967,0.0
03,26,1967,0.0
03,27,1967,0.0
03,28,1967,0.0
03,29,1967,0.0
03,30,1967,0.0
03,31,1967,0.0
04,01,1967,0.0
04,02,1967,0.0
04,03,1967,0.0
04,04,1967,0.0
04,05,1967,0.0
04,06,1967,0.0
04,07,1967,0.0
04,08,1967,0.0
04,09,1967,0.0
04,10,1967,0.0
04,11,1967,0.0
04,12,1967,0.0
04,13,1967,0.0
04,14,1967,0.0
04,15,1967,7.0
04,16,1967,0.0
04,17,1967,0.0
04,18,1967,0.0
04,19,1967,0.0
04,20,1967,0.0
04,21,1967,0.0
04,22,1967,0.0
04,23,1967,0.0
04,24,1967,0.0
04,25,1967,0.0
04,26,1967,1.0
04,27,1967,0.0
04,28,1967,0.0
04,29,1967,0.0
04,30,1967,0.0
05,01,1967,0.0
05,02,1967,0.0
05,03,1967,0.0
05,04,1967,9.0
05,05,1967,0.0
05,06,1967,0.0
05,07,1967,0.0
05,08,1967,0.0
05,09,1967,0.0
05,10,1967,0.0
05,11,1967,0.0
05,12,1967,0.0
05,13,1967,0.0
05,14,1967,0.0
05,15,1967,0.0
05,16,1967,3.5
05,17,1967,3.0
05,18,1967,0.0
05,19,1967,13.0
05,20,1967,0.0
05,21,1967,20.0
05,22,1967,41.0
05,23,1967,0.0
05,24,1967,0.0
05,25,1967,3.0
05,26,1967,5.0
05,27,1967,7.0
05,28,1967,0.0
05,29,1967,0.0
05,30,1967,0.0
05,31,1967,0.0
06,01,1967,0.0
06,02,1967,0.0
06,03,1967,0.0
06,04,1967,0.0
06,05,1967,0.0
06,06,1967,0.0
06,07,1967,0.0
06,08,1967,0.0
06,09,1967,0.0
06,10,1967,24.0
06,11,1967,6.0
06,12,1967,12.0
06,13,1967,15.0
06,14,1967,0.0
06,15,1967,8.0
06,16,1967,30.0
06,17,1967,15.0
06,18,1967,0.0
06,19,1967,0.0
06,20,1967,0.0
06,21,1967,0.0
06,22,1967,15.0
06,23,1967,5.0
06,24,1967,16.0
06,25,1967,0.0
06,26,1967,0.0
06,27,1967,11.0
06,28,1967,0.0
06,29,1967,0.0
06,30,1967,29.0
07,01,1967,0.0
07,02,1967,0.0
07,03,1967,0.0
07,04,1967,0.0
07,05,1967,20.0
07,06,1967,25.0
07,07,1967,5.0
07,08,1967,0.0
07,09,1967,0.0
07,10,1967,0.0
07,11,1967,0.0
07,12,1967,0.0
07,13,1967,0.0
07,14,1967,20.0
07,15,1967,20.0
07,16,1967,0.0
07,17,1967,0.0
07,18,1967,2.5
07,19,1967,0.0
07,20,1967,20.0
07,21,1967,21.0
07,22,1967,0.0
07,23,1967,0.0
07,24,1967,0.0
07,25,1967,0.0
07,26,1967,0.0
07,27,1967,0.0
07,28,1967,0.0
07,29,1967,0.0
07,30,1967,0.0
07,31,1967,18.0
08,01,1967,null
08,02,1967,null
08,03,1967,null
08,04,1967,null
08,05,1967,null
08,06,1967,null
08,07,1967,null
08,08,1967,null
08,09,1967,null
08,10,1967,null
08,11,1967,null
08,12,1967,null
08,13,1967,null
08,14,1967,null
08,15,1967,null
08,16,1967,null
08,17,1967,null
08,18,1967,null
08,19,1967,null
08,20,1967,null
08,21,1967,null
08,22,1967,null
08,23,1967,null
08,24,1967,null
08,25,1967,null
08,26,1967,null
08,27,1967,null
08,28,1967,null
08,29,1967,null
08,30,1967,null
08,31,1967,null
09,01,1967,null
09,02,1967,null
09,03,1967,null
09,04,1967,null
09,05,1967,null
09,06,1967,null
09,07,1967,null
09,08,1967,null
09,09,1967,null
09,10,1967,null
09,11,1967,null
09,12,1967,null
09,13,1967,null
09,14,1967,null
09,15,1967,null
09,16,1967,null
09,17,1967,null
09,18,1967,null
09,19,1967,null
09,20,1967,null
09,21,1967,null
09,22,1967,null
09,23,1967,null
09,24,1967,null
09,25,1967,null
09,26,1967,null
09,27,1967,null
09,28,1967,null
09,29,1967,null
09,30,1967,null
10,01,1967,0.0
10,02,1967,0.0
10,03,1967,0.0
10,04,1967,0.0
10,05,1967,0.0
10,06,1967,21.0
10,07,1967,0.0
10,08,1967,0.0
10,09,1967,20.0
10,10,1967,20.0
10,11,1967,20.0
10,12,1967,20.0
10,13,1967,0.0
10,14,1967,20.0
10,15,1967,0.0
10,16,1967,0.0
10,17,1967,0.0
10,18,1967,0.0
10,19,1967,0.0
10,20,1967,0.0
10,21,1967,0.0
10,22,1967,0.0
10,23,1967,0.0
10,24,1967,0.0
10,25,1967,0.0
10,26,1967,0.0
10,27,1967,0.0
10,28,1967,0.0
10,29,1967,20.0
10,30,1967,0.0
10,31,1967,0.0
11,01,1967,null
11,02,1967,null
11,03,1967,null
11,04,1967,null
11,05,1967,null
11,06,1967,null
11,07,1967,null
11,08,1967,null
11,09,1967,null
11,10,1967,null
11,11,1967,null
11,12,1967,null
11,13,1967,null
11,14,1967,null
11,15,1967,null
11,16,1967,null
11,17,1967,null
11,18,1967,null
11,19,1967,null
11,20,1967,null
11,21,1967,null
11,22,1967,null
11,23,1967,null
11,24,1967,null
11,25,1967,null
11,26,1967,null
11,27,1967,null
11,28,1967,null
11,29,1967,null
11,30,1967,null
12,01,1967,null
12,02,1967,null
12,03,1967,null
12,04,1967,null
12,05,1967,null
12,06,1967,null
12,07,1967,null
12,08,1967,null
12,09,1967,null
12,10,1967,null
12,11,1967,null
12,12,1967,null
12,13,1967,null
12,14,1967,null
12,15,1967,null
12,16,1967,null
12,17,1967,null
12,18,1967,null
12,19,1967,null
12,20,1967,null
12,21,1967,null
12,22,1967,null
12,23,1967,null
12,24,1967,null
12,25,1967,null
12,26,1967,null
12,27,1967,null
12,28,1967,null
12,29,1967,null
12,30,1967,null
12,31,1967,null
01,01,1968,null
01,02,1968,null
01,03,1968,null
01,04,1968,null
01,05,1968,null
01,06,1968,null
01,07,1968,null
01,08,1968,0.0
01,09,1968,0.0
01,10,1968,0.0
01,11,1968,0.0
01,12,1968,0.0
01,13,1968,0.0
01,14,1968,0.0
01,15,1968,9.0
01,16,1968,0.0
01,17,1968,1.0
01,18,1968,0.0
01,19,1968,0.0
01,20,1968,0.0
01,21,1968,0.0
01,22,1968,0.0
01,23,1968,0.0
01,24,1968,0.0
01,25,1968,0.0
01,26,1968,0.0
01,27,1968,0.0
01,28,1968,0.0
01,29,1968,0.0
01,30,1968,0.0
01,31,1968,0.0
02,01,1968,0.0
02,02,1968,0.0
02,03,1968,1.0
02,04,1968,1.0
02,05,1968,0.0
02,06,1968,0.0
02,07,1968,0.0
02,08,1968,0.0
02,09,1968,0.0
02,10,1968,15.0
02,11,1968,1.0
02,12,1968,0.0
02,13,1968,0.0
02,14,1968,0.0
02,15,1968,0.0
02,16,1968,0.0
02,17,1968,4.0
02,18,1968,8.0
02,19,1968,0.0
02,20,1968,0.0
02,21,1968,0.0
02,22,1968,0.0
02,23,1968,0.0
02,24,1968,0.0
02,25,1968,0.0
02,26,1968,0.0
02,27,1968,0.0
02,28,1968,0.0
02,29,1968,0.0
03,01,1968,0.0
03,02,1968,0.0
03,03,1968,1.0
03,04,1968,0.0
03,05,1968,11.0
03,06,1968,0.0
03,07,1968,0.0
03,08,1968,0.0
03,09,1968,0.0
03,10,1968,0.0
03,11,1968,0.0
03,12,1968,0.0
03,13,1968,0.0
03,14,1968,0.0
03,15,1968,0.0
03,16,1968,0.0
03,17,1968,0.0
03,18,1968,0.0
03,19,1968,0.0
03,20,1968,0.0
03,21,1968,0.0
03,22,1968,0.0
03,23,1968,0.0
03,24,1968,0.0
03,25,1968,0.0
03,26,1968,0.0
03,27,1968,1.0
03,28,1968,0.0
03,29,1968,0.0
03,30,1968,0.0
03,31,1968,0.0
04,01,1968,1.0
04,02,1968,0.0
04,03,1968,0.0
04,04,1968,0.0
04,05,1968,0.0
04,06,1968,4.0
04,07,1968,0.0
04,08,1968,0.0
04,09,1968,0.0
04,10,1968,0.0
04,11,1968,0.0
04,12,1968,0.0
04,13,1968,0.0
04,14,1968,0.0
04,15,1968,1.0
04,16,1968,1.0
04,17,1968,0.0
04,18,1968,0.0
04,19,1968,0.0
04,20,1968,0.0
04,21,1968,0.0
04,22,1968,0.0
04,23,1968,0.0
04,24,1968,0.0
04,25,1968,0.0
04,26,1968,0.0
04,27,1968,0.0
04,28,1968,0.0
04,29,1968,0.0
04,30,1968,0.0
05,01,1968,null
05,02,1968,null
05,03,1968,null
05,04,1968,null
05,05,1968,null
05,06,1968,null
05,07,1968,null
05,08,1968,null
05,09,1968,null
05,10,1968,null
05,11,1968,null
05,12,1968,null
05,13,1968,null
05,14,1968,null
05,15,1968,null
05,16,1968,null
05,17,1968,null
05,18,1968,null
05,19,1968,null
05,20,1968,null
05,21,1968,null
05,22,1968,null
05,23,1968,null
05,24,1968,null
05,25,1968,null
05,26,1968,null
05,27,1968,null
05,28,1968,null
05,29,1968,null
05,30,1968,null
05,31,1968,null
06,01,1968,0.0
06,02,1968,11.0
06,03,1968,17.0
06,04,1968,6.0
06,05,1968,0.0
06,06,1968,0.0
06,07,1968,0.0
06,08,1968,0.0
06,09,1968,0.0
06,10,1968,0.0
06,11,1968,13.0
06,12,1968,1.0
06,13,1968,4.0
06,14,1968,0.0
06,15,1968,0.0
06,16,1968,0.0
06,17,1968,0.0
06,18,1968,5.0
06,19,1968,11.0
06,20,1968,8.0
06,21,1968,24.0
06,22,1968,11.0
06,23,1968,10.0
06,24,1968,0.0
06,25,1968,4.0
06,26,1968,5.0
06,27,1968,16.0
06,28,1968,1.0
06,29,1968,6.0
06,30,1968,0.0
07,01,1968,11.0
07,02,1968,0.0
07,03,1968,0.0
07,04,1968,0.0
07,05,1968,0.0
07,06,1968,0.0
07,07,1968,21.0
07,08,1968,5.0
07,09,1968,3.0
07,10,1968,0.0
07,11,1968,1.0
07,12,1968,4.0
07,13,1968,8.0
07,14,1968,15.0
07,15,1968,9.0
07,16,1968,16.0
07,17,1968,1.0
07,18,1968,9.0
07,19,1968,0.0
07,20,1968,18.0
07,21,1968,2.0
07,22,1968,2.0
07,23,1968,1.0
07,24,1968,2.0
07,25,1968,16.0
07,26,1968,1.0
07,27,1968,3.0
07,28,1968,6.0
07,29,1968,2.0
07,30,1968,14.0
07,31,1968,4.0
08,01,1968,4.0
08,02,1968,10.0
08,03,1968,10.0
08,04,1968,12.0
08,05,1968,4.0
08,06,1968,5.0
08,07,1968,0.0
08,08,1968,9.0
08,09,1968,0.0
08,10,1968,1.0
08,11,1968,0.0
08,12,1968,0.0
08,13,1968,0.0
08,14,1968,0.0
08,15,1968,10.0
08,16,1968,0.0
08,17,1968,14.0
08,18,1968,1.0
08,19,1968,7.0
08,20,1968,17.0
08,21,1968,0.0
08,22,1968,0.5
08,23,1968,0.0
08,24,1968,22.0
08,25,1968,8.0
08,26,1968,0.0
08,27,1968,0.0
08,28,1968,0.0
08,29,1968,1.0
08,30,1968,21.0
08,31,1968,0.0
09,01,1968,6.0
09,02,1968,0.0
09,03,1968,6.0
09,04,1968,12.0
09,05,1968,7.0
09,06,1968,0.0
09,07,1968,0.0
09,08,1968,0.0
09,09,1968,0.0
09,10,1968,0.0
09,11,1968,25.0
09,12,1968,5.0
09,13,1968,6.0
09,14,1968,0.0
09,15,1968,2.0
09,16,1968,7.0
09,17,1968,1.0
09,18,1968,8.0
09,19,1968,0.0
09,20,1968,13.0
09,21,1968,6.0
09,22,1968,0.0
09,23,1968,0.0
09,24,1968,0.0
09,25,1968,0.0
09,26,1968,0.0
09,27,1968,14.0
09,28,1968,9.0
09,29,1968,1.0
09,30,1968,0.0
10,01,1968,0.0
10,02,1968,13.0
10,03,1968,0.0
10,04,1968,0.0
10,05,1968,0.0
10,06,1968,1.0
10,07,1968,10.0
10,08,1968,0.0
10,09,1968,10.0
10,10,1968,0.0
10,11,1968,0.0
10,12,1968,0.0
10,13,1968,0.0
10,14,1968,0.0
10,15,1968,0.0
10,16,1968,0.0
10,17,1968,0.0
10,18,1968,0.0
10,19,1968,0.0
10,20,1968,0.0
10,21,1968,6.0
10,22,1968,0.0
10,23,1968,2.0
10,24,1968,0.0
10,25,1968,0.0
10,26,1968,0.0
10,27,1968,0.0
10,28,1968,0.0
10,29,1968,0.0
10,30,1968,0.0
10,31,1968,0.0
11,01,1968,0.0
11,02,1968,0.0
11,03,1968,0.0
11,04,1968,0.0
11,05,1968,1.0
11,06,1968,0.0
11,07,1968,0.0
11,08,1968,0.0
11,09,1968,0.0
11,10,1968,0.0
11,11,1968,0.0
11,12,1968,0.0
11,13,1968,0.0
11,14,1968,0.0
11,15,1968,0.0
11,16,1968,0.0
11,17,1968,0.0
11,18,1968,0.0
11,19,1968,0.0
11,20,1968,0.0
11,21,1968,0.0
11,22,1968,0.0
11,23,1968,0.0
11,24,1968,1.0
11,25,1968,0.0
11,26,1968,0.0
11,27,1968,0.0
11,28,1968,0.0
11,29,1968,1.0
11,30,1968,0.0
12,01,1968,0.0
12,02,1968,0.0
12,03,1968,1.0
12,04,1968,0.0
12,05,1968,0.0
12,06,1968,0.0
12,07,1968,1.5
12,08,1968,1.0
12,09,1968,0.0
12,10,1968,0.0
12,11,1968,0.0
12,12,1968,0.0
12,13,1968,0.0
12,14,1968,0.0
12,15,1968,0.0
12,16,1968,0.0
12,17,1968,0.0
12,18,1968,0.0
12,19,1968,0.0
12,20,1968,0.0
12,21,1968,0.0
12,22,1968,1.0
12,23,1968,0.0
12,24,1968,0.0
12,25,1968,0.0
12,26,1968,0.0
12,27,1968,0.0
12,28,1968,0.0
12,29,1968,0.0
12,30,1968,0.0
12,31,1968,5.0
01,01,1969,0.0
01,02,1969,8.0
01,03,1969,0.0
01,04,1969,6.0
01,05,1969,0.0
01,06,1969,0.0
01,07,1969,0.0
01,08,1969,0.0
01,09,1969,0.0
01,10,1969,0.0
01,11,1969,0.0
01,12,1969,0.0
01,13,1969,0.0
01,14,1969,0.0
01,15,1969,0.0
01,16,1969,0.0
01,17,1969,0.0
01,18,1969,0.0
01,19,1969,0.0
01,20,1969,0.0
01,21,1969,0.0
01,22,1969,0.0
01,23,1969,0.0
01,24,1969,0.0
01,25,1969,0.0
01,26,1969,0.0
01,27,1969,0.0
01,28,1969,0.0
01,29,1969,0.0
01,30,1969,0.0
01,31,1969,0.0
02,01,1969,0.0
02,02,1969,0.0
02,03,1969,0.0
02,04,1969,0.0
02,05,1969,0.0
02,06,1969,0.0
02,07,1969,0.0
02,08,1969,0.0
02,09,1969,0.0
02,10,1969,0.0
02,11,1969,0.0
02,12,1969,0.0
02,13,1969,0.0
02,14,1969,0.0
02,15,1969,0.0
02,16,1969,0.0
02,17,1969,0.0
02,18,1969,0.0
02,19,1969,0.0
02,20,1969,0.0
02,21,1969,0.0
02,22,1969,0.0
02,23,1969,0.0
02,24,1969,0.0
02,25,1969,0.0
02,26,1969,0.0
02,27,1969,0.0
02,28,1969,0.0
03,01,1969,0.0
03,02,1969,0.0
03,03,1969,0.0
03,04,1969,0.0
03,05,1969,0.0
03,06,1969,0.0
03,07,1969,0.0
03,08,1969,0.0
03,09,1969,0.0
03,10,1969,0.0
03,11,1969,0.0
03,12,1969,0.0
03,13,1969,0.0
03,14,1969,0.0
03,15,1969,0.0
03,16,1969,0.0
03,17,1969,2.0
03,18,1969,10.0
03,19,1969,0.0
03,20,1969,0.0
03,21,1969,0.0
03,22,1969,0.0
03,23,1969,0.0
03,24,1969,0.0
03,25,1969,0.0
03,26,1969,0.0
03,27,1969,0.0
03,28,1969,0.0
03,29,1969,0.0
03,30,1969,0.0
03,31,1969,0.0
04,01,1969,0.0
04,02,1969,0.0
04,03,1969,0.0
04,04,1969,0.0
04,05,1969,0.0
04,06,1969,0.0
04,07,1969,0.0
04,08,1969,0.0
04,09,1969,0.0
04,10,1969,0.0
04,11,1969,0.0
04,12,1969,0.0
04,13,1969,0.0
04,14,1969,0.0
04,15,1969,0.0
04,16,1969,0.0
04,17,1969,0.0
04,18,1969,0.0
04,19,1969,0.0
04,20,1969,0.0
04,21,1969,0.0
04,22,1969,0.0
04,23,1969,0.0
04,24,1969,0.0
04,25,1969,0.0
04,26,1969,0.0
04,27,1969,0.0
04,28,1969,0.0
04,29,1969,0.0
04,30,1969,0.0
05,01,1969,0.0
05,02,1969,0.0
05,03,1969,0.0
05,04,1969,0.0
05,05,1969,0.0
05,06,1969,0.0
05,07,1969,0.0
05,08,1969,0.0
05,09,1969,0.0
05,10,1969,0.0
05,11,1969,0.0
05,12,1969,3.0
05,13,1969,0.0
05,14,1969,0.0
05,15,1969,0.0
05,16,1969,0.0
05,17,1969,0.0
05,18,1969,1.0
05,19,1969,0.0
05,20,1969,0.0
05,21,1969,0.0
05,22,1969,0.0
05,23,1969,0.0
05,24,1969,3.0
05,25,1969,0.0
05,26,1969,0.0
05,27,1969,0.0
05,28,1969,0.0
05,29,1969,0.0
05,30,1969,25.0
05,31,1969,0.0
06,01,1969,0.0
06,02,1969,0.0
06,03,1969,0.0
06,04,1969,0.0
06,05,1969,0.0
06,06,1969,5.0
06,07,1969,0.0
06,08,1969,0.0
06,09,1969,0.0
06,10,1969,12.0
06,11,1969,0.0
06,12,1969,0.0
06,13,1969,0.0
06,14,1969,0.0
06,15,1969,0.0
06,16,1969,0.0
06,17,1969,0.0
06,18,1969,0.0
06,19,1969,0.0
06,20,1969,20.0
06,21,1969,13.0
06,22,1969,18.0
06,23,1969,4.0
06,24,1969,2.0
06,25,1969,7.0
06,26,1969,6.0
06,27,1969,31.0
06,28,1969,18.0
06,29,1969,0.0
06,30,1969,0.0
07,01,1969,0.0
07,02,1969,0.0
07,03,1969,4.0
07,04,1969,10.0
07,05,1969,6.0
07,06,1969,3.0
07,07,1969,6.0
07,08,1969,33.0
07,09,1969,6.0
07,10,1969,2.0
07,11,1969,34.0
07,12,1969,5.0
07,13,1969,12.0
07,14,1969,19.0
07,15,1969,0.0
07,16,1969,5.0
07,17,1969,6.0
07,18,1969,0.0
07,19,1969,0.0
07,20,1969,0.0
07,21,1969,6.0
07,22,1969,5.0
07,23,1969,18.0
07,24,1969,5.0
07,25,1969,2.0
07,26,1969,13.0
07,27,1969,0.0
07,28,1969,0.0
07,29,1969,0.0
07,30,1969,0.0
07,31,1969,0.0
08,01,1969,1.0
08,02,1969,14.0
08,03,1969,18.0
08,04,1969,16.0
08,05,1969,6.0
08,06,1969,11.0
08,07,1969,6.0
08,08,1969,2.0
08,09,1969,0.0
08,10,1969,0.0
08,11,1969,0.0
08,12,1969,6.2
08,13,1969,24.0
08,14,1969,21.0
08,15,1969,23.0
08,16,1969,9.0
08,17,1969,0.0
08,18,1969,0.0
08,19,1969,0.0
08,20,1969,0.0
08,21,1969,0.0
08,22,1969,14.0
08,23,1969,1.0
08,24,1969,0.0
08,25,1969,0.0
08,26,1969,20.0
08,27,1969,3.0
08,28,1969,11.0
08,29,1969,7.0
08,30,1969,5.0
08,31,1969,5.0
09,01,1969,21.5
09,02,1969,1.0
09,03,1969,12.0
09,04,1969,0.0
09,05,1969,0.0
09,06,1969,0.0
09,07,1969,0.0
09,08,1969,9.0
09,09,1969,0.0
09,10,1969,0.0
09,11,1969,0.0
09,12,1969,8.0
09,13,1969,3.0
09,14,1969,0.0
09,15,1969,0.0
09,16,1969,0.0
09,17,1969,0.0
09,18,1969,5.0
09,19,1969,0.0
09,20,1969,0.0
09,21,1969,14.0
09,22,1969,18.0
09,23,1969,2.0
09,24,1969,0.0
09,25,1969,0.0
09,26,1969,0.0
09,27,1969,0.0
09,28,1969,0.0
09,29,1969,0.0
09,30,1969,0.0
10,01,1969,0.0
10,02,1969,9.0
10,03,1969,0.0
10,04,1969,0.0
10,05,1969,9.0
10,06,1969,0.0
10,07,1969,0.0
10,08,1969,0.0
10,09,1969,28.0
10,10,1969,4.0
10,11,1969,0.0
10,12,1969,0.0
10,13,1969,0.0
10,14,1969,0.0
10,15,1969,0.0
10,16,1969,0.0
10,17,1969,0.0
10,18,1969,0.0
10,19,1969,0.0
10,20,1969,0.0
10,21,1969,0.0
10,22,1969,0.0
10,23,1969,0.0
10,24,1969,0.0
10,25,1969,0.0
10,26,1969,0.0
10,27,1969,0.0
10,28,1969,0.0
10,29,1969,0.0
10,30,1969,0.0
10,31,1969,0.0
11,01,1969,0.0
11,02,1969,0.0
11,03,1969,0.0
11,04,1969,0.0
11,05,1969,0.0
11,06,1969,0.0
11,07,1969,0.0
11,08,1969,5.5
11,09,1969,0.0
11,10,1969,0.0
11,11,1969,0.0
11,12,1969,0.0
11,13,1969,0.0
11,14,1969,0.0
11,15,1969,0.0
11,16,1969,0.0
11,17,1969,0.0
11,18,1969,0.0
11,19,1969,0.0
11,20,1969,0.0
11,21,1969,0.0
11,22,1969,0.0
11,23,1969,0.0
11,24,1969,0.0
11,25,1969,0.0
11,26,1969,0.0
11,27,1969,0.0
11,28,1969,0.0
11,29,1969,0.0
11,30,1969,0.0
12,01,1969,0.0
12,02,1969,0.0
12,03,1969,0.0
12,04,1969,0.0
12,05,1969,1.0
12,06,1969,0.0
12,07,1969,0.0
12,08,1969,0.0
12,09,1969,0.0
12,10,1969,0.0
12,11,1969,0.0
12,12,1969,0.0
12,13,1969,0.0
12,14,1969,0.0
12,15,1969,0.0
12,16,1969,0.0
12,17,1969,0.0
12,18,1969,0.0
12,19,1969,0.0
12,20,1969,0.0
12,21,1969,0.0
12,22,1969,0.0
12,23,1969,0.0
12,24,1969,0.0
12,25,1969,0.0
12,26,1969,0.0
12,27,1969,0.0
12,28,1969,0.0
12,29,1969,0.0
12,30,1969,0.0
12,31,1969,0.0
01,01,1970,0.0
01,02,1970,0.0
01,03,1970,0.0
01,04,1970,0.0
01,05,1970,0.0
01,06,1970,0.0
01,07,1970,0.0
01,08,1970,0.0
01,09,1970,0.0
01,10,1970,0.0
01,11,1970,0.0
01,12,1970,0.0
01,13,1970,0.0
01,14,1970,0.0
01,15,1970,0.0
01,16,1970,0.0
01,17,1970,0.0
01,18,1970,0.0
01,19,1970,0.0
01,20,1970,0.0
01,21,1970,0.0
01,22,1970,0.0
01,23,1970,0.0
01,24,1970,0.0
01,25,1970,0.0
01,26,1970,0.0
01,27,1970,0.0
01,28,1970,0.0
01,29,1970,0.0
01,30,1970,0.0
01,31,1970,0.0
02,01,1970,0.0
02,02,1970,0.0
02,03,1970,0.0
02,04,1970,0.0
02,05,1970,0.0
02,06,1970,0.0
02,07,1970,0.0
02,08,1970,0.0
02,09,1970,5.0
02,10,1970,5.0
02,11,1970,1.0
02,12,1970,0.0
02,13,1970,0.0
02,14,1970,0.0
02,15,1970,0.0
02,16,1970,0.0
02,17,1970,0.0
02,18,1970,0.0
02,19,1970,0.0
02,20,1970,0.0
02,21,1970,2.0
02,22,1970,0.0
02,23,1970,6.0
02,24,1970,0.0
02,25,1970,0.0
02,26,1970,0.0
02,27,1970,0.0
02,28,1970,0.0
03,01,1970,0.0
03,02,1970,0.0
03,03,1970,0.0
03,04,1970,0.0
03,05,1970,0.0
03,06,1970,0.0
03,07,1970,0.0
03,08,1970,0.0
03,09,1970,0.0
03,10,1970,0.0
03,11,1970,0.0
03,12,1970,0.0
03,13,1970,0.0
03,14,1970,0.0
03,15,1970,0.0
03,16,1970,0.0
03,17,1970,0.0
03,18,1970,0.0
03,19,1970,0.0
03,20,1970,0.0
03,21,1970,0.0
03,22,1970,0.0
03,23,1970,0.0
03,24,1970,0.0
03,25,1970,0.0
03,26,1970,0.0
03,27,1970,0.0
03,28,1970,0.0
03,29,1970,0.0
03,30,1970,0.0
03,31,1970,0.0
04,01,1970,0.0
04,02,1970,0.0
04,03,1970,0.0
04,04,1970,0.0
04,05,1970,0.0
04,06,1970,0.0
04,07,1970,0.0
04,08,1970,0.0
04,09,1970,0.0
04,10,1970,0.0
04,11,1970,0.0
04,12,1970,0.0
04,13,1970,0.0
04,14,1970,0.0
04,15,1970,0.0
04,16,1970,0.0
04,17,1970,0.0
04,18,1970,0.0
04,19,1970,0.0
04,20,1970,0.0
04,21,1970,0.0
04,22,1970,0.0
04,23,1970,0.0
04,24,1970,0.0
04,25,1970,0.0
04,26,1970,0.0
04,27,1970,0.0
04,28,1970,0.0
04,29,1970,0.0
04,30,1970,0.0
05,01,1970,11.0
05,02,1970,0.0
05,03,1970,0.0
05,04,1970,0.0
05,05,1970,0.0
05,06,1970,6.0
05,07,1970,2.0
05,08,1970,0.0
05,09,1970,0.0
05,10,1970,0.0
05,11,1970,7.5
05,12,1970,8.0
05,13,1970,0.0
05,14,1970,0.0
05,15,1970,0.0
05,16,1970,0.0
05,17,1970,0.0
05,18,1970,0.0
05,19,1970,0.0
05,20,1970,5.0
05,21,1970,6.0
05,22,1970,0.0
05,23,1970,0.0
05,24,1970,0.0
05,25,1970,0.0
05,26,1970,0.0
05,27,1970,0.0
05,28,1970,6.5
05,29,1970,4.0
05,30,1970,22.0
05,31,1970,0.0
06,01,1970,6.0
06,02,1970,0.0
06,03,1970,0.0
06,04,1970,0.0
06,05,1970,0.0
06,06,1970,0.0
06,07,1970,4.5
06,08,1970,11.0
06,09,1970,0.0
06,10,1970,0.0
06,11,1970,0.0
06,12,1970,4.0
06,13,1970,8.0
06,14,1970,0.0
06,15,1970,0.0
06,16,1970,0.0
06,17,1970,5.0
06,18,1970,2.0
06,19,1970,19.0
06,20,1970,26.0
06,21,1970,16.0
06,22,1970,12.0
06,23,1970,5.0
06,24,1970,5.0
06,25,1970,9.0
06,26,1970,4.0
06,27,1970,2.0
06,28,1970,1.0
06,29,1970,7.0
06,30,1970,24.0
07,01,1970,4.0
07,02,1970,12.0
07,03,1970,17.0
07,04,1970,0.0
07,05,1970,1.0
07,06,1970,7.0
07,07,1970,11.0
07,08,1970,16.0
07,09,1970,0.0
07,10,1970,9.0
07,11,1970,3.0
07,12,1970,0.0
07,13,1970,1.0
07,14,1970,10.0
07,15,1970,1.5
07,16,1970,20.0
07,17,1970,2.0
07,18,1970,19.5
07,19,1970,10.5
07,20,1970,4.5
07,21,1970,10.0
07,22,1970,3.5
07,23,1970,9.5
07,24,1970,25.0
07,25,1970,4.0
07,26,1970,17.0
07,27,1970,0.0
07,28,1970,15.0
07,29,1970,9.0
07,30,1970,7.0
07,31,1970,22.0
08,01,1970,0.0
08,02,1970,2.0
08,03,1970,0.0
08,04,1970,0.0
08,05,1970,25.0
08,06,1970,5.5
08,07,1970,28.0
08,08,1970,11.5
08,09,1970,0.5
08,10,1970,25.0
08,11,1970,29.0
08,12,1970,35.0
08,13,1970,15.0
08,14,1970,6.5
08,15,1970,2.9
08,16,1970,3.5
08,17,1970,0.0
08,18,1970,23.0
08,19,1970,2.0
08,20,1970,2.0
08,21,1970,2.0
08,22,1970,19.0
08,23,1970,2.0
08,24,1970,3.0
08,25,1970,0.0
08,26,1970,0.0
08,27,1970,0.0
08,28,1970,0.0
08,29,1970,0.0
08,30,1970,0.0
08,31,1970,27.0
09,01,1970,8.0
09,02,1970,7.0
09,03,1970,26.0
09,04,1970,21.0
09,05,1970,9.0
09,06,1970,15.0
09,07,1970,5.0
09,08,1970,0.0
09,09,1970,0.0
09,10,1970,0.0
09,11,1970,0.0
09,12,1970,0.0
09,13,1970,6.0
09,14,1970,25.0
09,15,1970,5.0
09,16,1970,13.0
09,17,1970,0.0
09,18,1970,0.0
09,19,1970,3.0
09,20,1970,5.0
09,21,1970,9.0
09,22,1970,5.0
09,23,1970,0.0
09,24,1970,3.0
09,25,1970,3.0
09,26,1970,4.0
09,27,1970,23.0
09,28,1970,3.0
09,29,1970,0.0
09,30,1970,0.0
10,01,1970,6.0
10,02,1970,8.0
10,03,1970,0.0
10,04,1970,0.0
10,05,1970,0.0
10,06,1970,0.0
10,07,1970,0.0
10,08,1970,0.0
10,09,1970,0.0
10,10,1970,0.0
10,11,1970,0.0
10,12,1970,0.0
10,13,1970,3.0
10,14,1970,16.0
10,15,1970,0.0
10,16,1970,0.0
10,17,1970,0.0
10,18,1970,11.0
10,19,1970,0.0
10,20,1970,0.0
10,21,1970,0.0
10,22,1970,0.0
10,23,1970,0.0
10,24,1970,0.0
10,25,1970,5.0
10,26,1970,0.0
10,27,1970,0.0
10,28,1970,3.0
10,29,1970,5.0
10,30,1970,0.0
10,31,1970,0.0
11,01,1970,0.0
11,02,1970,0.0
11,03,1970,0.0
11,04,1970,13.0
11,05,1970,0.0
11,06,1970,0.0
11,07,1970,0.0
11,08,1970,0.0
11,09,1970,0.0
11,10,1970,0.0
11,11,1970,0.0
11,12,1970,0.0
11,13,1970,0.0
11,14,1970,0.0
11,15,1970,0.0
11,16,1970,0.0
11,17,1970,0.0
11,18,1970,0.0
11,19,1970,0.0
11,20,1970,0.0
11,21,1970,0.0
11,22,1970,0.0
11,23,1970,0.0
11,24,1970,0.0
11,25,1970,0.0
11,26,1970,0.0
11,27,1970,0.0
11,28,1970,0.0
11,29,1970,0.0
11,30,1970,0.0
12,01,1970,0.0
12,02,1970,0.0
12,03,1970,0.0
12,04,1970,0.0
12,05,1970,0.0
12,06,1970,0.0
12,07,1970,0.0
12,08,1970,0.0
12,09,1970,0.0
12,10,1970,0.0
12,11,1970,0.0
12,12,1970,0.0
12,13,1970,0.0
12,14,1970,0.0
12,15,1970,0.0
12,16,1970,0.0
12,17,1970,0.0
12,18,1970,0.0
12,19,1970,0.0
12,20,1970,0.0
12,21,1970,0.0
12,22,1970,0.0
12,23,1970,0.0
12,24,1970,0.0
12,25,1970,0.0
12,26,1970,0.0
12,27,1970,0.0
12,28,1970,0.0
12,29,1970,0.0
12,30,1970,0.0
12,31,1970,0.0
01,01,1971,0.0
01,02,1971,0.0
01,03,1971,0.0
01,04,1971,0.0
01,05,1971,0.0
01,06,1971,0.0
01,07,1971,0.0
01,08,1971,0.0
01,09,1971,0.0
01,10,1971,0.0
01,11,1971,0.0
01,12,1971,0.0
01,13,1971,0.0
01,14,1971,6.0
01,15,1971,0.0
01,16,1971,0.0
01,17,1971,0.0
01,18,1971,0.0
01,19,1971,0.0
01,20,1971,0.0
01,21,1971,0.0
01,22,1971,0.0
01,23,1971,0.0
01,24,1971,0.0
01,25,1971,0.0
01,26,1971,0.0
01,27,1971,0.0
01,28,1971,0.0
01,29,1971,0.0
01,30,1971,0.0
01,31,1971,0.0
02,01,1971,0.0
02,02,1971,0.0
02,03,1971,0.0
02,04,1971,0.0
02,05,1971,0.0
02,06,1971,0.0
02,07,1971,0.0
02,08,1971,0.0
02,09,1971,0.0
02,10,1971,0.0
02,11,1971,0.0
02,12,1971,0.0
02,13,1971,0.0
02,14,1971,0.0
02,15,1971,0.0
02,16,1971,4.0
02,17,1971,0.0
02,18,1971,0.0
02,19,1971,0.0
02,20,1971,0.0
02,21,1971,0.0
02,22,1971,0.0
02,23,1971,0.0
02,24,1971,0.0
02,25,1971,0.0
02,26,1971,0.0
02,27,1971,0.0
02,28,1971,0.0
03,01,1971,0.0
03,02,1971,0.0
03,03,1971,0.0
03,04,1971,0.0
03,05,1971,0.0
03,06,1971,0.0
03,07,1971,0.0
03,08,1971,0.0
03,09,1971,0.0
03,10,1971,0.0
03,11,1971,0.0
03,12,1971,0.0
03,13,1971,0.0
03,14,1971,0.0
03,15,1971,0.0
03,16,1971,0.0
03,17,1971,0.0
03,18,1971,0.0
03,19,1971,0.0
03,20,1971,0.0
03,21,1971,0.0
03,22,1971,0.0
03,23,1971,0.0
03,24,1971,0.0
03,25,1971,0.0
03,26,1971,0.0
03,27,1971,1.0
03,28,1971,0.0
03,29,1971,0.0
03,30,1971,2.0
03,31,1971,0.0
04,01,1971,0.0
04,02,1971,7.0
04,03,1971,0.0
04,04,1971,0.0
04,05,1971,0.0
04,06,1971,4.0
04,07,1971,0.0
04,08,1971,0.0
04,09,1971,0.0
04,10,1971,0.0
04,11,1971,0.0
04,12,1971,0.0
04,13,1971,0.0
04,14,1971,0.0
04,15,1971,0.0
04,16,1971,0.0
04,17,1971,0.0
04,18,1971,0.0
04,19,1971,0.0
04,20,1971,0.0
04,21,1971,0.0
04,22,1971,0.0
04,23,1971,0.0
04,24,1971,0.0
04,25,1971,0.0
04,26,1971,0.0
04,27,1971,0.0
04,28,1971,0.0
04,29,1971,0.0
04,30,1971,0.0
05,01,1971,0.0
05,02,1971,0.0
05,03,1971,0.0
05,04,1971,0.0
05,05,1971,0.0
05,06,1971,0.0
05,07,1971,0.0
05,08,1971,0.0
05,09,1971,0.0
05,10,1971,0.0
05,11,1971,0.0
05,12,1971,0.0
05,13,1971,0.0
05,14,1971,0.0
05,15,1971,0.0
05,16,1971,0.0
05,17,1971,0.0
05,18,1971,0.0
05,19,1971,0.0
05,20,1971,0.0
05,21,1971,0.0
05,22,1971,0.0
05,23,1971,0.0
05,24,1971,0.0
05,25,1971,10.0
05,26,1971,0.0
05,27,1971,7.0
05,28,1971,1.0
05,29,1971,37.0
05,30,1971,2.0
05,31,1971,0.0
06,01,1971,0.0
06,02,1971,5.0
06,03,1971,0.0
06,04,1971,0.0
06,05,1971,0.0
06,06,1971,0.0
06,07,1971,0.0
06,08,1971,0.0
06,09,1971,0.0
06,10,1971,2.0
06,11,1971,13.0
06,12,1971,4.0
06,13,1971,10.0
06,14,1971,6.0
06,15,1971,1.0
06,16,1971,8.0
06,17,1971,13.0
06,18,1971,4.0
06,19,1971,11.0
06,20,1971,4.0
06,21,1971,4.0
06,22,1971,8.0
06,23,1971,19.0
06,24,1971,7.0
06,25,1971,0.0
06,26,1971,0.0
06,27,1971,23.0
06,28,1971,8.0
06,29,1971,2.0
06,30,1971,7.0
07,01,1971,0.0
07,02,1971,7.0
07,03,1971,0.0
07,04,1971,0.0
07,05,1971,5.0
07,06,1971,3.0
07,07,1971,6.0
07,08,1971,14.4
07,09,1971,4.0
07,10,1971,0.0
07,11,1971,7.0
07,12,1971,7.0
07,13,1971,20.0
07,14,1971,11.0
07,15,1971,8.0
07,16,1971,19.0
07,17,1971,0.0
07,18,1971,19.0
07,19,1971,20.0
07,20,1971,8.0
07,21,1971,7.0
07,22,1971,0.0
07,23,1971,1.0
07,24,1971,5.0
07,25,1971,0.0
07,26,1971,1.0
07,27,1971,4.0
07,28,1971,7.0
07,29,1971,21.0
07,30,1971,0.0
07,31,1971,0.0
08,01,1971,18.0
08,02,1971,5.0
08,03,1971,6.0
08,04,1971,1.0
08,05,1971,4.0
08,06,1971,10.0
08,07,1971,7.0
08,08,1971,10.0
08,09,1971,15.0
08,10,1971,13.0
08,11,1971,7.0
08,12,1971,0.0
08,13,1971,2.0
08,14,1971,6.0
08,15,1971,4.0
08,16,1971,0.0
08,17,1971,3.0
08,18,1971,0.0
08,19,1971,22.0
08,20,1971,7.0
08,21,1971,8.0
08,22,1971,3.0
08,23,1971,2.0
08,24,1971,0.0
08,25,1971,0.0
08,26,1971,0.0
08,27,1971,0.0
08,28,1971,0.0
08,29,1971,0.0
08,30,1971,6.0
08,31,1971,5.0
09,01,1971,9.0
09,02,1971,9.0
09,03,1971,5.0
09,04,1971,12.0
09,05,1971,0.0
09,06,1971,3.0
09,07,1971,0.0
09,08,1971,0.0
09,09,1971,0.0
09,10,1971,9.0
09,11,1971,5.0
09,12,1971,0.0
09,13,1971,16.0
09,14,1971,11.0
09,15,1971,3.0
09,16,1971,1.0
09,17,1971,2.0
09,18,1971,12.0
09,19,1971,15.0
09,20,1971,49.0
09,21,1971,2.0
09,22,1971,0.0
09,23,1971,2.0
09,24,1971,0.0
09,25,1971,6.0
09,26,1971,15.0
09,27,1971,49.0
09,28,1971,10.0
09,29,1971,12.0
09,30,1971,9.0
10,01,1971,3.0
10,02,1971,4.0
10,03,1971,5.0
10,04,1971,0.0
10,05,1971,6.0
10,06,1971,0.0
10,07,1971,0.0
10,08,1971,8.5
10,09,1971,2.0
10,10,1971,4.0
10,11,1971,5.0
10,12,1971,0.0
10,13,1971,2.0
10,14,1971,0.0
10,15,1971,0.0
10,16,1971,0.0
10,17,1971,0.0
10,18,1971,4.0
10,19,1971,0.0
10,20,1971,0.0
10,21,1971,0.0
10,22,1971,0.0
10,23,1971,0.0
10,24,1971,0.0
10,25,1971,0.0
10,26,1971,0.0
10,27,1971,0.0
10,28,1971,0.0
10,29,1971,0.0
10,30,1971,0.0
10,31,1971,0.0
11,01,1971,0.0
11,02,1971,0.0
11,03,1971,0.0
11,04,1971,0.0
11,05,1971,0.0
11,06,1971,0.0
11,07,1971,0.0
11,08,1971,0.0
11,09,1971,0.0
11,10,1971,0.0
11,11,1971,0.0
11,12,1971,0.0
11,13,1971,0.0
11,14,1971,1.0
11,15,1971,0.0
11,16,1971,0.0
11,17,1971,0.0
11,18,1971,0.0
11,19,1971,0.0
11,20,1971,0.0
11,21,1971,0.0
11,22,1971,0.0
11,23,1971,0.0
11,24,1971,0.0
11,25,1971,7.0
11,26,1971,0.0
11,27,1971,0.0
11,28,1971,0.0
11,29,1971,0.0
11,30,1971,0.0
12,01,1971,null
12,02,1971,null
12,03,1971,null
12,04,1971,null
12,05,1971,null
12,06,1971,null
12,07,1971,null
12,08,1971,null
12,09,1971,null
12,10,1971,null
12,11,1971,null
12,12,1971,null
12,13,1971,null
12,14,1971,null
12,15,1971,null
12,16,1971,null
12,17,1971,null
12,18,1971,null
12,19,1971,null
12,20,1971,null
12,21,1971,null
12,22,1971,null
12,23,1971,null
12,24,1971,null
12,25,1971,null
12,26,1971,null
12,27,1971,null
12,28,1971,null
12,29,1971,null
12,30,1971,null
12,31,1971,null
01,01,1972,0.0
01,02,1972,0.0
01,03,1972,0.0
01,04,1972,0.0
01,05,1972,0.0
01,06,1972,0.0
01,07,1972,0.0
01,08,1972,0.0
01,09,1972,0.0
01,10,1972,0.0
01,11,1972,0.0
01,12,1972,0.0
01,13,1972,0.0
01,14,1972,0.0
01,15,1972,0.0
01,16,1972,0.0
01,17,1972,0.0
01,18,1972,0.0
01,19,1972,0.0
01,20,1972,0.0
01,21,1972,0.0
01,22,1972,0.0
01,23,1972,0.0
01,24,1972,0.0
01,25,1972,0.0
01,26,1972,0.0
01,27,1972,0.0
01,28,1972,0.0
01,29,1972,0.0
01,30,1972,3.0
01,31,1972,0.0
02,01,1972,0.0
02,02,1972,0.0
02,03,1972,0.0
02,04,1972,0.0
02,05,1972,0.0
02,06,1972,0.0
02,07,1972,0.0
02,08,1972,0.0
02,09,1972,0.0
02,10,1972,0.0
02,11,1972,0.0
02,12,1972,0.0
02,13,1972,0.0
02,14,1972,0.0
02,15,1972,0.0
02,16,1972,0.0
02,17,1972,1.0
02,18,1972,0.0
02,19,1972,0.0
02,20,1972,0.0
02,21,1972,0.0
02,22,1972,0.0
02,23,1972,0.0
02,24,1972,0.0
02,25,1972,0.0
02,26,1972,0.0
02,27,1972,0.0
02,28,1972,0.0
02,29,1972,0.0
03,01,1972,0.0
03,02,1972,0.0
03,03,1972,0.0
03,04,1972,0.0
03,05,1972,0.0
03,06,1972,0.0
03,07,1972,0.0
03,08,1972,0.0
03,09,1972,0.0
03,10,1972,0.0
03,11,1972,0.0
03,12,1972,0.0
03,13,1972,0.0
03,14,1972,2.0
03,15,1972,0.0
03,16,1972,0.0
03,17,1972,0.0
03,18,1972,0.0
03,19,1972,0.0
03,20,1972,0.0
03,21,1972,0.0
03,22,1972,0.0
03,23,1972,0.0
03,24,1972,0.0
03,25,1972,0.0
03,26,1972,0.0
03,27,1972,0.0
03,28,1972,0.0
03,29,1972,0.0
03,30,1972,0.0
03,31,1972,0.0
04,01,1972,0.0
04,02,1972,0.0
04,03,1972,0.0
04,04,1972,0.0
04,05,1972,0.0
04,06,1972,0.0
04,07,1972,0.0
04,08,1972,0.0
04,09,1972,0.0
04,10,1972,0.0
04,11,1972,0.0
04,12,1972,0.0
04,13,1972,0.0
04,14,1972,0.0
04,15,1972,0.0
04,16,1972,0.0
04,17,1972,0.0
04,18,1972,0.0
04,19,1972,0.0
04,20,1972,0.0
04,21,1972,0.0
04,22,1972,0.0
04,23,1972,0.0
04,24,1972,0.0
04,25,1972,0.0
04,26,1972,0.0
04,27,1972,0.0
04,28,1972,0.0
04,29,1972,0.0
04,30,1972,0.0
05,01,1972,0.0
05,02,1972,0.0
05,03,1972,0.0
05,04,1972,0.0
05,05,1972,0.0
05,06,1972,0.0
05,07,1972,0.0
05,08,1972,0.0
05,09,1972,0.0
05,10,1972,0.0
05,11,1972,0.0
05,12,1972,0.0
05,13,1972,0.0
05,14,1972,0.0
05,15,1972,0.0
05,16,1972,0.0
05,17,1972,0.0
05,18,1972,2.0
05,19,1972,5.0
05,20,1972,0.0
05,21,1972,0.0
05,22,1972,1.0
05,23,1972,0.0
05,24,1972,10.0
05,25,1972,0.0
05,26,1972,0.0
05,27,1972,10.0
05,28,1972,3.0
05,29,1972,4.0
05,30,1972,0.0
05,31,1972,11.0
06,01,1972,4.0
06,02,1972,5.0
06,03,1972,7.0
06,04,1972,8.0
06,05,1972,3.0
06,06,1972,2.0
06,07,1972,0.0
06,08,1972,0.0
06,09,1972,2.0
06,10,1972,0.0
06,11,1972,7.0
06,12,1972,0.0
06,13,1972,0.0
06,14,1972,37.0
06,15,1972,0.0
06,16,1972,0.0
06,17,1972,0.0
06,18,1972,0.0
06,19,1972,0.0
06,20,1972,0.0
06,21,1972,0.0
06,22,1972,0.0
06,23,1972,0.0
06,24,1972,0.0
06,25,1972,0.0
06,26,1972,0.0
06,27,1972,0.0
06,28,1972,0.0
06,29,1972,0.0
06,30,1972,0.0
07,01,1972,0.0
07,02,1972,3.0
07,03,1972,0.0
07,04,1972,0.0
07,05,1972,0.0
07,06,1972,0.0
07,07,1972,0.0
07,08,1972,0.0
07,09,1972,0.0
07,10,1972,0.0
07,11,1972,0.0
07,12,1972,4.0
07,13,1972,0.0
07,14,1972,0.0
07,15,1972,4.0
07,16,1972,10.0
07,17,1972,28.0
07,18,1972,3.0
07,19,1972,0.0
07,20,1972,0.0
07,21,1972,8.0
07,22,1972,2.0
07,23,1972,4.0
07,24,1972,7.0
07,25,1972,0.0
07,26,1972,1.0
07,27,1972,0.0
07,28,1972,3.0
07,29,1972,16.0
07,30,1972,14.0
07,31,1972,26.0
08,01,1972,22.0
08,02,1972,3.0
08,03,1972,13.0
08,04,1972,1.0
08,05,1972,0.0
08,06,1972,3.0
08,07,1972,2.0
08,08,1972,0.0
08,09,1972,0.0
08,10,1972,0.0
08,11,1972,0.0
08,12,1972,4.0
08,13,1972,0.0
08,14,1972,5.0
08,15,1972,0.0
08,16,1972,3.0
08,17,1972,0.0
08,18,1972,0.0
08,19,1972,0.0
08,20,1972,0.0
08,21,1972,0.0
08,22,1972,4.2
08,23,1972,0.0
08,24,1972,15.0
08,25,1972,7.0
08,26,1972,0.0
08,27,1972,0.0
08,28,1972,0.0
08,29,1972,0.0
08,30,1972,12.0
08,31,1972,5.0
09,01,1972,0.0
09,02,1972,0.0
09,03,1972,0.0
09,04,1972,0.0
09,05,1972,8.0
09,06,1972,0.0
09,07,1972,5.0
09,08,1972,9.0
09,09,1972,10.0
09,10,1972,12.0
09,11,1972,0.0
09,12,1972,0.0
09,13,1972,0.0
09,14,1972,10.0
09,15,1972,0.0
09,16,1972,7.0
09,17,1972,10.0
09,18,1972,7.0
09,19,1972,0.0
09,20,1972,6.0
09,21,1972,15.0
09,22,1972,10.0
09,23,1972,0.0
09,24,1972,0.0
09,25,1972,0.0
09,26,1972,7.0
09,27,1972,0.0
09,28,1972,0.0
09,29,1972,0.0
09,30,1972,5.0
10,01,1972,0.0
10,02,1972,0.0
10,03,1972,0.0
10,04,1972,10.0
10,05,1972,3.0
10,06,1972,0.0
10,07,1972,23.0
10,08,1972,0.0
10,09,1972,13.0
10,10,1972,10.0
10,11,1972,0.0
10,12,1972,0.0
10,13,1972,0.0
10,14,1972,2.0
10,15,1972,0.0
10,16,1972,0.0
10,17,1972,0.0
10,18,1972,0.0
10,19,1972,0.0
10,20,1972,0.0
10,21,1972,0.0
10,22,1972,0.0
10,23,1972,0.0
10,24,1972,0.0
10,25,1972,0.0
10,26,1972,0.0
10,27,1972,0.0
10,28,1972,0.0
10,29,1972,0.0
10,30,1972,2.0
10,31,1972,0.0
11,01,1972,0.0
11,02,1972,0.0
11,03,1972,0.0
11,04,1972,0.0
11,05,1972,0.0
11,06,1972,0.0
11,07,1972,0.0
11,08,1972,0.0
11,09,1972,0.0
11,10,1972,0.0
11,11,1972,0.0
11,12,1972,0.0
11,13,1972,0.0
11,14,1972,0.0
11,15,1972,0.0
11,16,1972,0.0
11,17,1972,0.0
11,18,1972,0.0
11,19,1972,0.0
11,20,1972,0.0
11,21,1972,0.0
11,22,1972,0.0
11,23,1972,0.0
11,24,1972,0.0
11,25,1972,0.0
11,26,1972,0.0
11,27,1972,0.0
11,28,1972,0.0
11,29,1972,0.0
11,30,1972,0.0
12,01,1972,0.0
12,02,1972,0.0
12,03,1972,0.0
12,04,1972,0.0
12,05,1972,0.0
12,06,1972,0.0
12,07,1972,0.0
12,08,1972,0.0
12,09,1972,0.0
12,10,1972,0.0
12,11,1972,0.0
12,12,1972,0.0
12,13,1972,0.0
12,14,1972,0.0
12,15,1972,4.0
12,16,1972,0.0
12,17,1972,0.0
12,18,1972,0.0
12,19,1972,0.0
12,20,1972,0.0
12,21,1972,0.0
12,22,1972,0.0
12,23,1972,0.0
12,24,1972,0.0
12,25,1972,0.0
12,26,1972,0.0
12,27,1972,0.0
12,28,1972,0.0
12,29,1972,0.0
12,30,1972,0.0
12,31,1972,0.0
01,01,1973,0.0
01,02,1973,0.0
01,03,1973,0.0
01,04,1973,0.0
01,05,1973,0.0
01,06,1973,0.0
01,07,1973,0.0
01,08,1973,0.0
01,09,1973,0.0
01,10,1973,0.0
01,11,1973,0.0
01,12,1973,0.0
01,13,1973,0.0
01,14,1973,0.0
01,15,1973,0.0
01,16,1973,0.0
01,17,1973,0.0
01,18,1973,0.0
01,19,1973,0.0
01,20,1973,0.0
01,21,1973,0.0
01,22,1973,0.0
01,23,1973,0.0
01,24,1973,0.0
01,25,1973,0.0
01,26,1973,0.0
01,27,1973,0.0
01,28,1973,0.0
01,29,1973,0.0
01,30,1973,0.0
01,31,1973,0.0
02,01,1973,0.0
02,02,1973,0.0
02,03,1973,0.0
02,04,1973,0.0
02,05,1973,0.0
02,06,1973,0.0
02,07,1973,0.0
02,08,1973,0.0
02,09,1973,0.0
02,10,1973,0.0
02,11,1973,0.0
02,12,1973,0.0
02,13,1973,0.0
02,14,1973,0.0
02,15,1973,0.0
02,16,1973,0.0
02,17,1973,0.0
02,18,1973,0.0
02,19,1973,0.0
02,20,1973,0.0
02,21,1973,0.0
02,22,1973,0.0
02,23,1973,0.0
02,24,1973,0.0
02,25,1973,0.0
02,26,1973,0.0
02,27,1973,0.0
02,28,1973,0.0
03,01,1973,0.0
03,02,1973,0.0
03,03,1973,0.0
03,04,1973,0.0
03,05,1973,0.0
03,06,1973,0.0
03,07,1973,0.0
03,08,1973,0.0
03,09,1973,0.0
03,10,1973,0.0
03,11,1973,0.0
03,12,1973,0.0
03,13,1973,0.0
03,14,1973,0.0
03,15,1973,0.0
03,16,1973,0.0
03,17,1973,0.0
03,18,1973,0.0
03,19,1973,0.0
03,20,1973,0.0
03,21,1973,0.0
03,22,1973,0.0
03,23,1973,0.0
03,24,1973,0.0
03,25,1973,0.0
03,26,1973,0.0
03,27,1973,0.0
03,28,1973,0.0
03,29,1973,0.0
03,30,1973,0.0
03,31,1973,0.0
04,01,1973,null
04,02,1973,null
04,03,1973,null
04,04,1973,null
04,05,1973,null
04,06,1973,null
04,07,1973,null
04,08,1973,null
04,09,1973,null
04,10,1973,null
04,11,1973,null
04,12,1973,null
04,13,1973,null
04,14,1973,null
04,15,1973,null
04,16,1973,null
04,17,1973,null
04,18,1973,null
04,19,1973,null
04,20,1973,null
04,21,1973,null
04,22,1973,null
04,23,1973,null
04,24,1973,null
04,25,1973,null
04,26,1973,null
04,27,1973,null
04,28,1973,null
04,29,1973,null
04,30,1973,null
05,01,1973,null
05,02,1973,null
05,03,1973,null
05,04,1973,null
05,05,1973,null
05,06,1973,null
05,07,1973,null
05,08,1973,null
05,09,1973,null
05,10,1973,null
05,11,1973,null
05,12,1973,null
05,13,1973,null
05,14,1973,null
05,15,1973,null
05,16,1973,null
05,17,1973,null
05,18,1973,null
05,19,1973,null
05,20,1973,null
05,21,1973,null
05,22,1973,null
05,23,1973,null
05,24,1973,null
05,25,1973,null
05,26,1973,null
05,27,1973,null
05,28,1973,null
05,29,1973,null
05,30,1973,null
05,31,1973,null
06,01,1973,null
06,02,1973,null
06,03,1973,null
06,04,1973,null
06,05,1973,null
06,06,1973,null
06,07,1973,null
06,08,1973,null
06,09,1973,null
06,10,1973,null
06,11,1973,null
06,12,1973,null
06,13,1973,null
06,14,1973,null
06,15,1973,null
06,16,1973,null
06,17,1973,null
06,18,1973,null
06,19,1973,null
06,20,1973,null
06,21,1973,null
06,22,1973,null
06,23,1973,null
06,24,1973,null
06,25,1973,null
06,26,1973,null
06,27,1973,null
06,28,1973,null
06,29,1973,null
06,30,1973,null
07,01,1973,null
07,02,1973,null
07,03,1973,null
07,04,1973,null
07,05,1973,null
07,06,1973,null
07,07,1973,null
07,08,1973,null
07,09,1973,null
07,10,1973,null
07,11,1973,null
07,12,1973,null
07,13,1973,null
07,14,1973,null
07,15,1973,null
07,16,1973,null
07,17,1973,null
07,18,1973,null
07,19,1973,null
07,20,1973,null
07,21,1973,null
07,22,1973,null
07,23,1973,null
07,24,1973,null
07,25,1973,null
07,26,1973,null
07,27,1973,null
07,28,1973,null
07,29,1973,null
07,30,1973,null
07,31,1973,null
08,01,1973,null
08,02,1973,null
08,03,1973,null
08,04,1973,null
08,05,1973,null
08,06,1973,null
08,07,1973,null
08,08,1973,null
08,09,1973,null
08,10,1973,null
08,11,1973,null
08,12,1973,null
08,13,1973,null
08,14,1973,null
08,15,1973,null
08,16,1973,null
08,17,1973,null
08,18,1973,null
08,19,1973,null
08,20,1973,null
08,21,1973,null
08,22,1973,null
08,23,1973,null
08,24,1973,null
08,25,1973,null
08,26,1973,null
08,27,1973,null
08,28,1973,null
08,29,1973,null
08,30,1973,null
08,31,1973,null
09,01,1973,null
09,02,1973,null
09,03,1973,null
09,04,1973,null
09,05,1973,null
09,06,1973,null
09,07,1973,null
09,08,1973,null
09,09,1973,null
09,10,1973,null
09,11,1973,null
09,12,1973,null
09,13,1973,null
09,14,1973,null
09,15,1973,null
09,16,1973,null
09,17,1973,null
09,18,1973,null
09,19,1973,null
09,20,1973,null
09,21,1973,null
09,22,1973,null
09,23,1973,null
09,24,1973,null
09,25,1973,null
09,26,1973,null
09,27,1973,null
09,28,1973,null
09,29,1973,null
09,30,1973,null
10,01,1973,null
10,02,1973,null
10,03,1973,null
10,04,1973,null
10,05,1973,null
10,06,1973,null
10,07,1973,null
10,08,1973,null
10,09,1973,null
10,10,1973,null
10,11,1973,null
10,12,1973,null
10,13,1973,null
10,14,1973,null
10,15,1973,null
10,16,1973,null
10,17,1973,null
10,18,1973,null
10,19,1973,null
10,20,1973,null
10,21,1973,null
10,22,1973,null
10,23,1973,null
10,24,1973,null
10,25,1973,null
10,26,1973,null
10,27,1973,null
10,28,1973,null
10,29,1973,null
10,30,1973,null
10,31,1973,null
11,01,1973,0.0
11,02,1973,0.0
11,03,1973,0.0
11,04,1973,0.0
11,05,1973,0.0
11,06,1973,0.0
11,07,1973,0.0
11,08,1973,0.0
11,09,1973,0.0
11,10,1973,0.0
11,11,1973,0.0
11,12,1973,0.0
11,13,1973,0.0
11,14,1973,0.0
11,15,1973,0.0
11,16,1973,0.0
11,17,1973,0.0
11,18,1973,0.0
11,19,1973,0.0
11,20,1973,0.0
11,21,1973,0.0
11,22,1973,0.0
11,23,1973,0.0
11,24,1973,0.0
11,25,1973,0.0
11,26,1973,2.0
11,27,1973,1.0
11,28,1973,0.0
11,29,1973,0.0
11,30,1973,0.0
12,01,1973,0.0
12,02,1973,0.0
12,03,1973,0.0
12,04,1973,0.0
12,05,1973,0.0
12,06,1973,0.0
12,07,1973,0.0
12,08,1973,0.0
12,09,1973,0.0
12,10,1973,0.0
12,11,1973,0.0
12,12,1973,0.0
12,13,1973,0.0
12,14,1973,0.0
12,15,1973,0.0
12,16,1973,0.0
12,17,1973,0.0
12,18,1973,1.0
12,19,1973,0.0
12,20,1973,0.0
12,21,1973,0.0
12,22,1973,0.0
12,23,1973,0.0
12,24,1973,0.0
12,25,1973,0.0
12,26,1973,0.0
12,27,1973,0.0
12,28,1973,0.0
12,29,1973,0.0
12,30,1973,0.0
12,31,1973,0.0
01,01,1974,0.0
01,02,1974,0.0
01,03,1974,0.0
01,04,1974,0.0
01,05,1974,6.0
01,06,1974,0.0
01,07,1974,0.0
01,08,1974,2.0
01,09,1974,0.0
01,10,1974,0.0
01,11,1974,0.0
01,12,1974,0.0
01,13,1974,0.0
01,14,1974,0.0
01,15,1974,0.0
01,16,1974,0.0
01,17,1974,0.0
01,18,1974,0.0
01,19,1974,0.0
01,20,1974,0.0
01,21,1974,0.0
01,22,1974,0.0
01,23,1974,0.0
01,24,1974,0.0
01,25,1974,0.0
01,26,1974,0.0
01,27,1974,0.0
01,28,1974,0.0
01,29,1974,0.0
01,30,1974,0.0
01,31,1974,0.0
02,01,1974,0.0
02,02,1974,0.0
02,03,1974,0.0
02,04,1974,0.0
02,05,1974,0.0
02,06,1974,0.0
02,07,1974,0.0
02,08,1974,0.0
02,09,1974,0.0
02,10,1974,0.0
02,11,1974,0.0
02,12,1974,0.0
02,13,1974,0.0
02,14,1974,0.0
02,15,1974,0.0
02,16,1974,0.0
02,17,1974,0.0
02,18,1974,0.0
02,19,1974,0.0
02,20,1974,0.0
02,21,1974,0.0
02,22,1974,0.0
02,23,1974,0.0
02,24,1974,0.0
02,25,1974,0.0
02,26,1974,0.0
02,27,1974,0.0
02,28,1974,0.0
03,01,1974,0.0
03,02,1974,0.0
03,03,1974,0.0
03,04,1974,0.0
03,05,1974,0.0
03,06,1974,0.0
03,07,1974,0.0
03,08,1974,0.0
03,09,1974,0.0
03,10,1974,0.0
03,11,1974,0.0
03,12,1974,0.0
03,13,1974,0.0
03,14,1974,0.0
03,15,1974,4.0
03,16,1974,0.0
03,17,1974,2.0
03,18,1974,0.0
03,19,1974,0.0
03,20,1974,0.0
03,21,1974,0.0
03,22,1974,0.0
03,23,1974,0.0
03,24,1974,0.0
03,25,1974,0.0
03,26,1974,0.0
03,27,1974,0.0
03,28,1974,0.0
03,29,1974,0.0
03,30,1974,0.0
03,31,1974,0.0
04,01,1974,0.0
04,02,1974,0.0
04,03,1974,0.0
04,04,1974,0.0
04,05,1974,0.0
04,06,1974,0.0
04,07,1974,0.0
04,08,1974,0.0
04,09,1974,9.0
04,10,1974,0.0
04,11,1974,0.0
04,12,1974,0.0
04,13,1974,0.0
04,14,1974,6.0
04,15,1974,0.0
04,16,1974,0.0
04,17,1974,0.0
04,18,1974,0.0
04,19,1974,0.0
04,20,1974,0.0
04,21,1974,0.0
04,22,1974,0.0
04,23,1974,0.0
04,24,1974,0.0
04,25,1974,0.0
04,26,1974,9.0
04,27,1974,10.0
04,28,1974,6.0
04,29,1974,0.0
04,30,1974,2.0
05,01,1974,0.0
05,02,1974,0.0
05,03,1974,0.0
05,04,1974,0.0
05,05,1974,0.0
05,06,1974,0.0
05,07,1974,0.0
05,08,1974,0.0
05,09,1974,0.0
05,10,1974,0.0
05,11,1974,0.0
05,12,1974,0.0
05,13,1974,0.0
05,14,1974,0.0
05,15,1974,0.0
05,16,1974,0.0
05,17,1974,0.0
05,18,1974,0.0
05,19,1974,0.0
05,20,1974,0.0
05,21,1974,0.0
05,22,1974,0.0
05,23,1974,0.0
05,24,1974,1.0
05,25,1974,1.0
05,26,1974,1.0
05,27,1974,14.0
05,28,1974,14.0
05,29,1974,0.0
05,30,1974,0.0
05,31,1974,5.0
06,01,1974,0.0
06,02,1974,0.0
06,03,1974,0.0
06,04,1974,0.0
06,05,1974,0.0
06,06,1974,8.0
06,07,1974,0.0
06,08,1974,2.0
06,09,1974,10.0
06,10,1974,4.0
06,11,1974,0.0
06,12,1974,4.0
06,13,1974,8.0
06,14,1974,0.0
06,15,1974,0.0
06,16,1974,0.0
06,17,1974,1.0
06,18,1974,3.0
06,19,1974,37.0
06,20,1974,0.0
06,21,1974,0.0
06,22,1974,24.0
06,23,1974,22.0
06,24,1974,0.0
06,25,1974,1.0
06,26,1974,0.0
06,27,1974,0.0
06,28,1974,4.0
06,29,1974,10.0
06,30,1974,9.0
07,01,1974,12.0
07,02,1974,20.0
07,03,1974,7.0
07,04,1974,2.0
07,05,1974,31.0
07,06,1974,14.0
07,07,1974,16.0
07,08,1974,0.0
07,09,1974,8.0
07,10,1974,0.0
07,11,1974,0.0
07,12,1974,6.0
07,13,1974,0.0
07,14,1974,0.0
07,15,1974,10.0
07,16,1974,0.0
07,17,1974,7.0
07,18,1974,10.0
07,19,1974,0.0
07,20,1974,0.0
07,21,1974,0.0
07,22,1974,0.0
07,23,1974,0.0
07,24,1974,2.0
07,25,1974,11.0
07,26,1974,3.0
07,27,1974,1.0
07,28,1974,0.0
07,29,1974,0.0
07,30,1974,11.0
07,31,1974,5.0
08,01,1974,0.0
08,02,1974,0.0
08,03,1974,20.0
08,04,1974,0.0
08,05,1974,8.0
08,06,1974,1.0
08,07,1974,8.0
08,08,1974,6.0
08,09,1974,17.0
08,10,1974,6.0
08,11,1974,4.0
08,12,1974,6.0
08,13,1974,6.0
08,14,1974,0.0
08,15,1974,0.0
08,16,1974,1.0
08,17,1974,1.0
08,18,1974,7.0
08,19,1974,0.0
08,20,1974,0.0
08,21,1974,0.0
08,22,1974,3.0
08,23,1974,0.0
08,24,1974,0.0
08,25,1974,8.0
08,26,1974,10.0
08,27,1974,12.0
08,28,1974,5.0
08,29,1974,9.0
08,30,1974,5.0
08,31,1974,20.0
09,01,1974,4.0
09,02,1974,0.0
09,03,1974,0.0
09,04,1974,0.0
09,05,1974,0.0
09,06,1974,0.0
09,07,1974,0.0
09,08,1974,0.0
09,09,1974,0.0
09,10,1974,20.0
09,11,1974,0.0
09,12,1974,8.0
09,13,1974,1.0
09,14,1974,0.0
09,15,1974,11.0
09,16,1974,5.0
09,17,1974,0.0
09,18,1974,0.0
09,19,1974,0.0
09,20,1974,0.0
09,21,1974,0.0
09,22,1974,5.0
09,23,1974,2.0
09,24,1974,4.0
09,25,1974,3.0
09,26,1974,0.0
09,27,1974,0.0
09,28,1974,7.0
09,29,1974,0.0
09,30,1974,0.0
10,01,1974,0.0
10,02,1974,0.0
10,03,1974,0.0
10,04,1974,0.0
10,05,1974,0.0
10,06,1974,0.0
10,07,1974,0.0
10,08,1974,0.0
10,09,1974,0.0
10,10,1974,0.0
10,11,1974,0.0
10,12,1974,0.0
10,13,1974,0.0
10,14,1974,0.0
10,15,1974,0.0
10,16,1974,2.0
10,17,1974,6.0
10,18,1974,0.0
10,19,1974,1.0
10,20,1974,0.0
10,21,1974,6.0
10,22,1974,0.0
10,23,1974,0.0
10,24,1974,0.0
10,25,1974,0.0
10,26,1974,0.0
10,27,1974,0.0
10,28,1974,7.0
10,29,1974,1.0
10,30,1974,0.0
10,31,1974,0.0
11,01,1974,0.0
11,02,1974,0.0
11,03,1974,0.0
11,04,1974,0.0
11,05,1974,1.0
11,06,1974,1.0
11,07,1974,0.0
11,08,1974,0.0
11,09,1974,0.0
11,10,1974,0.0
11,11,1974,0.0
11,12,1974,0.0
11,13,1974,0.0
11,14,1974,0.0
11,15,1974,0.0
11,16,1974,0.0
11,17,1974,4.0
11,18,1974,0.0
11,19,1974,0.0
11,20,1974,0.0
11,21,1974,0.0
11,22,1974,0.0
11,23,1974,5.0
11,24,1974,0.0
11,25,1974,0.0
11,26,1974,0.0
11,27,1974,0.0
11,28,1974,0.0
11,29,1974,0.0
11,30,1974,0.0
12,01,1974,0.0
12,02,1974,0.0
12,03,1974,0.0
12,04,1974,0.0
12,05,1974,0.0
12,06,1974,0.0
12,07,1974,0.0
12,08,1974,0.0
12,09,1974,7.0
12,10,1974,0.0
12,11,1974,0.0
12,12,1974,0.0
12,13,1974,0.0
12,14,1974,0.0
12,15,1974,0.0
12,16,1974,0.0
12,17,1974,0.0
12,18,1974,0.0
12,19,1974,0.0
12,20,1974,0.0
12,21,1974,0.0
12,22,1974,0.0
12,23,1974,0.0
12,24,1974,0.0
12,25,1974,0.0
12,26,1974,0.0
12,27,1974,0.0
12,28,1974,0.0
12,29,1974,0.0
12,30,1974,0.0
12,31,1974,0.0
01,01,1975,0.0
01,02,1975,0.0
01,03,1975,0.0
01,04,1975,0.0
01,05,1975,0.0
01,06,1975,0.0
01,07,1975,0.0
01,08,1975,0.0
01,09,1975,0.0
01,10,1975,0.0
01,11,1975,0.0
01,12,1975,0.0
01,13,1975,0.0
01,14,1975,0.0
01,15,1975,0.0
01,16,1975,0.0
01,17,1975,0.0
01,18,1975,0.0
01,19,1975,2.0
01,20,1975,50.0
01,21,1975,20.0
01,22,1975,0.0
01,23,1975,0.0
01,24,1975,0.0
01,25,1975,0.0
01,26,1975,0.0
01,27,1975,0.0
01,28,1975,0.0
01,29,1975,1.0
01,30,1975,0.0
01,31,1975,0.0
02,01,1975,0.0
02,02,1975,5.0
02,03,1975,0.0
02,04,1975,0.0
02,05,1975,9.0
02,06,1975,0.0
02,07,1975,0.0
02,08,1975,0.0
02,09,1975,0.0
02,10,1975,0.0
02,11,1975,0.0
02,12,1975,0.0
02,13,1975,0.0
02,14,1975,0.0
02,15,1975,0.0
02,16,1975,0.0
02,17,1975,0.0
02,18,1975,0.0
02,19,1975,0.0
02,20,1975,0.0
02,21,1975,0.0
02,22,1975,0.0
02,23,1975,0.0
02,24,1975,0.0
02,25,1975,0.0
02,26,1975,0.0
02,27,1975,0.0
02,28,1975,0.0
03,01,1975,0.0
03,02,1975,0.0
03,03,1975,0.0
03,04,1975,0.0
03,05,1975,0.0
03,06,1975,0.0
03,07,1975,0.0
03,08,1975,0.0
03,09,1975,0.0
03,10,1975,0.0
03,11,1975,0.0
03,12,1975,0.0
03,13,1975,0.0
03,14,1975,0.0
03,15,1975,0.0
03,16,1975,0.0
03,17,1975,0.0
03,18,1975,0.0
03,19,1975,0.0
03,20,1975,0.0
03,21,1975,0.0
03,22,1975,0.0
03,23,1975,0.0
03,24,1975,0.0
03,25,1975,0.0
03,26,1975,0.0
03,27,1975,0.0
03,28,1975,0.0
03,29,1975,0.0
03,30,1975,0.0
03,31,1975,0.0
04,01,1975,0.0
04,02,1975,0.0
04,03,1975,0.0
04,04,1975,0.0
04,05,1975,0.0
04,06,1975,0.0
04,07,1975,0.0
04,08,1975,0.0
04,09,1975,0.0
04,10,1975,0.0
04,11,1975,0.0
04,12,1975,0.0
04,13,1975,0.0
04,14,1975,0.0
04,15,1975,0.0
04,16,1975,0.0
04,17,1975,0.0
04,18,1975,0.0
04,19,1975,0.0
04,20,1975,0.0
04,21,1975,0.0
04,22,1975,0.0
04,23,1975,0.0
04,24,1975,0.0
04,25,1975,0.0
04,26,1975,1.0
04,27,1975,0.0
04,28,1975,0.0
04,29,1975,0.0
04,30,1975,0.0
05,01,1975,0.0
05,02,1975,0.0
05,03,1975,0.0
05,04,1975,0.0
05,05,1975,0.0
05,06,1975,0.0
05,07,1975,0.0
05,08,1975,0.0
05,09,1975,0.0
05,10,1975,3.0
05,11,1975,0.0
05,12,1975,0.0
05,13,1975,0.0
05,14,1975,0.0
05,15,1975,0.0
05,16,1975,0.0
05,17,1975,0.0
05,18,1975,0.0
05,19,1975,4.0
05,20,1975,2.0
05,21,1975,1.0
05,22,1975,3.0
05,23,1975,1.0
05,24,1975,2.0
05,25,1975,3.0
05,26,1975,7.0
05,27,1975,0.0
05,28,1975,0.0
05,29,1975,0.0
05,30,1975,0.0
05,31,1975,0.0
06,01,1975,0.0
06,02,1975,0.0
06,03,1975,0.0
06,04,1975,1.0
06,05,1975,0.0
06,06,1975,0.0
06,07,1975,7.0
06,08,1975,11.0
06,09,1975,13.0
06,10,1975,15.0
06,11,1975,10.0
06,12,1975,0.0
06,13,1975,8.0
06,14,1975,0.0
06,15,1975,0.0
06,16,1975,0.0
06,17,1975,6.0
06,18,1975,4.0
06,19,1975,7.0
06,20,1975,2.0
06,21,1975,11.0
06,22,1975,11.0
06,23,1975,10.0
06,24,1975,0.0
06,25,1975,16.0
06,26,1975,7.0
06,27,1975,2.0
06,28,1975,8.0
06,29,1975,6.0
06,30,1975,28.0
07,01,1975,4.0
07,02,1975,5.0
07,03,1975,2.0
07,04,1975,1.0
07,05,1975,18.0
07,06,1975,5.0
07,07,1975,14.0
07,08,1975,0.0
07,09,1975,3.0
07,10,1975,9.0
07,11,1975,8.0
07,12,1975,0.0
07,13,1975,4.0
07,14,1975,6.0
07,15,1975,0.0
07,16,1975,6.0
07,17,1975,16.0
07,18,1975,7.0
07,19,1975,8.0
07,20,1975,0.0
07,21,1975,3.0
07,22,1975,2.0
07,23,1975,0.0
07,24,1975,0.0
07,25,1975,0.0
07,26,1975,4.0
07,27,1975,7.0
07,28,1975,12.0
07,29,1975,19.0
07,30,1975,0.0
07,31,1975,5.0
08,01,1975,1.0
08,02,1975,0.0
08,03,1975,3.0
08,04,1975,10.0
08,05,1975,4.0
08,06,1975,12.0
08,07,1975,5.0
08,08,1975,8.0
08,09,1975,7.0
08,10,1975,2.0
08,11,1975,22.0
08,12,1975,18.0
08,13,1975,7.0
08,14,1975,9.0
08,15,1975,0.0
08,16,1975,3.0
08,17,1975,3.0
08,18,1975,5.0
08,19,1975,13.0
08,20,1975,0.0
08,21,1975,0.0
08,22,1975,2.0
08,23,1975,18.0
08,24,1975,4.0
08,25,1975,4.5
08,26,1975,3.0
08,27,1975,5.0
08,28,1975,0.0
08,29,1975,41.0
08,30,1975,0.0
08,31,1975,1.0
09,01,1975,4.0
09,02,1975,10.0
09,03,1975,0.0
09,04,1975,0.0
09,05,1975,13.0
09,06,1975,0.0
09,07,1975,0.0
09,08,1975,0.0
09,09,1975,2.0
09,10,1975,0.0
09,11,1975,0.0
09,12,1975,6.0
09,13,1975,1.0
09,14,1975,0.0
09,15,1975,0.0
09,16,1975,20.0
09,17,1975,5.0
09,18,1975,9.0
09,19,1975,0.0
09,20,1975,0.0
09,21,1975,0.0
09,22,1975,0.0
09,23,1975,0.0
09,24,1975,0.0
09,25,1975,0.0
09,26,1975,0.0
09,27,1975,0.0
09,28,1975,0.0
09,29,1975,0.0
09,30,1975,0.0
10,01,1975,0.0
10,02,1975,0.0
10,03,1975,0.0
10,04,1975,0.0
10,05,1975,0.0
10,06,1975,0.0
10,07,1975,0.0
10,08,1975,0.0
10,09,1975,0.0
10,10,1975,0.0
10,11,1975,0.0
10,12,1975,0.0
10,13,1975,0.0
10,14,1975,0.0
10,15,1975,0.0
10,16,1975,0.0
10,17,1975,5.0
10,18,1975,0.0
10,19,1975,0.0
10,20,1975,0.0
10,21,1975,0.0
10,22,1975,0.0
10,23,1975,0.0
10,24,1975,0.0
10,25,1975,0.0
10,26,1975,0.0
10,27,1975,10.0
10,28,1975,0.0
10,29,1975,0.0
10,30,1975,0.0
10,31,1975,0.0
11,01,1975,0.0
11,02,1975,0.0
11,03,1975,0.0
11,04,1975,0.0
11,05,1975,0.0
11,06,1975,0.0
11,07,1975,0.0
11,08,1975,0.0
11,09,1975,0.0
11,10,1975,0.0
11,11,1975,0.0
11,12,1975,0.0
11,13,1975,0.0
11,14,1975,0.0
11,15,1975,0.0
11,16,1975,0.0
11,17,1975,0.0
11,18,1975,0.0
11,19,1975,0.0
11,20,1975,0.0
11,21,1975,0.0
11,22,1975,0.0
11,23,1975,0.0
11,24,1975,0.0
11,25,1975,0.0
11,26,1975,0.0
11,27,1975,0.0
11,28,1975,0.0
11,29,1975,0.0
11,30,1975,0.0
12,01,1975,0.0
12,02,1975,0.0
12,03,1975,0.0
12,04,1975,0.0
12,05,1975,0.0
12,06,1975,0.0
12,07,1975,0.0
12,08,1975,0.0
12,09,1975,0.0
12,10,1975,0.0
12,11,1975,0.0
12,12,1975,0.0
12,13,1975,0.0
12,14,1975,0.0
12,15,1975,0.0
12,16,1975,0.0
12,17,1975,0.0
12,18,1975,0.0
12,19,1975,0.0
12,20,1975,0.0
12,21,1975,0.0
12,22,1975,0.0
12,23,1975,0.0
12,24,1975,0.0
12,25,1975,0.0
12,26,1975,0.0
12,27,1975,0.0
12,28,1975,0.0
12,29,1975,0.0
12,30,1975,0.0
12,31,1975,0.0
01,01,1976,0.0
01,02,1976,0.0
01,03,1976,0.0
01,04,1976,0.0
01,05,1976,0.0
01,06,1976,0.0
01,07,1976,0.0
01,08,1976,0.0
01,09,1976,0.0
01,10,1976,0.0
01,11,1976,0.0
01,12,1976,0.0
01,13,1976,0.0
01,14,1976,0.0
01,15,1976,0.0
01,16,1976,0.0
01,17,1976,0.0
01,18,1976,0.0
01,19,1976,0.0
01,20,1976,0.0
01,21,1976,0.0
01,22,1976,0.0
01,23,1976,0.0
01,24,1976,0.0
01,25,1976,0.0
01,26,1976,0.0
01,27,1976,0.0
01,28,1976,0.0
01,29,1976,0.0
01,30,1976,0.0
01,31,1976,0.0
02,01,1976,0.0
02,02,1976,0.0
02,03,1976,0.0
02,04,1976,0.0
02,05,1976,0.0
02,06,1976,0.0
02,07,1976,0.0
02,08,1976,0.0
02,09,1976,0.0
02,10,1976,0.0
02,11,1976,0.0
02,12,1976,0.0
02,13,1976,0.0
02,14,1976,0.0
02,15,1976,0.0
02,16,1976,0.0
02,17,1976,0.0
02,18,1976,0.0
02,19,1976,0.0
02,20,1976,0.0
02,21,1976,0.0
02,22,1976,0.0
02,23,1976,0.0
02,24,1976,0.0
02,25,1976,0.0
02,26,1976,0.0
02,27,1976,0.0
02,28,1976,0.0
02,29,1976,0.0
03,01,1976,0.0
03,02,1976,0.0
03,03,1976,0.0
03,04,1976,0.0
03,05,1976,0.0
03,06,1976,0.0
03,07,1976,0.0
03,08,1976,0.0
03,09,1976,0.0
03,10,1976,0.0
03,11,1976,0.0
03,12,1976,1.0
03,13,1976,2.0
03,14,1976,0.0
03,15,1976,0.0
03,16,1976,0.0
03,17,1976,0.0
03,18,1976,0.0
03,19,1976,0.0
03,20,1976,0.0
03,21,1976,0.0
03,22,1976,0.0
03,23,1976,0.0
03,24,1976,0.0
03,25,1976,0.0
03,26,1976,0.0
03,27,1976,0.0
03,28,1976,0.0
03,29,1976,0.0
03,30,1976,0.0
03,31,1976,1.0
04,01,1976,16.0
04,02,1976,2.0
04,03,1976,0.0
04,04,1976,3.0
04,05,1976,0.0
04,06,1976,0.0
04,07,1976,0.0
04,08,1976,0.0
04,09,1976,0.0
04,10,1976,2.0
04,11,1976,5.0
04,12,1976,0.0
04,13,1976,0.0
04,14,1976,0.0
04,15,1976,0.0
04,16,1976,0.0
04,17,1976,0.0
04,18,1976,0.0
04,19,1976,0.0
04,20,1976,0.0
04,21,1976,0.0
04,22,1976,0.0
04,23,1976,0.0
04,24,1976,0.0
04,25,1976,1.0
04,26,1976,0.0
04,27,1976,0.0
04,28,1976,0.0
04,29,1976,0.0
04,30,1976,0.0
05,01,1976,0.0
05,02,1976,0.0
05,03,1976,0.0
05,04,1976,0.0
05,05,1976,0.0
05,06,1976,0.0
05,07,1976,0.0
05,08,1976,0.0
05,09,1976,3.0
05,10,1976,0.0
05,11,1976,0.0
05,12,1976,1.0
05,13,1976,0.0
05,14,1976,0.0
05,15,1976,0.0
05,16,1976,7.0
05,17,1976,3.0
05,18,1976,20.0
05,19,1976,0.0
05,20,1976,0.0
05,21,1976,0.0
05,22,1976,0.0
05,23,1976,0.0
05,24,1976,0.0
05,25,1976,0.0
05,26,1976,0.0
05,27,1976,5.0
05,28,1976,8.0
05,29,1976,0.0
05,30,1976,0.0
05,31,1976,0.0
06,01,1976,11.0
06,02,1976,0.0
06,03,1976,0.0
06,04,1976,0.0
06,05,1976,0.0
06,06,1976,0.0
06,07,1976,0.0
06,08,1976,0.0
06,09,1976,3.0
06,10,1976,0.0
06,11,1976,0.0
06,12,1976,0.0
06,13,1976,0.0
06,14,1976,0.0
06,15,1976,9.0
06,16,1976,0.0
06,17,1976,2.0
06,18,1976,0.0
06,19,1976,0.0
06,20,1976,0.0
06,21,1976,0.0
06,22,1976,3.0
06,23,1976,4.0
06,24,1976,0.0
06,25,1976,4.0
06,26,1976,19.0
06,27,1976,0.0
06,28,1976,0.0
06,29,1976,0.0
06,30,1976,6.0
07,01,1976,19.0
07,02,1976,7.0
07,03,1976,6.0
07,04,1976,17.0
07,05,1976,6.0
07,06,1976,0.0
07,07,1976,1.0
07,08,1976,1.0
07,09,1976,5.0
07,10,1976,22.0
07,11,1976,4.0
07,12,1976,2.0
07,13,1976,5.0
07,14,1976,2.0
07,15,1976,3.0
07,16,1976,21.0
07,17,1976,10.0
07,18,1976,8.0
07,19,1976,26.0
07,20,1976,6.0
07,21,1976,3.0
07,22,1976,0.0
07,23,1976,0.0
07,24,1976,0.0
07,25,1976,0.0
07,26,1976,5.0
07,27,1976,10.0
07,28,1976,6.0
07,29,1976,3.0
07,30,1976,1.0
07,31,1976,32.0
08,01,1976,2.0
08,02,1976,0.0
08,03,1976,0.0
08,04,1976,0.0
08,05,1976,0.0
08,06,1976,11.0
08,07,1976,1.0
08,08,1976,6.0
08,09,1976,23.0
08,10,1976,0.0
08,11,1976,1.0
08,12,1976,0.0
08,13,1976,25.0
08,14,1976,7.0
08,15,1976,0.0
08,16,1976,7.0
08,17,1976,19.0
08,18,1976,8.0
08,19,1976,8.0
08,20,1976,20.0
08,21,1976,11.0
08,22,1976,21.0
08,23,1976,6.0
08,24,1976,7.0
08,25,1976,6.0
08,26,1976,15.0
08,27,1976,1.0
08,28,1976,2.0
08,29,1976,0.0
08,30,1976,0.0
08,31,1976,9.4
09,01,1976,14.0
09,02,1976,0.0
09,03,1976,5.0
09,04,1976,21.0
09,05,1976,1.0
09,06,1976,0.0
09,07,1976,4.0
09,08,1976,0.0
09,09,1976,0.0
09,10,1976,0.0
09,11,1976,0.0
09,12,1976,0.0
09,13,1976,0.0
09,14,1976,8.0
09,15,1976,0.0
09,16,1976,10.0
09,17,1976,7.0
09,18,1976,1.0
09,19,1976,0.0
09,20,1976,2.0
09,21,1976,19.0
09,22,1976,4.0
09,23,1976,2.0
09,24,1976,6.0
09,25,1976,8.0
09,26,1976,3.0
09,27,1976,0.0
09,28,1976,0.0
09,29,1976,18.0
09,30,1976,7.0
10,01,1976,14.0
10,02,1976,12.0
10,03,1976,8.0
10,04,1976,4.0
10,05,1976,16.0
10,06,1976,15.0
10,07,1976,13.0
10,08,1976,17.0
10,09,1976,9.0
10,10,1976,7.0
10,11,1976,4.0
10,12,1976,2.0
10,13,1976,22.0
10,14,1976,3.0
10,15,1976,3.0
10,16,1976,0.0
10,17,1976,0.0
10,18,1976,0.0
10,19,1976,0.0
10,20,1976,0.0
10,21,1976,21.0
10,22,1976,0.0
10,23,1976,0.0
10,24,1976,11.0
10,25,1976,0.0
10,26,1976,0.0
10,27,1976,0.0
10,28,1976,0.0
10,29,1976,0.0
10,30,1976,0.0
10,31,1976,0.0
11,01,1976,0.0
11,02,1976,0.0
11,03,1976,0.0
11,04,1976,0.0
11,05,1976,0.0
11,06,1976,0.0
11,07,1976,0.0
11,08,1976,0.0
11,09,1976,0.0
11,10,1976,0.0
11,11,1976,0.0
11,12,1976,0.0
11,13,1976,0.0
11,14,1976,0.0
11,15,1976,0.0
11,16,1976,0.0
11,17,1976,12.0
11,18,1976,2.0
11,19,1976,0.0
11,20,1976,0.0
11,21,1976,0.0
11,22,1976,0.0
11,23,1976,0.0
11,24,1976,0.0
11,25,1976,0.0
11,26,1976,0.0
11,27,1976,0.0
11,28,1976,0.0
11,29,1976,0.0
11,30,1976,0.0
12,01,1976,0.0
12,02,1976,0.0
12,03,1976,0.0
12,04,1976,0.0
12,05,1976,0.0
12,06,1976,0.0
12,07,1976,0.0
12,08,1976,0.0
12,09,1976,0.0
12,10,1976,0.0
12,11,1976,0.0
12,12,1976,0.0
12,13,1976,0.0
12,14,1976,0.0
12,15,1976,0.0
12,16,1976,0.0
12,17,1976,0.0
12,18,1976,0.0
12,19,1976,0.0
12,20,1976,4.0
12,21,1976,0.0
12,22,1976,0.0
12,23,1976,0.0
12,24,1976,0.0
12,25,1976,0.0
12,26,1976,0.0
12,27,1976,0.0
12,28,1976,0.0
12,29,1976,0.0
12,30,1976,0.0
12,31,1976,0.0
01,01,1977,0.0
01,02,1977,0.0
01,03,1977,0.0
01,04,1977,0.0
01,05,1977,0.0
01,06,1977,0.0
01,07,1977,0.0
01,08,1977,0.0
01,09,1977,0.0
01,10,1977,0.0
01,11,1977,0.0
01,12,1977,0.0
01,13,1977,0.0
01,14,1977,1.0
01,15,1977,0.0
01,16,1977,0.0
01,17,1977,0.0
01,18,1977,1.0
01,19,1977,6.0
01,20,1977,0.0
01,21,1977,7.0
01,22,1977,0.0
01,23,1977,0.0
01,24,1977,0.0
01,25,1977,0.0
01,26,1977,0.0
01,27,1977,0.0
01,28,1977,0.0
01,29,1977,0.0
01,30,1977,0.0
01,31,1977,0.0
02,01,1977,0.0
02,02,1977,0.0
02,03,1977,0.0
02,04,1977,0.0
02,05,1977,0.0
02,06,1977,0.0
02,07,1977,0.0
02,08,1977,0.0
02,09,1977,0.0
02,10,1977,0.0
02,11,1977,0.0
02,12,1977,0.0
02,13,1977,0.0
02,14,1977,0.0
02,15,1977,0.0
02,16,1977,0.0
02,17,1977,0.0
02,18,1977,0.0
02,19,1977,0.0
02,20,1977,0.0
02,21,1977,14.0
02,22,1977,10.0
02,23,1977,0.0
02,24,1977,0.0
02,25,1977,0.0
02,26,1977,0.0
02,27,1977,0.0
02,28,1977,0.0
03,01,1977,0.0
03,02,1977,0.0
03,03,1977,0.0
03,04,1977,0.0
03,05,1977,0.0
03,06,1977,0.0
03,07,1977,0.0
03,08,1977,0.0
03,09,1977,0.0
03,10,1977,0.0
03,11,1977,0.0
03,12,1977,0.0
03,13,1977,0.0
03,14,1977,0.0
03,15,1977,0.0
03,16,1977,0.0
03,17,1977,0.0
03,18,1977,0.0
03,19,1977,0.0
03,20,1977,0.0
03,21,1977,0.0
03,22,1977,0.0
03,23,1977,0.0
03,24,1977,0.0
03,25,1977,0.0
03,26,1977,0.0
03,27,1977,0.0
03,28,1977,0.0
03,29,1977,0.0
03,30,1977,0.0
03,31,1977,0.0
04,01,1977,0.0
04,02,1977,0.0
04,03,1977,0.0
04,04,1977,0.0
04,05,1977,0.0
04,06,1977,0.0
04,07,1977,0.0
04,08,1977,0.0
04,09,1977,0.0
04,10,1977,0.0
04,11,1977,0.0
04,12,1977,3.0
04,13,1977,0.0
04,14,1977,0.0
04,15,1977,0.0
04,16,1977,0.0
04,17,1977,0.0
04,18,1977,0.0
04,19,1977,0.0
04,20,1977,3.0
04,21,1977,0.0
04,22,1977,0.0
04,23,1977,0.0
04,24,1977,7.0
04,25,1977,0.0
04,26,1977,0.0
04,27,1977,0.0
04,28,1977,0.0
04,29,1977,0.0
04,30,1977,0.0
05,01,1977,0.0
05,02,1977,0.0
05,03,1977,0.0
05,04,1977,0.0
05,05,1977,0.0
05,06,1977,0.0
05,07,1977,0.0
05,08,1977,6.0
05,09,1977,0.0
05,10,1977,0.0
05,11,1977,0.0
05,12,1977,0.0
05,13,1977,0.0
05,14,1977,4.0
05,15,1977,1.0
05,16,1977,0.0
05,17,1977,0.0
05,18,1977,19.0
05,19,1977,0.0
05,20,1977,0.0
05,21,1977,8.0
05,22,1977,2.0
05,23,1977,8.0
05,24,1977,13.0
05,25,1977,0.0
05,26,1977,3.0
05,27,1977,0.0
05,28,1977,0.0
05,29,1977,0.0
05,30,1977,0.0
05,31,1977,0.0
06,01,1977,0.0
06,02,1977,0.0
06,03,1977,0.0
06,04,1977,0.0
06,05,1977,0.0
06,06,1977,0.0
06,07,1977,2.0
06,08,1977,0.0
06,09,1977,14.0
06,10,1977,0.0
06,11,1977,0.0
06,12,1977,0.0
06,13,1977,13.0
06,14,1977,1.0
06,15,1977,8.0
06,16,1977,15.0
06,17,1977,14.0
06,18,1977,9.0
06,19,1977,12.0
06,20,1977,3.0
06,21,1977,9.0
06,22,1977,12.0
06,23,1977,18.0
06,24,1977,7.0
06,25,1977,0.0
06,26,1977,0.0
06,27,1977,0.0
06,28,1977,0.0
06,29,1977,2.0
06,30,1977,9.0
07,01,1977,6.0
07,02,1977,0.0
07,03,1977,0.0
07,04,1977,0.0
07,05,1977,15.0
07,06,1977,2.0
07,07,1977,15.0
07,08,1977,5.0
07,09,1977,0.0
07,10,1977,4.0
07,11,1977,2.0
07,12,1977,2.0
07,13,1977,0.0
07,14,1977,0.0
07,15,1977,12.0
07,16,1977,2.0
07,17,1977,0.0
07,18,1977,19.0
07,19,1977,3.0
07,20,1977,0.0
07,21,1977,9.0
07,22,1977,0.0
07,23,1977,14.0
07,24,1977,7.0
07,25,1977,9.0
07,26,1977,0.0
07,27,1977,11.0
07,28,1977,1.0
07,29,1977,0.0
07,30,1977,3.0
07,31,1977,7.0
08,01,1977,0.0
08,02,1977,0.0
08,03,1977,0.0
08,04,1977,0.0
08,05,1977,3.0
08,06,1977,18.0
08,07,1977,0.0
08,08,1977,18.0
08,09,1977,12.0
08,10,1977,6.0
08,11,1977,0.0
08,12,1977,11.0
08,13,1977,12.0
08,14,1977,4.0
08,15,1977,3.0
08,16,1977,9.0
08,17,1977,0.0
08,18,1977,0.0
08,19,1977,13.0
08,20,1977,4.0
08,21,1977,7.0
08,22,1977,3.0
08,23,1977,0.0
08,24,1977,0.0
08,25,1977,5.0
08,26,1977,3.0
08,27,1977,1.0
08,28,1977,1.0
08,29,1977,3.0
08,30,1977,0.0
08,31,1977,5.0
09,01,1977,0.0
09,02,1977,1.0
09,03,1977,23.0
09,04,1977,3.0
09,05,1977,0.0
09,06,1977,5.0
09,07,1977,2.0
09,08,1977,0.0
09,09,1977,0.0
09,10,1977,7.0
09,11,1977,0.0
09,12,1977,0.0
09,13,1977,0.0
09,14,1977,11.0
09,15,1977,0.0
09,16,1977,0.0
09,17,1977,0.0
09,18,1977,10.0
09,19,1977,0.0
09,20,1977,0.0
09,21,1977,0.0
09,22,1977,0.0
09,23,1977,4.0
09,24,1977,1.0
09,25,1977,0.0
09,26,1977,0.0
09,27,1977,0.0
09,28,1977,8.0
09,29,1977,0.0
09,30,1977,24.0
10,01,1977,10.0
10,02,1977,7.0
10,03,1977,0.0
10,04,1977,0.0
10,05,1977,0.0
10,06,1977,0.0
10,07,1977,0.0
10,08,1977,0.0
10,09,1977,0.0
10,10,1977,0.0
10,11,1977,0.0
10,12,1977,0.0
10,13,1977,0.0
10,14,1977,0.0
10,15,1977,0.0
10,16,1977,0.0
10,17,1977,0.0
10,18,1977,0.0
10,19,1977,0.0
10,20,1977,0.0
10,21,1977,0.0
10,22,1977,0.0
10,23,1977,0.0
10,24,1977,0.0
10,25,1977,24.0
10,26,1977,11.0
10,27,1977,5.0
10,28,1977,4.0
10,29,1977,7.0
10,30,1977,4.0
10,31,1977,0.0
11,01,1977,2.0
11,02,1977,0.0
11,03,1977,0.0
11,04,1977,0.0
11,05,1977,0.0
11,06,1977,0.0
11,07,1977,0.0
11,08,1977,0.0
11,09,1977,0.0
11,10,1977,6.0
11,11,1977,0.0
11,12,1977,0.0
11,13,1977,0.0
11,14,1977,0.0
11,15,1977,0.0
11,16,1977,0.0
11,17,1977,0.0
11,18,1977,0.0
11,19,1977,0.0
11,20,1977,0.0
11,21,1977,0.0
11,22,1977,0.0
11,23,1977,0.0
11,24,1977,0.0
11,25,1977,0.0
11,26,1977,0.0
11,27,1977,0.0
11,28,1977,0.0
11,29,1977,0.0
11,30,1977,0.0
12,01,1977,0.0
12,02,1977,0.0
12,03,1977,0.0
12,04,1977,0.0
12,05,1977,0.0
12,06,1977,0.0
12,07,1977,0.0
12,08,1977,5.0
12,09,1977,0.0
12,10,1977,0.0
12,11,1977,1.0
12,12,1977,15.0
12,13,1977,0.0
12,14,1977,0.0
12,15,1977,0.0
12,16,1977,0.0
12,17,1977,0.0
12,18,1977,0.0
12,19,1977,0.0
12,20,1977,0.0
12,21,1977,0.0
12,22,1977,0.0
12,23,1977,0.0
12,24,1977,0.0
12,25,1977,0.0
12,26,1977,0.0
12,27,1977,0.0
12,28,1977,0.0
12,29,1977,0.0
12,30,1977,0.0
12,31,1977,0.0
01,01,1978,0.0
01,02,1978,0.0
01,03,1978,0.0
01,04,1978,0.0
01,05,1978,0.0
01,06,1978,0.0
01,07,1978,0.0
01,08,1978,0.0
01,09,1978,17.0
01,10,1978,0.0
01,11,1978,0.0
01,12,1978,0.0
01,13,1978,0.0
01,14,1978,0.0
01,15,1978,0.0
01,16,1978,0.0
01,17,1978,0.0
01,18,1978,0.0
01,19,1978,0.0
01,20,1978,0.0
01,21,1978,0.0
01,22,1978,0.0
01,23,1978,0.0
01,24,1978,0.0
01,25,1978,0.0
01,26,1978,0.0
01,27,1978,0.0
01,28,1978,0.0
01,29,1978,0.0
01,30,1978,0.0
01,31,1978,0.0
02,01,1978,0.0
02,02,1978,0.0
02,03,1978,0.0
02,04,1978,0.0
02,05,1978,0.0
02,06,1978,0.0
02,07,1978,2.0
02,08,1978,0.0
02,09,1978,0.0
02,10,1978,0.0
02,11,1978,0.0
02,12,1978,0.0
02,13,1978,0.0
02,14,1978,0.0
02,15,1978,0.0
02,16,1978,0.0
02,17,1978,0.0
02,18,1978,0.0
02,19,1978,3.0
02,20,1978,0.0
02,21,1978,0.0
02,22,1978,13.0
02,23,1978,1.0
02,24,1978,0.0
02,25,1978,0.0
02,26,1978,0.0
02,27,1978,0.0
02,28,1978,0.0
03,01,1978,0.0
03,02,1978,0.0
03,03,1978,0.0
03,04,1978,0.0
03,05,1978,0.0
03,06,1978,0.0
03,07,1978,0.0
03,08,1978,0.0
03,09,1978,0.0
03,10,1978,0.0
03,11,1978,0.0
03,12,1978,0.0
03,13,1978,0.0
03,14,1978,0.0
03,15,1978,0.0
03,16,1978,4.0
03,17,1978,7.0
03,18,1978,0.0
03,19,1978,0.0
03,20,1978,0.0
03,21,1978,0.0
03,22,1978,0.0
03,23,1978,0.0
03,24,1978,0.0
03,25,1978,0.0
03,26,1978,2.0
03,27,1978,0.0
03,28,1978,0.0
03,29,1978,0.0
03,30,1978,0.0
03,31,1978,0.0
04,01,1978,4.0
04,02,1978,1.0
04,03,1978,0.0
04,04,1978,0.0
04,05,1978,1.0
04,06,1978,0.0
04,07,1978,0.0
04,08,1978,0.0
04,09,1978,0.0
04,10,1978,0.0
04,11,1978,0.0
04,12,1978,0.0
04,13,1978,0.0
04,14,1978,0.0
04,15,1978,0.0
04,16,1978,0.0
04,17,1978,0.0
04,18,1978,0.0
04,19,1978,0.0
04,20,1978,0.0
04,21,1978,0.0
04,22,1978,0.0
04,23,1978,0.0
04,24,1978,0.0
04,25,1978,0.0
04,26,1978,0.0
04,27,1978,0.0
04,28,1978,0.0
04,29,1978,0.0
04,30,1978,0.0
05,01,1978,0.0
05,02,1978,0.0
05,03,1978,0.0
05,04,1978,0.0
05,05,1978,0.0
05,06,1978,0.0
05,07,1978,0.0
05,08,1978,0.0
05,09,1978,3.0
05,10,1978,0.0
05,11,1978,0.0
05,12,1978,0.0
05,13,1978,0.0
05,14,1978,0.0
05,15,1978,6.0
05,16,1978,0.0
05,17,1978,0.0
05,18,1978,0.0
05,19,1978,0.0
05,20,1978,0.0
05,21,1978,0.0
05,22,1978,5.0
05,23,1978,0.0
05,24,1978,6.0
05,25,1978,0.0
05,26,1978,0.0
05,27,1978,0.0
05,28,1978,0.0
05,29,1978,0.0
05,30,1978,10.0
05,31,1978,8.0
06,01,1978,9.0
06,02,1978,10.0
06,03,1978,2.0
06,04,1978,14.0
06,05,1978,0.0
06,06,1978,0.0
06,07,1978,0.0
06,08,1978,0.0
06,09,1978,0.0
06,10,1978,10.0
06,11,1978,0.0
06,12,1978,0.0
06,13,1978,0.0
06,14,1978,0.0
06,15,1978,0.0
06,16,1978,12.0
06,17,1978,0.0
06,18,1978,14.0
06,19,1978,2.0
06,20,1978,1.0
06,21,1978,0.0
06,22,1978,9.0
06,23,1978,5.0
06,24,1978,4.0
06,25,1978,3.0
06,26,1978,3.0
06,27,1978,7.0
06,28,1978,0.0
06,29,1978,12.0
06,30,1978,0.0
07,01,1978,10.0
07,02,1978,12.0
07,03,1978,12.0
07,04,1978,3.0
07,05,1978,0.0
07,06,1978,11.0
07,07,1978,1.0
07,08,1978,0.0
07,09,1978,0.0
07,10,1978,19.0
07,11,1978,8.0
07,12,1978,0.0
07,13,1978,4.0
07,14,1978,6.0
07,15,1978,10.0
07,16,1978,0.0
07,17,1978,0.0
07,18,1978,1.0
07,19,1978,0.0
07,20,1978,0.0
07,21,1978,1.0
07,22,1978,0.0
07,23,1978,1.0
07,24,1978,12.0
07,25,1978,3.0
07,26,1978,32.0
07,27,1978,1.0
07,28,1978,4.0
07,29,1978,15.0
07,30,1978,5.0
07,31,1978,15.0
08,01,1978,24.0
08,02,1978,7.0
08,03,1978,0.0
08,04,1978,0.0
08,05,1978,0.0
08,06,1978,0.0
08,07,1978,0.0
08,08,1978,1.0
08,09,1978,25.0
08,10,1978,6.0
08,11,1978,3.0
08,12,1978,12.0
08,13,1978,7.0
08,14,1978,5.0
08,15,1978,0.0
08,16,1978,1.0
08,17,1978,0.0
08,18,1978,5.0
08,19,1978,2.0
08,20,1978,0.0
08,21,1978,6.0
08,22,1978,4.0
08,23,1978,2.0
08,24,1978,0.0
08,25,1978,2.0
08,26,1978,0.0
08,27,1978,0.0
08,28,1978,4.0
08,29,1978,8.0
08,30,1978,10.0
08,31,1978,7.0
09,01,1978,10.0
09,02,1978,0.0
09,03,1978,0.0
09,04,1978,1.0
09,05,1978,7.0
09,06,1978,14.0
09,07,1978,2.0
09,08,1978,15.0
09,09,1978,0.0
09,10,1978,13.0
09,11,1978,0.0
09,12,1978,0.0
09,13,1978,4.0
09,14,1978,6.0
09,15,1978,0.0
09,16,1978,0.0
09,17,1978,2.0
09,18,1978,2.0
09,19,1978,0.0
09,20,1978,0.0
09,21,1978,0.0
09,22,1978,1.0
09,23,1978,6.0
09,24,1978,6.0
09,25,1978,0.0
09,26,1978,0.0
09,27,1978,0.0
09,28,1978,13.0
09,29,1978,5.0
09,30,1978,4.0
10,01,1978,4.0
10,02,1978,15.0
10,03,1978,4.0
10,04,1978,11.0
10,05,1978,6.0
10,06,1978,30.0
10,07,1978,20.0
10,08,1978,0.0
10,09,1978,0.0
10,10,1978,0.0
10,11,1978,0.0
10,12,1978,12.0
10,13,1978,10.0
10,14,1978,0.0
10,15,1978,0.0
10,16,1978,1.0
10,17,1978,0.0
10,18,1978,0.0
10,19,1978,0.0
10,20,1978,0.0
10,21,1978,0.0
10,22,1978,0.0
10,23,1978,0.0
10,24,1978,0.0
10,25,1978,11.0
10,26,1978,0.0
10,27,1978,11.0
10,28,1978,2.0
10,29,1978,2.0
10,30,1978,0.0
10,31,1978,0.0
11,01,1978,0.0
11,02,1978,0.0
11,03,1978,0.0
11,04,1978,0.0
11,05,1978,0.0
11,06,1978,0.0
11,07,1978,0.0
11,08,1978,0.0
11,09,1978,0.0
11,10,1978,0.0
11,11,1978,0.0
11,12,1978,0.0
11,13,1978,0.0
11,14,1978,0.0
11,15,1978,0.0
11,16,1978,0.0
11,17,1978,0.0
11,18,1978,0.0
11,19,1978,0.0
11,20,1978,0.0
11,21,1978,0.0
11,22,1978,0.0
11,23,1978,1.0
11,24,1978,0.0
11,25,1978,0.0
11,26,1978,13.0
11,27,1978,0.0
11,28,1978,0.0
11,29,1978,0.0
11,30,1978,0.0
12,01,1978,0.0
12,02,1978,0.0
12,03,1978,0.0
12,04,1978,0.0
12,05,1978,0.0
12,06,1978,0.0
12,07,1978,0.0
12,08,1978,0.0
12,09,1978,1.0
12,10,1978,0.0
12,11,1978,1.0
12,12,1978,0.0
12,13,1978,0.0
12,14,1978,0.0
12,15,1978,0.0
12,16,1978,0.0
12,17,1978,0.0
12,18,1978,0.0
12,19,1978,0.0
12,20,1978,0.0
12,21,1978,0.0
12,22,1978,0.0
12,23,1978,0.0
12,24,1978,0.0
12,25,1978,0.0
12,26,1978,0.0
12,27,1978,0.0
12,28,1978,0.0
12,29,1978,0.0
12,30,1978,0.0
12,31,1978,0.0
01,01,1979,0.0
01,02,1979,0.0
01,03,1979,0.0
01,04,1979,0.0
01,05,1979,0.0
01,06,1979,0.0
01,07,1979,0.0
01,08,1979,0.0
01,09,1979,0.0
01,10,1979,0.0
01,11,1979,0.0
01,12,1979,0.0
01,13,1979,0.0
01,14,1979,0.0
01,15,1979,0.0
01,16,1979,0.0
01,17,1979,0.0
01,18,1979,0.0
01,19,1979,0.0
01,20,1979,0.0
01,21,1979,0.0
01,22,1979,0.0
01,23,1979,0.0
01,24,1979,0.0
01,25,1979,0.0
01,26,1979,0.0
01,27,1979,0.0
01,28,1979,0.0
01,29,1979,0.0
01,30,1979,0.0
01,31,1979,0.0
02,01,1979,0.0
02,02,1979,0.0
02,03,1979,0.0
02,04,1979,0.0
02,05,1979,0.0
02,06,1979,3.0
02,07,1979,0.0
02,08,1979,0.0
02,09,1979,0.0
02,10,1979,0.0
02,11,1979,4.0
02,12,1979,3.0
02,13,1979,0.0
02,14,1979,0.0
02,15,1979,0.0
02,16,1979,0.0
02,17,1979,0.0
02,18,1979,0.0
02,19,1979,0.0
02,20,1979,0.0
02,21,1979,0.0
02,22,1979,0.0
02,23,1979,0.0
02,24,1979,0.0
02,25,1979,0.0
02,26,1979,0.0
02,27,1979,0.0
02,28,1979,0.0
03,01,1979,0.0
03,02,1979,0.0
03,03,1979,0.0
03,04,1979,0.0
03,05,1979,0.0
03,06,1979,0.0
03,07,1979,0.0
03,08,1979,0.0
03,09,1979,0.0
03,10,1979,0.0
03,11,1979,0.0
03,12,1979,0.0
03,13,1979,0.0
03,14,1979,0.0
03,15,1979,0.0
03,16,1979,0.0
03,17,1979,0.0
03,18,1979,0.0
03,19,1979,0.0
03,20,1979,0.0
03,21,1979,0.0
03,22,1979,0.0
03,23,1979,0.0
03,24,1979,0.0
03,25,1979,0.0
03,26,1979,0.0
03,27,1979,0.0
03,28,1979,0.0
03,29,1979,0.0
03,30,1979,0.0
03,31,1979,0.0
04,01,1979,0.0
04,02,1979,0.0
04,03,1979,0.0
04,04,1979,0.0
04,05,1979,0.0
04,06,1979,0.0
04,07,1979,0.0
04,08,1979,0.0
04,09,1979,0.0
04,10,1979,0.0
04,11,1979,0.0
04,12,1979,0.0
04,13,1979,0.0
04,14,1979,0.0
04,15,1979,0.0
04,16,1979,0.0
04,17,1979,0.0
04,18,1979,0.0
04,19,1979,3.0
04,20,1979,0.0
04,21,1979,0.0
04,22,1979,0.0
04,23,1979,0.0
04,24,1979,0.0
04,25,1979,0.0
04,26,1979,0.0
04,27,1979,0.0
04,28,1979,0.0
04,29,1979,0.0
04,30,1979,0.0
05,01,1979,0.0
05,02,1979,0.0
05,03,1979,0.0
05,04,1979,0.0
05,05,1979,0.0
05,06,1979,0.0
05,07,1979,0.0
05,08,1979,0.0
05,09,1979,0.0
05,10,1979,0.0
05,11,1979,0.0
05,12,1979,0.0
05,13,1979,0.0
05,14,1979,1.0
05,15,1979,0.0
05,16,1979,2.0
05,17,1979,0.0
05,18,1979,0.0
05,19,1979,0.0
05,20,1979,0.0
05,21,1979,38.0
05,22,1979,0.0
05,23,1979,0.0
05,24,1979,0.0
05,25,1979,0.0
05,26,1979,0.0
05,27,1979,5.0
05,28,1979,0.0
05,29,1979,0.0
05,30,1979,3.0
05,31,1979,0.0
06,01,1979,0.0
06,02,1979,0.0
06,03,1979,3.0
06,04,1979,16.0
06,05,1979,0.0
06,06,1979,0.0
06,07,1979,0.0
06,08,1979,9.0
06,09,1979,3.0
06,10,1979,0.0
06,11,1979,0.0
06,12,1979,0.0
06,13,1979,0.0
06,14,1979,0.0
06,15,1979,0.0
06,16,1979,0.0
06,17,1979,0.0
06,18,1979,0.0
06,19,1979,0.0
06,20,1979,1.0
06,21,1979,0.0
06,22,1979,0.0
06,23,1979,0.0
06,24,1979,0.0
06,25,1979,8.0
06,26,1979,7.0
06,27,1979,8.0
06,28,1979,7.0
06,29,1979,0.0
06,30,1979,0.0
07,01,1979,0.0
07,02,1979,0.0
07,03,1979,0.0
07,04,1979,6.0
07,05,1979,10.0
07,06,1979,0.0
07,07,1979,0.0
07,08,1979,20.0
07,09,1979,0.0
07,10,1979,7.0
07,11,1979,0.0
07,12,1979,28.0
07,13,1979,15.0
07,14,1979,0.0
07,15,1979,2.0
07,16,1979,0.0
07,17,1979,0.0
07,18,1979,5.0
07,19,1979,1.0
07,20,1979,0.0
07,21,1979,0.0
07,22,1979,6.0
07,23,1979,3.0
07,24,1979,0.0
07,25,1979,19.0
07,26,1979,1.0
07,27,1979,7.0
07,28,1979,9.0
07,29,1979,7.0
07,30,1979,8.0
07,31,1979,10.0
08,01,1979,0.0
08,02,1979,2.0
08,03,1979,5.0
08,04,1979,7.0
08,05,1979,0.0
08,06,1979,15.0
08,07,1979,0.0
08,08,1979,6.5
08,09,1979,18.0
08,10,1979,0.0
08,11,1979,0.0
08,12,1979,0.0
08,13,1979,10.0
08,14,1979,24.0
08,15,1979,20.0
08,16,1979,0.0
08,17,1979,0.0
08,18,1979,0.0
08,19,1979,5.5
08,20,1979,0.0
08,21,1979,0.0
08,22,1979,0.0
08,23,1979,0.0
08,24,1979,0.0
08,25,1979,0.0
08,26,1979,16.0
08,27,1979,0.0
08,28,1979,10.5
08,29,1979,2.0
08,30,1979,0.0
08,31,1979,0.0
09,01,1979,18.0
09,02,1979,6.5
09,03,1979,4.0
09,04,1979,9.0
09,05,1979,5.5
09,06,1979,0.0
09,07,1979,0.0
09,08,1979,0.0
09,09,1979,8.0
09,10,1979,2.0
09,11,1979,0.0
09,12,1979,15.0
09,13,1979,23.0
09,14,1979,0.0
09,15,1979,0.0
09,16,1979,0.0
09,17,1979,0.0
09,18,1979,3.0
09,19,1979,16.5
09,20,1979,0.0
09,21,1979,0.0
09,22,1979,0.0
09,23,1979,0.0
09,24,1979,0.0
09,25,1979,0.0
09,26,1979,0.0
09,27,1979,0.0
09,28,1979,0.0
09,29,1979,0.0
09,30,1979,0.0
10,01,1979,0.0
10,02,1979,0.0
10,03,1979,0.0
10,04,1979,0.0
10,05,1979,0.0
10,06,1979,0.0
10,07,1979,0.0
10,08,1979,0.0
10,09,1979,0.0
10,10,1979,0.0
10,11,1979,0.0
10,12,1979,0.0
10,13,1979,0.0
10,14,1979,0.0
10,15,1979,0.0
10,16,1979,0.0
10,17,1979,0.0
10,18,1979,0.0
10,19,1979,0.0
10,20,1979,2.0
10,21,1979,0.0
10,22,1979,0.0
10,23,1979,0.0
10,24,1979,0.0
10,25,1979,0.0
10,26,1979,0.0
10,27,1979,0.0
10,28,1979,0.0
10,29,1979,0.0
10,30,1979,0.0
10,31,1979,0.0
11,01,1979,0.0
11,02,1979,0.0
11,03,1979,0.0
11,04,1979,0.0
11,05,1979,0.0
11,06,1979,0.0
11,07,1979,0.0
11,08,1979,0.0
11,09,1979,0.0
11,10,1979,0.0
11,11,1979,0.0
11,12,1979,0.0
11,13,1979,0.0
11,14,1979,0.0
11,15,1979,0.0
11,16,1979,0.0
11,17,1979,0.0
11,18,1979,0.0
11,19,1979,0.0
11,20,1979,0.0
11,21,1979,4.0
11,22,1979,0.0
11,23,1979,1.0
11,24,1979,0.0
11,25,1979,0.0
11,26,1979,0.0
11,27,1979,0.0
11,28,1979,0.0
11,29,1979,0.0
11,30,1979,0.0
12,01,1979,0.0
12,02,1979,0.0
12,03,1979,29.0
12,04,1979,20.0
12,05,1979,16.0
12,06,1979,0.0
12,07,1979,0.0
12,08,1979,0.0
12,09,1979,0.0
12,10,1979,0.0
12,11,1979,0.0
12,12,1979,0.0
12,13,1979,0.0
12,14,1979,22.5
12,15,1979,0.0
12,16,1979,0.0
12,17,1979,2.0
12,18,1979,0.0
12,19,1979,0.0
12,20,1979,0.0
12,21,1979,0.0
12,22,1979,0.0
12,23,1979,0.0
12,24,1979,0.0
12,25,1979,0.0
12,26,1979,0.0
12,27,1979,0.0
12,28,1979,0.0
12,29,1979,0.0
12,30,1979,0.0
12,31,1979,0.0
01,01,1980,0.0
01,02,1980,0.0
01,03,1980,0.0
01,04,1980,0.0
01,05,1980,0.0
01,06,1980,0.0
01,07,1980,0.0
01,08,1980,0.0
01,09,1980,0.0
01,10,1980,0.0
01,11,1980,0.0
01,12,1980,0.0
01,13,1980,0.0
01,14,1980,0.0
01,15,1980,0.0
01,16,1980,0.0
01,17,1980,0.0
01,18,1980,0.0
01,19,1980,0.0
01,20,1980,0.0
01,21,1980,5.0
01,22,1980,14.5
01,23,1980,21.0
01,24,1980,36.0
01,25,1980,46.0
01,26,1980,2.0
01,27,1980,0.0
01,28,1980,0.0
01,29,1980,0.0
01,30,1980,0.0
01,31,1980,0.0
02,01,1980,0.0
02,02,1980,0.0
02,03,1980,0.0
02,04,1980,0.0
02,05,1980,0.0
02,06,1980,0.0
02,07,1980,0.0
02,08,1980,0.0
02,09,1980,0.0
02,10,1980,0.0
02,11,1980,0.0
02,12,1980,0.0
02,13,1980,0.0
02,14,1980,0.0
02,15,1980,0.0
02,16,1980,0.0
02,17,1980,0.0
02,18,1980,0.0
02,19,1980,0.0
02,20,1980,0.0
02,21,1980,0.0
02,22,1980,0.0
02,23,1980,0.0
02,24,1980,0.0
02,25,1980,0.0
02,26,1980,0.0
02,27,1980,2.0
02,28,1980,0.0
02,29,1980,0.0
03,01,1980,0.0
03,02,1980,0.0
03,03,1980,0.0
03,04,1980,0.0
03,05,1980,0.0
03,06,1980,0.0
03,07,1980,0.0
03,08,1980,0.0
03,09,1980,0.0
03,10,1980,0.0
03,11,1980,0.0
03,12,1980,0.0
03,13,1980,0.0
03,14,1980,0.0
03,15,1980,0.0
03,16,1980,0.0
03,17,1980,0.0
03,18,1980,0.0
03,19,1980,0.0
03,20,1980,0.0
03,21,1980,0.0
03,22,1980,0.0
03,23,1980,0.0
03,24,1980,0.0
03,25,1980,0.0
03,26,1980,0.0
03,27,1980,0.0
03,28,1980,0.0
03,29,1980,0.0
03,30,1980,0.0
03,31,1980,0.0
04,01,1980,0.0
04,02,1980,0.0
04,03,1980,0.0
04,04,1980,1.0
04,05,1980,5.0
04,06,1980,0.0
04,07,1980,0.0
04,08,1980,5.0
04,09,1980,0.0
04,10,1980,0.0
04,11,1980,0.0
04,12,1980,0.0
04,13,1980,0.0
04,14,1980,0.0
04,15,1980,0.0
04,16,1980,0.0
04,17,1980,1.0
04,18,1980,19.0
04,19,1980,0.0
04,20,1980,0.0
04,21,1980,0.0
04,22,1980,0.0
04,23,1980,0.0
04,24,1980,0.0
04,25,1980,0.0
04,26,1980,0.0
04,27,1980,0.0
04,28,1980,0.0
04,29,1980,0.0
04,30,1980,0.0
05,01,1980,0.0
05,02,1980,0.0
05,03,1980,0.0
05,04,1980,0.0
05,05,1980,0.0
05,06,1980,7.0
05,07,1980,0.0
05,08,1980,4.5
05,09,1980,0.0
05,10,1980,0.0
05,11,1980,5.0
05,12,1980,4.5
05,13,1980,0.0
05,14,1980,0.0
05,15,1980,0.0
05,16,1980,0.0
05,17,1980,0.0
05,18,1980,5.0
05,19,1980,1.0
05,20,1980,0.0
05,21,1980,0.0
05,22,1980,0.0
05,23,1980,2.5
05,24,1980,0.0
05,25,1980,0.0
05,26,1980,3.0
05,27,1980,4.5
05,28,1980,1.0
05,29,1980,0.0
05,30,1980,0.0
05,31,1980,0.0
06,01,1980,0.0
06,02,1980,0.0
06,03,1980,0.0
06,04,1980,0.0
06,05,1980,1.0
06,06,1980,11.0
06,07,1980,0.0
06,08,1980,0.0
06,09,1980,0.0
06,10,1980,0.0
06,11,1980,0.0
06,12,1980,0.0
06,13,1980,0.0
06,14,1980,0.0
06,15,1980,0.0
06,16,1980,0.0
06,17,1980,0.0
06,18,1980,0.0
06,19,1980,3.0
06,20,1980,0.0
06,21,1980,2.0
06,22,1980,7.0
06,23,1980,7.0
06,24,1980,0.0
06,25,1980,10.0
06,26,1980,11.0
06,27,1980,34.0
06,28,1980,0.0
06,29,1980,6.5
06,30,1980,15.0
07,01,1980,0.0
07,02,1980,0.0
07,03,1980,0.0
07,04,1980,1.0
07,05,1980,0.0
07,06,1980,0.0
07,07,1980,0.0
07,08,1980,0.0
07,09,1980,21.0
07,10,1980,17.0
07,11,1980,4.0
07,12,1980,0.0
07,13,1980,0.0
07,14,1980,0.0
07,15,1980,3.5
07,16,1980,0.0
07,17,1980,2.1
07,18,1980,0.0
07,19,1980,2.0
07,20,1980,24.5
07,21,1980,9.0
07,22,1980,0.0
07,23,1980,0.0
07,24,1980,0.0
07,25,1980,0.0
07,26,1980,23.0
07,27,1980,4.0
07,28,1980,3.0
07,29,1980,9.0
07,30,1980,3.0
07,31,1980,0.0
08,01,1980,5.0
08,02,1980,6.0
08,03,1980,6.0
08,04,1980,0.0
08,05,1980,1.5
08,06,1980,22.0
08,07,1980,4.5
08,08,1980,7.5
08,09,1980,11.5
08,10,1980,0.0
08,11,1980,9.0
08,12,1980,14.0
08,13,1980,19.0
08,14,1980,0.0
08,15,1980,5.0
08,16,1980,13.0
08,17,1980,12.0
08,18,1980,10.0
08,19,1980,6.0
08,20,1980,5.0
08,21,1980,0.0
08,22,1980,0.0
08,23,1980,0.0
08,24,1980,0.0
08,25,1980,9.0
08,26,1980,10.0
08,27,1980,13.0
08,28,1980,0.0
08,29,1980,3.0
08,30,1980,2.0
08,31,1980,1.0
09,01,1980,5.0
09,02,1980,1.0
09,03,1980,5.0
09,04,1980,12.0
09,05,1980,11.0
09,06,1980,20.0
09,07,1980,9.0
09,08,1980,13.0
09,09,1980,18.5
09,10,1980,0.0
09,11,1980,1.0
09,12,1980,2.0
09,13,1980,16.0
09,14,1980,0.0
09,15,1980,0.0
09,16,1980,0.0
09,17,1980,0.0
09,18,1980,0.0
09,19,1980,0.0
09,20,1980,0.0
09,21,1980,12.0
09,22,1980,9.0
09,23,1980,0.0
09,24,1980,0.0
09,25,1980,2.5
09,26,1980,7.0
09,27,1980,0.0
09,28,1980,11.0
09,29,1980,6.0
09,30,1980,0.0
10,01,1980,0.0
10,02,1980,0.0
10,03,1980,0.0
10,04,1980,0.0
10,05,1980,0.0
10,06,1980,0.0
10,07,1980,0.0
10,08,1980,0.0
10,09,1980,0.0
10,10,1980,2.0
10,11,1980,0.0
10,12,1980,0.0
10,13,1980,13.0
10,14,1980,0.0
10,15,1980,0.0
10,16,1980,4.5
10,17,1980,0.0
10,18,1980,0.0
10,19,1980,0.0
10,20,1980,0.0
10,21,1980,0.0
10,22,1980,7.0
10,23,1980,7.0
10,24,1980,0.0
10,25,1980,0.0
10,26,1980,0.0
10,27,1980,0.0
10,28,1980,5.0
10,29,1980,2.0
10,30,1980,17.0
10,31,1980,18.0
11,01,1980,8.0
11,02,1980,10.0
11,03,1980,0.0
11,04,1980,1.0
11,05,1980,1.0
11,06,1980,0.0
11,07,1980,0.0
11,08,1980,0.0
11,09,1980,0.0
11,10,1980,0.0
11,11,1980,0.0
11,12,1980,0.0
11,13,1980,0.0
11,14,1980,0.0
11,15,1980,0.0
11,16,1980,0.0
11,17,1980,0.0
11,18,1980,0.0
11,19,1980,0.0
11,20,1980,0.0
11,21,1980,1.0
11,22,1980,0.0
11,23,1980,0.0
11,24,1980,0.0
11,25,1980,0.0
11,26,1980,0.0
11,27,1980,0.0
11,28,1980,0.0
11,29,1980,0.0
11,30,1980,0.0
12,01,1980,0.0
12,02,1980,0.0
12,03,1980,0.0
12,04,1980,0.0
12,05,1980,0.0
12,06,1980,0.0
12,07,1980,0.0
12,08,1980,0.0
12,09,1980,0.0
12,10,1980,0.0
12,11,1980,0.0
12,12,1980,0.0
12,13,1980,0.0
12,14,1980,0.0
12,15,1980,0.0
12,16,1980,0.0
12,17,1980,0.0
12,18,1980,0.0
12,19,1980,0.0
12,20,1980,0.0
12,21,1980,0.0
12,22,1980,0.0
12,23,1980,0.0
12,24,1980,0.0
12,25,1980,0.0
12,26,1980,0.0
12,27,1980,0.0
12,28,1980,0.0
12,29,1980,0.0
12,30,1980,0.0
12,31,1980,0.0
01,01,1981,0.0
01,02,1981,0.0
01,03,1981,0.0
01,04,1981,0.0
01,05,1981,0.0
01,06,1981,0.0
01,07,1981,0.0
01,08,1981,0.0
01,09,1981,0.0
01,10,1981,0.0
01,11,1981,0.0
01,12,1981,4.0
01,13,1981,0.0
01,14,1981,0.0
01,15,1981,0.0
01,16,1981,6.0
01,17,1981,28.0
01,18,1981,30.0
01,19,1981,0.0
01,20,1981,0.0
01,21,1981,0.0
01,22,1981,1.0
01,23,1981,0.0
01,24,1981,0.0
01,25,1981,0.0
01,26,1981,0.0
01,27,1981,0.0
01,28,1981,0.0
01,29,1981,0.0
01,30,1981,0.0
01,31,1981,0.0
02,01,1981,0.0
02,02,1981,0.0
02,03,1981,0.0
02,04,1981,0.0
02,05,1981,0.0
02,06,1981,0.0
02,07,1981,0.0
02,08,1981,0.0
02,09,1981,0.0
02,10,1981,0.0
02,11,1981,0.0
02,12,1981,0.0
02,13,1981,0.0
02,14,1981,0.0
02,15,1981,0.0
02,16,1981,0.0
02,17,1981,0.0
02,18,1981,0.0
02,19,1981,0.0
02,20,1981,0.0
02,21,1981,0.0
02,22,1981,0.0
02,23,1981,13.0
02,24,1981,0.0
02,25,1981,0.0
02,26,1981,0.0
02,27,1981,0.0
02,28,1981,0.0
03,01,1981,0.0
03,02,1981,0.0
03,03,1981,0.0
03,04,1981,0.0
03,05,1981,0.0
03,06,1981,0.0
03,07,1981,0.0
03,08,1981,0.0
03,09,1981,0.0
03,10,1981,0.0
03,11,1981,0.0
03,12,1981,1.0
03,13,1981,0.0
03,14,1981,0.0
03,15,1981,0.0
03,16,1981,0.0
03,17,1981,0.0
03,18,1981,0.0
03,19,1981,0.0
03,20,1981,0.0
03,21,1981,0.0
03,22,1981,0.0
03,23,1981,0.0
03,24,1981,0.0
03,25,1981,0.0
03,26,1981,0.0
03,27,1981,0.0
03,28,1981,0.0
03,29,1981,0.0
03,30,1981,0.0
03,31,1981,0.0
04,01,1981,0.0
04,02,1981,0.0
04,03,1981,0.0
04,04,1981,0.0
04,05,1981,0.0
04,06,1981,0.0
04,07,1981,0.0
04,08,1981,1.0
04,09,1981,0.0
04,10,1981,0.0
04,11,1981,10.0
04,12,1981,1.0
04,13,1981,5.0
04,14,1981,2.5
04,15,1981,0.0
04,16,1981,38.0
04,17,1981,1.0
04,18,1981,0.0
04,19,1981,0.0
04,20,1981,0.0
04,21,1981,0.0
04,22,1981,0.0
04,23,1981,0.0
04,24,1981,0.0
04,25,1981,0.0
04,26,1981,0.0
04,27,1981,0.0
04,28,1981,0.0
04,29,1981,0.0
04,30,1981,0.0
05,01,1981,0.0
05,02,1981,0.0
05,03,1981,0.0
05,04,1981,0.0
05,05,1981,0.0
05,06,1981,0.0
05,07,1981,0.0
05,08,1981,0.0
05,09,1981,0.0
05,10,1981,0.0
05,11,1981,0.0
05,12,1981,0.0
05,13,1981,0.0
05,14,1981,4.0
05,15,1981,0.0
05,16,1981,0.0
05,17,1981,0.0
05,18,1981,0.0
05,19,1981,0.0
05,20,1981,11.0
05,21,1981,0.0
05,22,1981,0.0
05,23,1981,0.0
05,24,1981,0.0
05,25,1981,0.0
05,26,1981,1.5
05,27,1981,1.0
05,28,1981,27.0
05,29,1981,1.0
05,30,1981,5.5
05,31,1981,0.0
06,01,1981,0.0
06,02,1981,0.0
06,03,1981,0.0
06,04,1981,5.5
06,05,1981,16.5
06,06,1981,30.0
06,07,1981,0.0
06,08,1981,0.0
06,09,1981,0.0
06,10,1981,0.0
06,11,1981,0.0
06,12,1981,0.0
06,13,1981,2.0
06,14,1981,12.2
06,15,1981,18.1
06,16,1981,19.0
06,17,1981,0.0
06,18,1981,6.5
06,19,1981,1.5
06,20,1981,3.5
06,21,1981,0.5
06,22,1981,0.0
06,23,1981,5.0
06,24,1981,0.0
06,25,1981,0.0
06,26,1981,0.0
06,27,1981,0.0
06,28,1981,4.5
06,29,1981,9.0
06,30,1981,0.0
07,01,1981,6.5
07,02,1981,10.8
07,03,1981,0.0
07,04,1981,3.2
07,05,1981,0.0
07,06,1981,0.0
07,07,1981,14.0
07,08,1981,17.0
07,09,1981,22.0
07,10,1981,15.0
07,11,1981,27.5
07,12,1981,1.0
07,13,1981,0.0
07,14,1981,0.0
07,15,1981,2.0
07,16,1981,15.5
07,17,1981,9.5
07,18,1981,1.0
07,19,1981,0.0
07,20,1981,0.0
07,21,1981,24.5
07,22,1981,8.0
07,23,1981,0.0
07,24,1981,2.0
07,25,1981,20.0
07,26,1981,10.5
07,27,1981,15.0
07,28,1981,5.5
07,29,1981,0.0
07,30,1981,0.0
07,31,1981,0.0
08,01,1981,0.0
08,02,1981,5.0
08,03,1981,6.5
08,04,1981,0.0
08,05,1981,8.0
08,06,1981,0.0
08,07,1981,2.0
08,08,1981,0.0
08,09,1981,0.0
08,10,1981,20.5
08,11,1981,0.0
08,12,1981,0.0
08,13,1981,21.0
08,14,1981,3.0
08,15,1981,0.0
08,16,1981,4.0
08,17,1981,0.0
08,18,1981,0.0
08,19,1981,0.0
08,20,1981,0.0
08,21,1981,41.0
08,22,1981,20.0
08,23,1981,5.0
08,24,1981,0.0
08,25,1981,0.0
08,26,1981,0.0
08,27,1981,2.5
08,28,1981,13.0
08,29,1981,5.5
08,30,1981,5.0
08,31,1981,1.5
09,01,1981,0.0
09,02,1981,16.0
09,03,1981,26.0
09,04,1981,1.0
09,05,1981,5.0
09,06,1981,11.0
09,07,1981,0.0
09,08,1981,0.0
09,09,1981,8.0
09,10,1981,8.5
09,11,1981,0.0
09,12,1981,0.0
09,13,1981,0.0
09,14,1981,0.0
09,15,1981,0.0
09,16,1981,0.0
09,17,1981,0.0
09,18,1981,0.0
09,19,1981,0.0
09,20,1981,0.0
09,21,1981,0.0
09,22,1981,0.0
09,23,1981,0.0
09,24,1981,0.0
09,25,1981,0.0
09,26,1981,3.0
09,27,1981,0.0
09,28,1981,1.0
09,29,1981,0.0
09,30,1981,35.5
10,01,1981,0.0
10,02,1981,0.0
10,03,1981,4.5
10,04,1981,5.0
10,05,1981,9.5
10,06,1981,4.0
10,07,1981,2.5
10,08,1981,1.0
10,09,1981,8.0
10,10,1981,4.0
10,11,1981,3.0
10,12,1981,2.0
10,13,1981,18.0
10,14,1981,4.0
10,15,1981,0.0
10,16,1981,0.0
10,17,1981,0.0
10,18,1981,0.0
10,19,1981,0.0
10,20,1981,0.0
10,21,1981,0.0
10,22,1981,0.0
10,23,1981,0.0
10,24,1981,0.0
10,25,1981,0.0
10,26,1981,0.0
10,27,1981,2.5
10,28,1981,3.0
10,29,1981,1.0
10,30,1981,0.0
10,31,1981,3.5
11,01,1981,0.0
11,02,1981,0.0
11,03,1981,4.0
11,04,1981,0.0
11,05,1981,0.0
11,06,1981,0.0
11,07,1981,0.0
11,08,1981,0.0
11,09,1981,0.0
11,10,1981,0.0
11,11,1981,0.0
11,12,1981,0.0
11,13,1981,0.0
11,14,1981,0.0
11,15,1981,0.0
11,16,1981,0.0
11,17,1981,0.0
11,18,1981,0.0
11,19,1981,0.0
11,20,1981,0.0
11,21,1981,0.0
11,22,1981,0.0
11,23,1981,0.0
11,24,1981,0.0
11,25,1981,0.0
11,26,1981,0.0
11,27,1981,0.0
11,28,1981,0.0
11,29,1981,0.0
11,30,1981,0.0
12,01,1981,0.0
12,02,1981,0.0
12,03,1981,4.0
12,04,1981,0.0
12,05,1981,5.5
12,06,1981,0.0
12,07,1981,0.0
12,08,1981,0.0
12,09,1981,0.0
12,10,1981,8.5
12,11,1981,0.0
12,12,1981,0.0
12,13,1981,0.0
12,14,1981,0.0
12,15,1981,0.0
12,16,1981,0.0
12,17,1981,0.0
12,18,1981,0.0
12,19,1981,0.0
12,20,1981,0.0
12,21,1981,0.0
12,22,1981,0.0
12,23,1981,0.0
12,24,1981,0.0
12,25,1981,0.0
12,26,1981,0.0
12,27,1981,0.0
12,28,1981,0.0
12,29,1981,0.0
12,30,1981,0.0
12,31,1981,0.0
01,01,1982,0.0
01,02,1982,0.0
01,03,1982,0.0
01,04,1982,0.0
01,05,1982,0.0
01,06,1982,0.0
01,07,1982,0.0
01,08,1982,0.0
01,09,1982,0.0
01,10,1982,0.0
01,11,1982,0.0
01,12,1982,0.0
01,13,1982,0.0
01,14,1982,0.0
01,15,1982,0.0
01,16,1982,0.0
01,17,1982,0.0
01,18,1982,0.0
01,19,1982,0.0
01,20,1982,0.0
01,21,1982,0.0
01,22,1982,0.0
01,23,1982,0.0
01,24,1982,0.0
01,25,1982,0.0
01,26,1982,0.0
01,27,1982,0.0
01,28,1982,0.0
01,29,1982,0.0
01,30,1982,0.0
01,31,1982,0.0
02,01,1982,0.0
02,02,1982,0.0
02,03,1982,0.0
02,04,1982,0.0
02,05,1982,0.0
02,06,1982,0.0
02,07,1982,0.0
02,08,1982,0.0
02,09,1982,0.0
02,10,1982,0.0
02,11,1982,0.0
02,12,1982,0.0
02,13,1982,4.0
02,14,1982,0.0
02,15,1982,0.0
02,16,1982,0.0
02,17,1982,0.0
02,18,1982,0.0
02,19,1982,0.0
02,20,1982,0.0
02,21,1982,0.0
02,22,1982,0.0
02,23,1982,6.0
02,24,1982,0.0
02,25,1982,0.0
02,26,1982,0.0
02,27,1982,0.0
02,28,1982,0.0
03,01,1982,0.0
03,02,1982,0.0
03,03,1982,0.0
03,04,1982,0.0
03,05,1982,0.0
03,06,1982,0.0
03,07,1982,0.0
03,08,1982,0.0
03,09,1982,0.0
03,10,1982,0.0
03,11,1982,0.0
03,12,1982,0.0
03,13,1982,0.0
03,14,1982,0.0
03,15,1982,0.0
03,16,1982,0.0
03,17,1982,0.0
03,18,1982,1.5
03,19,1982,0.0
03,20,1982,0.0
03,21,1982,0.0
03,22,1982,0.0
03,23,1982,0.0
03,24,1982,0.0
03,25,1982,0.0
03,26,1982,0.0
03,27,1982,0.0
03,28,1982,0.0
03,29,1982,0.0
03,30,1982,0.0
03,31,1982,0.0
04,01,1982,0.0
04,02,1982,0.0
04,03,1982,0.0
04,04,1982,0.0
04,05,1982,0.0
04,06,1982,0.0
04,07,1982,0.0
04,08,1982,0.0
04,09,1982,0.0
04,10,1982,0.0
04,11,1982,0.0
04,12,1982,0.0
04,13,1982,0.0
04,14,1982,0.0
04,15,1982,0.0
04,16,1982,3.0
04,17,1982,0.0
04,18,1982,0.0
04,19,1982,0.0
04,20,1982,4.0
04,21,1982,0.0
04,22,1982,0.0
04,23,1982,0.0
04,24,1982,4.0
04,25,1982,0.0
04,26,1982,0.0
04,27,1982,0.0
04,28,1982,0.0
04,29,1982,0.0
04,30,1982,0.0
05,01,1982,0.0
05,02,1982,0.0
05,03,1982,0.0
05,04,1982,0.0
05,05,1982,0.0
05,06,1982,0.0
05,07,1982,0.0
05,08,1982,0.0
05,09,1982,0.0
05,10,1982,0.0
05,11,1982,0.0
05,12,1982,0.0
05,13,1982,0.0
05,14,1982,0.0
05,15,1982,11.3
05,16,1982,2.0
05,17,1982,3.5
05,18,1982,10.0
05,19,1982,0.0
05,20,1982,11.5
05,21,1982,0.0
05,22,1982,3.5
05,23,1982,2.0
05,24,1982,3.5
05,25,1982,0.0
05,26,1982,0.0
05,27,1982,0.0
05,28,1982,0.0
05,29,1982,10.0
05,30,1982,0.0
05,31,1982,0.0
06,01,1982,0.0
06,02,1982,0.0
06,03,1982,0.0
06,04,1982,0.0
06,05,1982,0.0
06,06,1982,0.0
06,07,1982,0.0
06,08,1982,0.0
06,09,1982,0.0
06,10,1982,0.0
06,11,1982,10.0
06,12,1982,8.0
06,13,1982,0.0
06,14,1982,0.0
06,15,1982,0.0
06,16,1982,0.0
06,17,1982,0.0
06,18,1982,0.0
06,19,1982,0.0
06,20,1982,2.5
06,21,1982,0.0
06,22,1982,0.0
06,23,1982,3.5
06,24,1982,0.0
06,25,1982,0.0
06,26,1982,0.0
06,27,1982,0.0
06,28,1982,3.0
06,29,1982,5.5
06,30,1982,11.5
07,01,1982,15.5
07,02,1982,2.0
07,03,1982,0.0
07,04,1982,20.0
07,05,1982,1.0
07,06,1982,8.0
07,07,1982,3.0
07,08,1982,12.5
07,09,1982,0.0
07,10,1982,0.0
07,11,1982,14.0
07,12,1982,11.5
07,13,1982,0.0
07,14,1982,1.0
07,15,1982,7.0
07,16,1982,8.0
07,17,1982,10.9
07,18,1982,25.0
07,19,1982,15.5
07,20,1982,5.0
07,21,1982,0.0
07,22,1982,0.0
07,23,1982,0.0
07,24,1982,34.5
07,25,1982,0.0
07,26,1982,12.0
07,27,1982,25.0
07,28,1982,0.0
07,29,1982,0.0
07,30,1982,0.0
07,31,1982,1.0
08,01,1982,0.0
08,02,1982,6.0
08,03,1982,3.5
08,04,1982,14.0
08,05,1982,0.0
08,06,1982,0.0
08,07,1982,6.0
08,08,1982,0.0
08,09,1982,9.0
08,10,1982,2.5
08,11,1982,0.0
08,12,1982,12.0
08,13,1982,3.0
08,14,1982,5.0
08,15,1982,3.0
08,16,1982,0.0
08,17,1982,0.0
08,18,1982,0.0
08,19,1982,21.0
08,20,1982,4.0
08,21,1982,16.5
08,22,1982,26.0
08,23,1982,0.0
08,24,1982,0.0
08,25,1982,7.0
08,26,1982,0.0
08,27,1982,0.0
08,28,1982,0.0
08,29,1982,0.0
08,30,1982,0.0
08,31,1982,2.0
09,01,1982,0.0
09,02,1982,0.0
09,03,1982,0.0
09,04,1982,0.0
09,05,1982,0.0
09,06,1982,5.0
09,07,1982,5.0
09,08,1982,0.0
09,09,1982,0.0
09,10,1982,0.0
09,11,1982,14.5
09,12,1982,2.0
09,13,1982,7.0
09,14,1982,0.0
09,15,1982,0.0
09,16,1982,0.0
09,17,1982,0.0
09,18,1982,0.0
09,19,1982,0.0
09,20,1982,0.0
09,21,1982,0.0
09,22,1982,0.0
09,23,1982,0.0
09,24,1982,2.5
09,25,1982,0.0
09,26,1982,0.0
09,27,1982,0.0
09,28,1982,0.0
09,29,1982,0.0
09,30,1982,0.0
10,01,1982,0.0
10,02,1982,0.0
10,03,1982,0.0
10,04,1982,0.0
10,05,1982,5.5
10,06,1982,2.5
10,07,1982,9.0
10,08,1982,11.0
10,09,1982,2.0
10,10,1982,0.0
10,11,1982,0.0
10,12,1982,22.0
10,13,1982,10.0
10,14,1982,1.0
10,15,1982,0.0
10,16,1982,0.0
10,17,1982,0.0
10,18,1982,0.0
10,19,1982,0.0
10,20,1982,0.0
10,21,1982,0.0
10,22,1982,0.0
10,23,1982,0.0
10,24,1982,0.0
10,25,1982,0.0
10,26,1982,0.0
10,27,1982,0.0
10,28,1982,0.0
10,29,1982,0.0
10,30,1982,0.0
10,31,1982,0.0
11,01,1982,0.0
11,02,1982,13.0
11,03,1982,6.0
11,04,1982,0.0
11,05,1982,0.0
11,06,1982,0.0
11,07,1982,0.0
11,08,1982,0.0
11,09,1982,0.0
11,10,1982,0.0
11,11,1982,0.0
11,12,1982,0.0
11,13,1982,0.0
11,14,1982,0.0
11,15,1982,0.0
11,16,1982,0.0
11,17,1982,0.0
11,18,1982,0.0
11,19,1982,0.0
11,20,1982,0.0
11,21,1982,0.0
11,22,1982,0.0
11,23,1982,0.0
11,24,1982,0.0
11,25,1982,0.0
11,26,1982,0.0
11,27,1982,0.0
11,28,1982,0.0
11,29,1982,0.0
11,30,1982,0.0
12,01,1982,0.0
12,02,1982,0.0
12,03,1982,0.0
12,04,1982,0.0
12,05,1982,0.0
12,06,1982,0.0
12,07,1982,0.0
12,08,1982,0.0
12,09,1982,0.0
12,10,1982,0.0
12,11,1982,0.0
12,12,1982,3.0
12,13,1982,10.5
12,14,1982,0.0
12,15,1982,0.0
12,16,1982,0.0
12,17,1982,0.0
12,18,1982,0.0
12,19,1982,0.0
12,20,1982,0.0
12,21,1982,0.0
12,22,1982,0.0
12,23,1982,0.0
12,24,1982,0.0
12,25,1982,0.0
12,26,1982,0.0
12,27,1982,0.0
12,28,1982,0.0
12,29,1982,2.5
12,30,1982,0.0
12,31,1982,11.0
01,01,1983,0.0
01,02,1983,0.0
01,03,1983,0.0
01,04,1983,0.0
01,05,1983,0.0
01,06,1983,0.0
01,07,1983,0.0
01,08,1983,0.0
01,09,1983,0.0
01,10,1983,0.0
01,11,1983,0.0
01,12,1983,0.0
01,13,1983,0.0
01,14,1983,0.0
01,15,1983,9.0
01,16,1983,0.0
01,17,1983,0.0
01,18,1983,18.0
01,19,1983,1.0
01,20,1983,0.0
01,21,1983,0.0
01,22,1983,0.0
01,23,1983,0.0
01,24,1983,0.0
01,25,1983,0.0
01,26,1983,0.0
01,27,1983,0.0
01,28,1983,0.0
01,29,1983,0.0
01,30,1983,0.0
01,31,1983,0.0
02,01,1983,0.0
02,02,1983,0.0
02,03,1983,0.0
02,04,1983,0.0
02,05,1983,0.0
02,06,1983,0.0
02,07,1983,0.0
02,08,1983,0.0
02,09,1983,0.0
02,10,1983,0.0
02,11,1983,3.0
02,12,1983,0.0
02,13,1983,0.0
02,14,1983,0.0
02,15,1983,0.0
02,16,1983,0.0
02,17,1983,0.0
02,18,1983,0.0
02,19,1983,1.0
02,20,1983,0.0
02,21,1983,0.0
02,22,1983,0.0
02,23,1983,0.0
02,24,1983,2.0
02,25,1983,7.0
02,26,1983,0.0
02,27,1983,0.0
02,28,1983,0.0
03,01,1983,0.0
03,02,1983,0.0
03,03,1983,0.0
03,04,1983,0.0
03,05,1983,0.0
03,06,1983,0.0
03,07,1983,0.0
03,08,1983,0.0
03,09,1983,0.0
03,10,1983,0.0
03,11,1983,0.0
03,12,1983,2.0
03,13,1983,9.0
03,14,1983,0.0
03,15,1983,0.0
03,16,1983,0.0
03,17,1983,0.0
03,18,1983,0.0
03,19,1983,0.0
03,20,1983,0.0
03,21,1983,0.0
03,22,1983,0.0
03,23,1983,0.0
03,24,1983,0.0
03,25,1983,0.0
03,26,1983,0.0
03,27,1983,0.0
03,28,1983,0.0
03,29,1983,0.0
03,30,1983,0.0
03,31,1983,0.0
04,01,1983,0.0
04,02,1983,0.0
04,03,1983,0.0
04,04,1983,0.0
04,05,1983,0.0
04,06,1983,0.0
04,07,1983,0.0
04,08,1983,0.0
04,09,1983,0.0
04,10,1983,0.0
04,11,1983,0.0
04,12,1983,0.0
04,13,1983,0.0
04,14,1983,0.0
04,15,1983,0.0
04,16,1983,0.0
04,17,1983,0.0
04,18,1983,0.0
04,19,1983,0.0
04,20,1983,0.0
04,21,1983,0.0
04,22,1983,0.0
04,23,1983,0.0
04,24,1983,0.0
04,25,1983,0.0
04,26,1983,0.0
04,27,1983,0.0
04,28,1983,0.0
04,29,1983,0.0
04,30,1983,0.0
05,01,1983,0.0
05,02,1983,0.0
05,03,1983,0.0
05,04,1983,0.0
05,05,1983,0.0
05,06,1983,0.0
05,07,1983,0.0
05,08,1983,0.0
05,09,1983,0.0
05,10,1983,0.0
05,11,1983,0.0
05,12,1983,0.0
05,13,1983,0.0
05,14,1983,0.0
05,15,1983,0.0
05,16,1983,0.0
05,17,1983,0.0
05,18,1983,0.0
05,19,1983,0.0
05,20,1983,0.0
05,21,1983,0.0
05,22,1983,3.0
05,23,1983,5.0
05,24,1983,0.0
05,25,1983,28.0
05,26,1983,27.0
05,27,1983,0.0
05,28,1983,0.0
05,29,1983,0.0
05,30,1983,0.0
05,31,1983,0.0
06,01,1983,0.0
06,02,1983,0.0
06,03,1983,0.0
06,04,1983,0.0
06,05,1983,0.0
06,06,1983,0.0
06,07,1983,1.0
06,08,1983,0.0
06,09,1983,0.0
06,10,1983,0.0
06,11,1983,0.0
06,12,1983,0.0
06,13,1983,5.5
06,14,1983,0.0
06,15,1983,2.5
06,16,1983,0.0
06,17,1983,31.0
06,18,1983,0.0
06,19,1983,0.0
06,20,1983,10.0
06,21,1983,0.0
06,22,1983,0.0
06,23,1983,11.0
06,24,1983,0.0
06,25,1983,0.0
06,26,1983,0.0
06,27,1983,0.0
06,28,1983,0.0
06,29,1983,0.0
06,30,1983,10.5
07,01,1983,27.5
07,02,1983,1.0
07,03,1983,0.0
07,04,1983,2.5
07,05,1983,30.0
07,06,1983,12.0
07,07,1983,4.0
07,08,1983,0.0
07,09,1983,0.0
07,10,1983,6.0
07,11,1983,21.0
07,12,1983,13.0
07,13,1983,18.0
07,14,1983,21.0
07,15,1983,6.0
07,16,1983,21.0
07,17,1983,15.0
07,18,1983,4.0
07,19,1983,10.0
07,20,1983,29.0
07,21,1983,0.5
07,22,1983,19.0
07,23,1983,4.5
07,24,1983,0.0
07,25,1983,8.5
07,26,1983,16.0
07,27,1983,12.5
07,28,1983,13.5
07,29,1983,14.0
07,30,1983,0.0
07,31,1983,5.5
08,01,1983,6.0
08,02,1983,8.0
08,03,1983,1.0
08,04,1983,31.0
08,05,1983,10.0
08,06,1983,39.0
08,07,1983,11.0
08,08,1983,10.0
08,09,1983,3.5
08,10,1983,0.0
08,11,1983,2.0
08,12,1983,5.0
08,13,1983,33.0
08,14,1983,15.5
08,15,1983,0.0
08,16,1983,20.0
08,17,1983,0.0
08,18,1983,0.0
08,19,1983,0.0
08,20,1983,4.0
08,21,1983,9.0
08,22,1983,3.0
08,23,1983,0.0
08,24,1983,0.0
08,25,1983,0.0
08,26,1983,2.5
08,27,1983,0.0
08,28,1983,0.0
08,29,1983,1.5
08,30,1983,0.0
08,31,1983,0.0
09,01,1983,0.0
09,02,1983,6.0
09,03,1983,6.0
09,04,1983,1.0
09,05,1983,2.5
09,06,1983,0.0
09,07,1983,6.0
09,08,1983,17.0
09,09,1983,12.0
09,10,1983,10.0
09,11,1983,34.0
09,12,1983,15.0
09,13,1983,6.5
09,14,1983,13.0
09,15,1983,8.5
09,16,1983,8.0
09,17,1983,7.0
09,18,1983,16.5
09,19,1983,1.0
09,20,1983,4.5
09,21,1983,0.0
09,22,1983,0.0
09,23,1983,0.0
09,24,1983,0.0
09,25,1983,0.0
09,26,1983,0.0
09,27,1983,0.0
09,28,1983,0.0
09,29,1983,0.0
09,30,1983,0.0
10,01,1983,0.0
10,02,1983,0.0
10,03,1983,0.0
10,04,1983,0.0
10,05,1983,0.0
10,06,1983,0.0
10,07,1983,0.0
10,08,1983,0.0
10,09,1983,0.0
10,10,1983,0.0
10,11,1983,0.0
10,12,1983,0.0
10,13,1983,3.5
10,14,1983,0.0
10,15,1983,11.0
10,16,1983,2.0
10,17,1983,24.0
10,18,1983,0.0
10,19,1983,0.0
10,20,1983,12.0
10,21,1983,0.0
10,22,1983,0.0
10,23,1983,0.0
10,24,1983,16.5
10,25,1983,0.0
10,26,1983,0.0
10,27,1983,0.0
10,28,1983,0.0
10,29,1983,0.0
10,30,1983,0.0
10,31,1983,0.0
11,01,1983,9.5
11,02,1983,0.0
11,03,1983,0.0
11,04,1983,0.0
11,05,1983,1.0
11,06,1983,5.0
11,07,1983,2.0
11,08,1983,6.0
11,09,1983,1.0
11,10,1983,0.0
11,11,1983,0.0
11,12,1983,0.0
11,13,1983,0.0
11,14,1983,0.0
11,15,1983,0.0
11,16,1983,0.0
11,17,1983,0.0
11,18,1983,0.0
11,19,1983,0.0
11,20,1983,0.0
11,21,1983,0.0
11,22,1983,0.0
11,23,1983,0.0
11,24,1983,0.0
11,25,1983,0.0
11,26,1983,0.0
11,27,1983,0.0
11,28,1983,0.0
11,29,1983,0.0
11,30,1983,0.0
12,01,1983,0.0
12,02,1983,0.0
12,03,1983,0.0
12,04,1983,0.0
12,05,1983,1.0
12,06,1983,4.8
12,07,1983,0.0
12,08,1983,0.0
12,09,1983,0.0
12,10,1983,0.0
12,11,1983,0.0
12,12,1983,0.0
12,13,1983,0.0
12,14,1983,0.0
12,15,1983,0.0
12,16,1983,0.0
12,17,1983,0.0
12,18,1983,0.0
12,19,1983,0.0
12,20,1983,0.0
12,21,1983,0.0
12,22,1983,0.0
12,23,1983,0.0
12,24,1983,0.0
12,25,1983,0.0
12,26,1983,0.0
12,27,1983,0.0
12,28,1983,0.0
12,29,1983,0.0
12,30,1983,0.0
12,31,1983,0.0
01,01,1984,0.0
01,02,1984,0.0
01,03,1984,11.5
01,04,1984,0.0
01,05,1984,0.0
01,06,1984,0.0
01,07,1984,0.0
01,08,1984,0.0
01,09,1984,0.0
01,10,1984,0.0
01,11,1984,0.0
01,12,1984,0.0
01,13,1984,0.0
01,14,1984,0.0
01,15,1984,0.0
01,16,1984,0.0
01,17,1984,0.0
01,18,1984,0.0
01,19,1984,0.0
01,20,1984,0.0
01,21,1984,0.0
01,22,1984,0.0
01,23,1984,0.0
01,24,1984,0.0
01,25,1984,0.0
01,26,1984,0.0
01,27,1984,0.0
01,28,1984,0.0
01,29,1984,0.0
01,30,1984,0.0
01,31,1984,0.0
02,01,1984,0.0
02,02,1984,0.0
02,03,1984,0.0
02,04,1984,0.0
02,05,1984,0.0
02,06,1984,1.0
02,07,1984,0.0
02,08,1984,0.0
02,09,1984,11.0
02,10,1984,0.0
02,11,1984,0.0
02,12,1984,0.0
02,13,1984,0.0
02,14,1984,0.0
02,15,1984,0.0
02,16,1984,0.0
02,17,1984,0.0
02,18,1984,0.0
02,19,1984,0.0
02,20,1984,0.0
02,21,1984,0.0
02,22,1984,0.0
02,23,1984,0.0
02,24,1984,0.0
02,25,1984,0.0
02,26,1984,0.0
02,27,1984,0.0
02,28,1984,0.0
02,29,1984,0.0
03,01,1984,0.0
03,02,1984,0.0
03,03,1984,0.0
03,04,1984,0.0
03,05,1984,0.0
03,06,1984,0.0
03,07,1984,0.0
03,08,1984,0.0
03,09,1984,0.0
03,10,1984,0.0
03,11,1984,0.0
03,12,1984,0.0
03,13,1984,0.0
03,14,1984,0.0
03,15,1984,0.0
03,16,1984,0.0
03,17,1984,0.0
03,18,1984,0.0
03,19,1984,0.0
03,20,1984,0.0
03,21,1984,0.0
03,22,1984,0.0
03,23,1984,0.0
03,24,1984,0.0
03,25,1984,0.0
03,26,1984,0.0
03,27,1984,0.0
03,28,1984,0.0
03,29,1984,0.0
03,30,1984,0.0
03,31,1984,0.0
04,01,1984,0.0
04,02,1984,0.0
04,03,1984,0.0
04,04,1984,0.0
04,05,1984,0.0
04,06,1984,0.0
04,07,1984,0.0
04,08,1984,0.0
04,09,1984,0.0
04,10,1984,0.0
04,11,1984,0.0
04,12,1984,0.0
04,13,1984,0.0
04,14,1984,0.0
04,15,1984,0.0
04,16,1984,0.0
04,17,1984,0.0
04,18,1984,0.0
04,19,1984,0.0
04,20,1984,0.0
04,21,1984,0.0
04,22,1984,0.0
04,23,1984,0.0
04,24,1984,0.0
04,25,1984,0.0
04,26,1984,0.0
04,27,1984,0.0
04,28,1984,0.0
04,29,1984,0.0
04,30,1984,0.0
05,01,1984,0.0
05,02,1984,0.0
05,03,1984,0.0
05,04,1984,0.0
05,05,1984,0.0
05,06,1984,0.0
05,07,1984,0.0
05,08,1984,0.0
05,09,1984,2.0
05,10,1984,5.0
05,11,1984,3.0
05,12,1984,13.0
05,13,1984,0.0
05,14,1984,0.0
05,15,1984,0.0
05,16,1984,0.0
05,17,1984,1.0
05,18,1984,2.5
05,19,1984,4.5
05,20,1984,0.0
05,21,1984,0.0
05,22,1984,0.0
05,23,1984,0.0
05,24,1984,0.0
05,25,1984,5.5
05,26,1984,18.0
05,27,1984,5.5
05,28,1984,0.0
05,29,1984,0.0
05,30,1984,0.0
05,31,1984,0.0
06,01,1984,0.0
06,02,1984,0.0
06,03,1984,2.0
06,04,1984,0.0
06,05,1984,8.0
06,06,1984,12.0
06,07,1984,0.0
06,08,1984,0.0
06,09,1984,10.0
06,10,1984,10.0
06,11,1984,3.5
06,12,1984,3.0
06,13,1984,11.0
06,14,1984,0.0
06,15,1984,0.0
06,16,1984,28.0
06,17,1984,3.0
06,18,1984,3.0
06,19,1984,1.0
06,20,1984,0.0
06,21,1984,12.0
06,22,1984,7.0
06,23,1984,5.0
06,24,1984,2.0
06,25,1984,0.0
06,26,1984,0.0
06,27,1984,3.0
06,28,1984,0.0
06,29,1984,2.0
06,30,1984,25.5
07,01,1984,14.5
07,02,1984,7.7
07,03,1984,10.0
07,04,1984,4.0
07,05,1984,7.5
07,06,1984,9.6
07,07,1984,16.0
07,08,1984,0.0
07,09,1984,6.0
07,10,1984,0.0
07,11,1984,17.0
07,12,1984,12.5
07,13,1984,40.0
07,14,1984,13.0
07,15,1984,29.0
07,16,1984,2.0
07,17,1984,0.0
07,18,1984,5.3
07,19,1984,15.0
07,20,1984,0.0
07,21,1984,11.3
07,22,1984,1.0
07,23,1984,0.0
07,24,1984,7.4
07,25,1984,2.7
07,26,1984,15.0
07,27,1984,0.0
07,28,1984,0.0
07,29,1984,0.0
07,30,1984,0.0
07,31,1984,0.0
08,01,1984,0.0
08,02,1984,0.0
08,03,1984,0.0
08,04,1984,0.0
08,05,1984,14.5
08,06,1984,16.0
08,07,1984,12.0
08,08,1984,26.5
08,09,1984,0.0
08,10,1984,3.0
08,11,1984,23.0
08,12,1984,0.0
08,13,1984,2.5
08,14,1984,0.0
08,15,1984,28.0
08,16,1984,15.0
08,17,1984,16.0
08,18,1984,22.0
08,19,1984,0.0
08,20,1984,0.0
08,21,1984,0.0
08,22,1984,0.0
08,23,1984,12.5
08,24,1984,0.0
08,25,1984,2.5
08,26,1984,4.0
08,27,1984,27.5
08,28,1984,12.0
08,29,1984,0.0
08,30,1984,0.0
08,31,1984,0.0
09,01,1984,0.0
09,02,1984,6.0
09,03,1984,0.0
09,04,1984,0.0
09,05,1984,40.0
09,06,1984,22.0
09,07,1984,13.0
09,08,1984,27.0
09,09,1984,7.5
09,10,1984,7.0
09,11,1984,0.0
09,12,1984,0.0
09,13,1984,5.5
09,14,1984,5.0
09,15,1984,0.0
09,16,1984,0.0
09,17,1984,0.0
09,18,1984,17.0
09,19,1984,11.0
09,20,1984,13.0
09,21,1984,12.0
09,22,1984,0.0
09,23,1984,0.0
09,24,1984,0.0
09,25,1984,0.0
09,26,1984,0.0
09,27,1984,0.0
09,28,1984,0.0
09,29,1984,0.0
09,30,1984,0.0
10,01,1984,5.0
10,02,1984,4.5
10,03,1984,3.0
10,04,1984,14.0
10,05,1984,2.0
10,06,1984,0.0
10,07,1984,0.0
10,08,1984,0.0
10,09,1984,0.0
10,10,1984,6.5
10,11,1984,0.0
10,12,1984,0.0
10,13,1984,0.0
10,14,1984,0.0
10,15,1984,0.0
10,16,1984,0.0
10,17,1984,0.0
10,18,1984,0.0
10,19,1984,5.0
10,20,1984,0.0
10,21,1984,0.0
10,22,1984,15.0
10,23,1984,22.5
10,24,1984,1.0
10,25,1984,5.5
10,26,1984,5.5
10,27,1984,4.0
10,28,1984,0.0
10,29,1984,0.0
10,30,1984,0.0
10,31,1984,2.5
11,01,1984,0.0
11,02,1984,0.0
11,03,1984,7.0
11,04,1984,0.0
11,05,1984,0.0
11,06,1984,0.0
11,07,1984,0.0
11,08,1984,0.0
11,09,1984,0.0
11,10,1984,0.0
11,11,1984,0.0
11,12,1984,0.0
11,13,1984,0.0
11,14,1984,0.0
11,15,1984,0.0
11,16,1984,0.0
11,17,1984,0.0
11,18,1984,0.0
11,19,1984,0.0
11,20,1984,0.0
11,21,1984,0.0
11,22,1984,0.0
11,23,1984,0.0
11,24,1984,0.0
11,25,1984,0.0
11,26,1984,0.0
11,27,1984,0.0
11,28,1984,0.0
11,29,1984,0.0
11,30,1984,0.0
12,01,1984,0.0
12,02,1984,0.0
12,03,1984,0.0
12,04,1984,0.0
12,05,1984,0.0
12,06,1984,0.0
12,07,1984,0.0
12,08,1984,0.0
12,09,1984,0.0
12,10,1984,0.0
12,11,1984,0.0
12,12,1984,0.0
12,13,1984,0.0
12,14,1984,0.0
12,15,1984,0.0
12,16,1984,0.0
12,17,1984,0.0
12,18,1984,0.0
12,19,1984,0.0
12,20,1984,0.0
12,21,1984,0.0
12,22,1984,0.0
12,23,1984,0.0
12,24,1984,0.0
12,25,1984,0.0
12,26,1984,0.0
12,27,1984,0.0
12,28,1984,0.0
12,29,1984,0.0
12,30,1984,4.0
12,31,1984,0.0
01,01,1985,0.0
01,02,1985,0.0
01,03,1985,0.0
01,04,1985,0.0
01,05,1985,0.0
01,06,1985,0.0
01,07,1985,0.0
01,08,1985,0.0
01,09,1985,0.0
01,10,1985,0.0
01,11,1985,0.0
01,12,1985,0.0
01,13,1985,0.0
01,14,1985,0.0
01,15,1985,0.0
01,16,1985,0.0
01,17,1985,1.0
01,18,1985,0.0
01,19,1985,0.0
01,20,1985,0.0
01,21,1985,0.0
01,22,1985,0.0
01,23,1985,0.0
01,24,1985,0.0
01,25,1985,0.0
01,26,1985,0.0
01,27,1985,0.0
01,28,1985,0.0
01,29,1985,0.0
01,30,1985,0.0
01,31,1985,0.0
02,01,1985,0.0
02,02,1985,0.0
02,03,1985,0.0
02,04,1985,0.0
02,05,1985,0.0
02,06,1985,0.0
02,07,1985,0.0
02,08,1985,0.0
02,09,1985,0.0
02,10,1985,0.0
02,11,1985,0.0
02,12,1985,0.0
02,13,1985,0.0
02,14,1985,0.0
02,15,1985,0.0
02,16,1985,0.0
02,17,1985,0.0
02,18,1985,0.0
02,19,1985,0.0
02,20,1985,0.0
02,21,1985,0.0
02,22,1985,0.0
02,23,1985,0.0
02,24,1985,0.0
02,25,1985,0.0
02,26,1985,0.0
02,27,1985,0.0
02,28,1985,0.0
03,01,1985,0.0
03,02,1985,0.0
03,03,1985,0.0
03,04,1985,0.0
03,05,1985,0.0
03,06,1985,0.0
03,07,1985,0.0
03,08,1985,0.0
03,09,1985,0.0
03,10,1985,0.3
03,11,1985,0.0
03,12,1985,0.0
03,13,1985,0.0
03,14,1985,0.0
03,15,1985,0.0
03,16,1985,0.0
03,17,1985,0.0
03,18,1985,0.0
03,19,1985,0.0
03,20,1985,0.0
03,21,1985,0.0
03,22,1985,0.0
03,23,1985,0.0
03,24,1985,0.0
03,25,1985,0.0
03,26,1985,0.0
03,27,1985,0.0
03,28,1985,0.0
03,29,1985,0.0
03,30,1985,0.0
03,31,1985,0.0
04,01,1985,0.0
04,02,1985,0.0
04,03,1985,0.0
04,04,1985,0.0
04,05,1985,0.0
04,06,1985,0.0
04,07,1985,0.0
04,08,1985,0.0
04,09,1985,5.5
04,10,1985,3.0
04,11,1985,0.0
04,12,1985,0.0
04,13,1985,7.0
04,14,1985,1.0
04,15,1985,0.0
04,16,1985,0.0
04,17,1985,0.0
04,18,1985,0.0
04,19,1985,0.0
04,20,1985,0.0
04,21,1985,0.0
04,22,1985,0.0
04,23,1985,0.0
04,24,1985,0.0
04,25,1985,0.0
04,26,1985,0.0
04,27,1985,0.0
04,28,1985,0.0
04,29,1985,0.0
04,30,1985,0.0
05,01,1985,1.0
05,02,1985,7.8
05,03,1985,13.0
05,04,1985,0.0
05,05,1985,0.0
05,06,1985,0.0
05,07,1985,0.0
05,08,1985,0.0
05,09,1985,0.0
05,10,1985,0.0
05,11,1985,0.0
05,12,1985,0.0
05,13,1985,0.0
05,14,1985,0.0
05,15,1985,0.0
05,16,1985,1.5
05,17,1985,8.5
05,18,1985,0.0
05,19,1985,0.0
05,20,1985,0.0
05,21,1985,1.7
05,22,1985,0.0
05,23,1985,0.0
05,24,1985,0.0
05,25,1985,0.0
05,26,1985,10.5
05,27,1985,0.0
05,28,1985,0.0
05,29,1985,0.0
05,30,1985,0.0
05,31,1985,0.0
06,01,1985,0.0
06,02,1985,0.0
06,03,1985,7.0
06,04,1985,3.0
06,05,1985,9.0
06,06,1985,16.0
06,07,1985,0.0
06,08,1985,0.0
06,09,1985,0.0
06,10,1985,0.0
06,11,1985,2.0
06,12,1985,1.0
06,13,1985,0.0
06,14,1985,20.0
06,15,1985,5.0
06,16,1985,35.0
06,17,1985,4.0
06,18,1985,25.0
06,19,1985,8.5
06,20,1985,0.0
06,21,1985,29.0
06,22,1985,5.5
06,23,1985,0.0
06,24,1985,1.0
06,25,1985,0.0
06,26,1985,14.5
06,27,1985,7.5
06,28,1985,20.0
06,29,1985,40.0
06,30,1985,8.7
07,01,1985,0.0
07,02,1985,15.0
07,03,1985,0.0
07,04,1985,0.0
07,05,1985,0.0
07,06,1985,0.0
07,07,1985,4.5
07,08,1985,17.0
07,09,1985,0.0
07,10,1985,0.0
07,11,1985,0.0
07,12,1985,0.0
07,13,1985,0.0
07,14,1985,27.5
07,15,1985,2.0
07,16,1985,21.0
07,17,1985,6.0
07,18,1985,0.0
07,19,1985,0.0
07,20,1985,12.0
07,21,1985,21.5
07,22,1985,0.0
07,23,1985,5.0
07,24,1985,1.0
07,25,1985,10.0
07,26,1985,0.0
07,27,1985,0.0
07,28,1985,0.0
07,29,1985,0.0
07,30,1985,0.0
07,31,1985,23.0
08,01,1985,0.0
08,02,1985,20.0
08,03,1985,5.5
08,04,1985,21.0
08,05,1985,12.0
08,06,1985,7.0
08,07,1985,2.0
08,08,1985,10.0
08,09,1985,0.0
08,10,1985,7.0
08,11,1985,0.0
08,12,1985,5.0
08,13,1985,0.0
08,14,1985,8.7
08,15,1985,14.0
08,16,1985,11.5
08,17,1985,4.0
08,18,1985,6.0
08,19,1985,0.0
08,20,1985,0.0
08,21,1985,0.0
08,22,1985,0.0
08,23,1985,0.0
08,24,1985,21.0
08,25,1985,0.0
08,26,1985,0.0
08,27,1985,0.0
08,28,1985,0.0
08,29,1985,11.0
08,30,1985,1.0
08,31,1985,0.0
09,01,1985,0.0
09,02,1985,0.0
09,03,1985,10.0
09,04,1985,2.5
09,05,1985,12.0
09,06,1985,17.0
09,07,1985,13.0
09,08,1985,2.0
09,09,1985,12.0
09,10,1985,10.0
09,11,1985,16.0
09,12,1985,23.0
09,13,1985,0.0
09,14,1985,0.0
09,15,1985,0.0
09,16,1985,0.0
09,17,1985,13.0
09,18,1985,5.0
09,19,1985,4.0
09,20,1985,0.0
09,21,1985,0.0
09,22,1985,5.0
09,23,1985,0.0
09,24,1985,0.0
09,25,1985,0.0
09,26,1985,0.0
09,27,1985,0.0
09,28,1985,0.0
09,29,1985,0.0
09,30,1985,7.0
10,01,1985,2.5
10,02,1985,0.0
10,03,1985,0.0
10,04,1985,0.0
10,05,1985,0.0
10,06,1985,0.0
10,07,1985,8.5
10,08,1985,0.0
10,09,1985,2.5
10,10,1985,0.0
10,11,1985,0.0
10,12,1985,0.0
10,13,1985,6.0
10,14,1985,0.0
10,15,1985,0.0
10,16,1985,0.0
10,17,1985,2.0
10,18,1985,33.0
10,19,1985,18.0
10,20,1985,1.5
10,21,1985,3.5
10,22,1985,0.0
10,23,1985,2.0
10,24,1985,0.0
10,25,1985,0.0
10,26,1985,0.0
10,27,1985,0.0
10,28,1985,0.0
10,29,1985,0.0
10,30,1985,0.0
10,31,1985,0.0
11,01,1985,0.0
11,02,1985,4.0
11,03,1985,0.0
11,04,1985,0.0
11,05,1985,0.0
11,06,1985,0.0
11,07,1985,0.0
11,08,1985,0.0
11,09,1985,0.0
11,10,1985,0.0
11,11,1985,0.0
11,12,1985,0.0
11,13,1985,0.0
11,14,1985,0.0
11,15,1985,0.0
11,16,1985,0.0
11,17,1985,1.0
11,18,1985,0.0
11,19,1985,0.0
11,20,1985,7.5
11,21,1985,2.0
11,22,1985,0.0
11,23,1985,0.0
11,24,1985,0.0
11,25,1985,0.0
11,26,1985,1.0
11,27,1985,8.5
11,28,1985,0.0
11,29,1985,0.0
11,30,1985,0.0
12,01,1985,0.0
12,02,1985,0.0
12,03,1985,0.0
12,04,1985,9.5
12,05,1985,0.0
12,06,1985,0.0
12,07,1985,0.0
12,08,1985,0.0
12,09,1985,0.0
12,10,1985,0.0
12,11,1985,0.0
12,12,1985,0.0
12,13,1985,0.0
12,14,1985,0.0
12,15,1985,0.0
12,16,1985,0.0
12,17,1985,0.0
12,18,1985,14.0
12,19,1985,0.0
12,20,1985,0.0
12,21,1985,0.0
12,22,1985,0.0
12,23,1985,0.0
12,24,1985,1.5
12,25,1985,0.0
12,26,1985,0.0
12,27,1985,0.0
12,28,1985,0.0
12,29,1985,0.0
12,30,1985,0.0
12,31,1985,0.0
01,01,1986,0.0
01,02,1986,0.0
01,03,1986,0.0
01,04,1986,0.0
01,05,1986,0.0
01,06,1986,0.0
01,07,1986,0.0
01,08,1986,0.0
01,09,1986,0.0
01,10,1986,0.0
01,11,1986,0.0
01,12,1986,0.0
01,13,1986,0.0
01,14,1986,0.0
01,15,1986,0.0
01,16,1986,0.0
01,17,1986,0.0
01,18,1986,0.0
01,19,1986,0.0
01,20,1986,0.0
01,21,1986,0.0
01,22,1986,0.0
01,23,1986,0.0
01,24,1986,0.0
01,25,1986,0.0
01,26,1986,0.0
01,27,1986,0.0
01,28,1986,0.0
01,29,1986,0.0
01,30,1986,0.0
01,31,1986,0.0
02,01,1986,0.0
02,02,1986,0.0
02,03,1986,5.5
02,04,1986,0.0
02,05,1986,0.0
02,06,1986,0.0
02,07,1986,0.0
02,08,1986,0.0
02,09,1986,0.0
02,10,1986,0.0
02,11,1986,0.0
02,12,1986,0.0
02,13,1986,0.0
02,14,1986,0.0
02,15,1986,0.0
02,16,1986,0.0
02,17,1986,0.0
02,18,1986,0.0
02,19,1986,0.0
02,20,1986,0.0
02,21,1986,0.0
02,22,1986,0.0
02,23,1986,0.0
02,24,1986,0.0
02,25,1986,0.0
02,26,1986,0.0
02,27,1986,0.0
02,28,1986,0.0
03,01,1986,0.0
03,02,1986,0.0
03,03,1986,0.0
03,04,1986,0.0
03,05,1986,0.0
03,06,1986,0.0
03,07,1986,0.0
03,08,1986,0.0
03,09,1986,0.0
03,10,1986,0.0
03,11,1986,0.0
03,12,1986,0.0
03,13,1986,0.0
03,14,1986,0.0
03,15,1986,0.0
03,16,1986,0.0
03,17,1986,0.0
03,18,1986,0.0
03,19,1986,0.0
03,20,1986,0.0
03,21,1986,0.0
03,22,1986,0.0
03,23,1986,0.0
03,24,1986,0.0
03,25,1986,0.0
03,26,1986,0.0
03,27,1986,0.0
03,28,1986,0.0
03,29,1986,0.0
03,30,1986,0.0
03,31,1986,0.0
04,01,1986,0.0
04,02,1986,0.0
04,03,1986,0.0
04,04,1986,0.0
04,05,1986,0.0
04,06,1986,1.0
04,07,1986,0.0
04,08,1986,0.0
04,09,1986,0.0
04,10,1986,0.0
04,11,1986,0.0
04,12,1986,0.0
04,13,1986,1.0
04,14,1986,2.0
04,15,1986,7.0
04,16,1986,0.0
04,17,1986,0.0
04,18,1986,0.0
04,19,1986,0.0
04,20,1986,0.0
04,21,1986,2.0
04,22,1986,2.0
04,23,1986,0.0
04,24,1986,0.0
04,25,1986,0.0
04,26,1986,0.0
04,27,1986,0.0
04,28,1986,11.7
04,29,1986,2.0
04,30,1986,9.0
05,01,1986,0.0
05,02,1986,0.0
05,03,1986,0.0
05,04,1986,8.0
05,05,1986,0.0
05,06,1986,0.0
05,07,1986,0.0
05,08,1986,0.0
05,09,1986,0.0
05,10,1986,0.0
05,11,1986,0.0
05,12,1986,0.0
05,13,1986,0.0
05,14,1986,0.0
05,15,1986,0.0
05,16,1986,0.0
05,17,1986,0.0
05,18,1986,2.0
05,19,1986,0.0
05,20,1986,2.0
05,21,1986,1.0
05,22,1986,0.0
05,23,1986,0.0
05,24,1986,0.0
05,25,1986,3.7
05,26,1986,1.0
05,27,1986,0.0
05,28,1986,1.0
05,29,1986,0.0
05,30,1986,0.0
05,31,1986,5.0
06,01,1986,0.0
06,02,1986,12.0
06,03,1986,2.0
06,04,1986,0.0
06,05,1986,0.0
06,06,1986,15.5
06,07,1986,3.0
06,08,1986,0.0
06,09,1986,27.0
06,10,1986,9.0
06,11,1986,4.0
06,12,1986,6.0
06,13,1986,17.0
06,14,1986,9.5
06,15,1986,5.0
06,16,1986,1.0
06,17,1986,0.0
06,18,1986,26.0
06,19,1986,3.0
06,20,1986,11.0
06,21,1986,24.0
06,22,1986,15.0
06,23,1986,5.0
06,24,1986,7.0
06,25,1986,6.5
06,26,1986,12.5
06,27,1986,0.0
06,28,1986,17.0
06,29,1986,0.0
06,30,1986,13.0
07,01,1986,6.0
07,02,1986,2.0
07,03,1986,7.0
07,04,1986,1.0
07,05,1986,2.5
07,06,1986,0.0
07,07,1986,1.0
07,08,1986,10.0
07,09,1986,4.0
07,10,1986,2.5
07,11,1986,8.0
07,12,1986,18.5
07,13,1986,30.0
07,14,1986,2.5
07,15,1986,3.0
07,16,1986,5.0
07,17,1986,2.0
07,18,1986,0.0
07,19,1986,0.0
07,20,1986,0.0
07,21,1986,26.0
07,22,1986,0.0
07,23,1986,0.0
07,24,1986,0.0
07,25,1986,0.0
07,26,1986,12.0
07,27,1986,1.0
07,28,1986,5.5
07,29,1986,10.0
07,30,1986,0.0
07,31,1986,5.5
08,01,1986,0.0
08,02,1986,0.0
08,03,1986,1.0
08,04,1986,0.0
08,05,1986,13.0
08,06,1986,3.5
08,07,1986,3.0
08,08,1986,5.0
08,09,1986,10.9
08,10,1986,1.0
08,11,1986,0.0
08,12,1986,4.0
08,13,1986,0.0
08,14,1986,3.0
08,15,1986,3.0
08,16,1986,0.0
08,17,1986,6.0
08,18,1986,0.0
08,19,1986,0.0
08,20,1986,0.0
08,21,1986,0.0
08,22,1986,4.0
08,23,1986,1.0
08,24,1986,0.0
08,25,1986,6.0
08,26,1986,7.5
08,27,1986,13.0
08,28,1986,10.0
08,29,1986,0.0
08,30,1986,12.0
08,31,1986,22.0
09,01,1986,0.0
09,02,1986,14.3
09,03,1986,0.0
09,04,1986,1.0
09,05,1986,6.9
09,06,1986,0.0
09,07,1986,0.0
09,08,1986,0.0
09,09,1986,0.0
09,10,1986,0.0
09,11,1986,0.0
09,12,1986,0.0
09,13,1986,0.0
09,14,1986,4.2
09,15,1986,0.0
09,16,1986,0.0
09,17,1986,0.0
09,18,1986,0.0
09,19,1986,0.0
09,20,1986,0.0
09,21,1986,10.7
09,22,1986,0.0
09,23,1986,0.0
09,24,1986,0.0
09,25,1986,0.0
09,26,1986,0.0
09,27,1986,3.1
09,28,1986,0.0
09,29,1986,0.0
09,30,1986,0.0
10,01,1986,0.0
10,02,1986,0.0
10,03,1986,20.0
10,04,1986,4.5
10,05,1986,0.0
10,06,1986,9.5
10,07,1986,1.5
10,08,1986,14.0
10,09,1986,7.0
10,10,1986,0.0
10,11,1986,1.0
10,12,1986,4.0
10,13,1986,0.0
10,14,1986,0.0
10,15,1986,0.0
10,16,1986,0.0
10,17,1986,0.0
10,18,1986,0.0
10,19,1986,1.5
10,20,1986,5.0
10,21,1986,0.0
10,22,1986,0.0
10,23,1986,0.0
10,24,1986,0.0
10,25,1986,0.0
10,26,1986,0.0
10,27,1986,0.0
10,28,1986,0.0
10,29,1986,0.0
10,30,1986,0.0
10,31,1986,0.0
11,01,1986,0.0
11,02,1986,1.0
11,03,1986,7.0
11,04,1986,8.5
11,05,1986,2.0
11,06,1986,0.0
11,07,1986,0.0
11,08,1986,0.0
11,09,1986,0.0
11,10,1986,0.0
11,11,1986,0.0
11,12,1986,0.0
11,13,1986,0.0
11,14,1986,0.0
11,15,1986,0.0
11,16,1986,0.0
11,17,1986,0.0
11,18,1986,0.0
11,19,1986,0.0
11,20,1986,0.0
11,21,1986,0.0
11,22,1986,0.0
11,23,1986,0.0
11,24,1986,0.0
11,25,1986,0.0
11,26,1986,5.0
11,27,1986,8.0
11,28,1986,0.0
11,29,1986,0.0
11,30,1986,0.0
12,01,1986,0.0
12,02,1986,0.0
12,03,1986,0.0
12,04,1986,0.0
12,05,1986,0.0
12,06,1986,0.0
12,07,1986,0.0
12,08,1986,0.0
12,09,1986,0.0
12,10,1986,0.0
12,11,1986,0.0
12,12,1986,0.0
12,13,1986,0.0
12,14,1986,0.0
12,15,1986,0.0
12,16,1986,0.0
12,17,1986,0.0
12,18,1986,0.0
12,19,1986,0.0
12,20,1986,0.0
12,21,1986,0.0
12,22,1986,0.0
12,23,1986,0.0
12,24,1986,0.0
12,25,1986,0.0
12,26,1986,0.0
12,27,1986,0.0
12,28,1986,0.0
12,29,1986,0.0
12,30,1986,0.0
12,31,1986,0.0
01,01,1987,0.0
01,02,1987,0.0
01,03,1987,0.0
01,04,1987,0.0
01,05,1987,0.0
01,06,1987,0.0
01,07,1987,0.0
01,08,1987,0.0
01,09,1987,0.0
01,10,1987,0.0
01,11,1987,0.0
01,12,1987,0.0
01,13,1987,0.0
01,14,1987,0.0
01,15,1987,0.0
01,16,1987,0.0
01,17,1987,0.0
01,18,1987,0.0
01,19,1987,0.0
01,20,1987,0.0
01,21,1987,0.0
01,22,1987,0.0
01,23,1987,0.0
01,24,1987,0.0
01,25,1987,0.0
01,26,1987,0.0
01,27,1987,0.0
01,28,1987,0.0
01,29,1987,0.0
01,30,1987,0.0
01,31,1987,0.0
02,01,1987,1.0
02,02,1987,1.0
02,03,1987,1.0
02,04,1987,0.0
02,05,1987,0.0
02,06,1987,0.0
02,07,1987,0.0
02,08,1987,0.0
02,09,1987,0.0
02,10,1987,0.0
02,11,1987,0.0
02,12,1987,0.0
02,13,1987,2.5
02,14,1987,0.0
02,15,1987,0.0
02,16,1987,0.0
02,17,1987,0.0
02,18,1987,0.0
02,19,1987,0.0
02,20,1987,0.0
02,21,1987,0.0
02,22,1987,0.0
02,23,1987,0.0
02,24,1987,0.0
02,25,1987,0.0
02,26,1987,7.5
02,27,1987,0.0
02,28,1987,0.0
03,01,1987,0.0
03,02,1987,0.0
03,03,1987,0.0
03,04,1987,0.0
03,05,1987,3.0
03,06,1987,0.0
03,07,1987,0.0
03,08,1987,0.0
03,09,1987,0.0
03,10,1987,0.0
03,11,1987,0.0
03,12,1987,0.0
03,13,1987,0.0
03,14,1987,0.0
03,15,1987,0.0
03,16,1987,0.0
03,17,1987,0.0
03,18,1987,0.0
03,19,1987,0.0
03,20,1987,0.0
03,21,1987,1.0
03,22,1987,0.0
03,23,1987,0.0
03,24,1987,0.0
03,25,1987,0.0
03,26,1987,0.0
03,27,1987,0.0
03,28,1987,2.0
03,29,1987,0.0
03,30,1987,0.0
03,31,1987,0.0
04,01,1987,0.0
04,02,1987,0.0
04,03,1987,0.0
04,04,1987,0.0
04,05,1987,0.0
04,06,1987,0.0
04,07,1987,0.0
04,08,1987,0.0
04,09,1987,0.0
04,10,1987,0.0
04,11,1987,0.0
04,12,1987,0.0
04,13,1987,0.0
04,14,1987,0.0
04,15,1987,0.0
04,16,1987,0.0
04,17,1987,0.0
04,18,1987,0.0
04,19,1987,0.0
04,20,1987,2.5
04,21,1987,0.0
04,22,1987,3.0
04,23,1987,0.0
04,24,1987,0.0
04,25,1987,0.0
04,26,1987,0.0
04,27,1987,7.0
04,28,1987,2.5
04,29,1987,0.0
04,30,1987,0.0
05,01,1987,0.0
05,02,1987,0.0
05,03,1987,0.0
05,04,1987,0.0
05,05,1987,0.0
05,06,1987,0.0
05,07,1987,0.0
05,08,1987,0.0
05,09,1987,0.0
05,10,1987,0.0
05,11,1987,0.0
05,12,1987,0.0
05,13,1987,1.5
05,14,1987,1.0
05,15,1987,0.0
05,16,1987,0.0
05,17,1987,0.0
05,18,1987,0.0
05,19,1987,0.0
05,20,1987,6.0
05,21,1987,0.0
05,22,1987,0.0
05,23,1987,0.0
05,24,1987,0.0
05,25,1987,0.0
05,26,1987,0.0
05,27,1987,0.0
05,28,1987,0.0
05,29,1987,0.0
05,30,1987,1.5
05,31,1987,14.5
06,01,1987,0.0
06,02,1987,4.5
06,03,1987,3.0
06,04,1987,4.5
06,05,1987,6.0
06,06,1987,0.0
06,07,1987,0.0
06,08,1987,0.0
06,09,1987,0.0
06,10,1987,0.0
06,11,1987,0.0
06,12,1987,33.0
06,13,1987,12.0
06,14,1987,6.0
06,15,1987,4.0
06,16,1987,1.0
06,17,1987,2.0
06,18,1987,0.0
06,19,1987,0.0
06,20,1987,0.0
06,21,1987,0.0
06,22,1987,0.0
06,23,1987,0.0
06,24,1987,0.0
06,25,1987,2.0
06,26,1987,0.0
06,27,1987,0.0
06,28,1987,0.0
06,29,1987,0.0
06,30,1987,6.0
07,01,1987,0.0
07,02,1987,0.0
07,03,1987,11.0
07,04,1987,8.0
07,05,1987,1.5
07,06,1987,4.9
07,07,1987,6.5
07,08,1987,0.0
07,09,1987,10.0
07,10,1987,19.6
07,11,1987,0.0
07,12,1987,0.0
07,13,1987,6.0
07,14,1987,5.5
07,15,1987,58.0
07,16,1987,16.0
07,17,1987,21.0
07,18,1987,0.0
07,19,1987,0.0
07,20,1987,0.0
07,21,1987,0.0
07,22,1987,0.0
07,23,1987,12.0
07,24,1987,18.0
07,25,1987,1.5
07,26,1987,0.0
07,27,1987,17.5
07,28,1987,26.0
07,29,1987,30.0
07,30,1987,13.0
07,31,1987,1.0
08,01,1987,6.0
08,02,1987,9.0
08,03,1987,5.0
08,04,1987,21.0
08,05,1987,0.0
08,06,1987,7.0
08,07,1987,16.0
08,08,1987,4.0
08,09,1987,0.0
08,10,1987,7.5
08,11,1987,0.0
08,12,1987,15.0
08,13,1987,15.5
08,14,1987,1.5
08,15,1987,0.0
08,16,1987,9.0
08,17,1987,0.0
08,18,1987,0.0
08,19,1987,19.0
08,20,1987,1.5
08,21,1987,13.0
08,22,1987,6.0
08,23,1987,1.5
08,24,1987,7.0
08,25,1987,2.5
08,26,1987,1.5
08,27,1987,0.0
08,28,1987,0.0
08,29,1987,11.5
08,30,1987,14.0
08,31,1987,8.0
09,01,1987,0.0
09,02,1987,0.0
09,03,1987,0.0
09,04,1987,0.0
09,05,1987,0.0
09,06,1987,0.0
09,07,1987,0.0
09,08,1987,0.0
09,09,1987,0.0
09,10,1987,0.0
09,11,1987,0.0
09,12,1987,0.0
09,13,1987,0.0
09,14,1987,14.0
09,15,1987,26.5
09,16,1987,0.0
09,17,1987,0.0
09,18,1987,0.0
09,19,1987,4.5
09,20,1987,2.5
09,21,1987,1.5
09,22,1987,14.0
09,23,1987,0.0
09,24,1987,1.5
09,25,1987,24.0
09,26,1987,1.0
09,27,1987,0.0
09,28,1987,0.0
09,29,1987,1.0
09,30,1987,4.0
10,01,1987,0.0
10,02,1987,0.0
10,03,1987,0.0
10,04,1987,0.0
10,05,1987,0.0
10,06,1987,0.0
10,07,1987,0.0
10,08,1987,0.0
10,09,1987,0.0
10,10,1987,0.0
10,11,1987,0.0
10,12,1987,0.0
10,13,1987,0.0
10,14,1987,0.0
10,15,1987,0.0
10,16,1987,0.0
10,17,1987,0.0
10,18,1987,0.0
10,19,1987,0.0
10,20,1987,0.0
10,21,1987,0.0
10,22,1987,0.0
10,23,1987,0.0
10,24,1987,0.0
10,25,1987,0.0
10,26,1987,0.0
10,27,1987,0.0
10,28,1987,0.0
10,29,1987,0.0
10,30,1987,0.0
10,31,1987,0.0
11,01,1987,0.0
11,02,1987,0.0
11,03,1987,0.0
11,04,1987,0.0
11,05,1987,0.0
11,06,1987,0.0
11,07,1987,0.0
11,08,1987,0.0
11,09,1987,0.0
11,10,1987,17.5
11,11,1987,9.0
11,12,1987,0.0
11,13,1987,0.0
11,14,1987,0.0
11,15,1987,0.0
11,16,1987,0.0
11,17,1987,0.0
11,18,1987,0.0
11,19,1987,0.0
11,20,1987,0.0
11,21,1987,0.0
11,22,1987,0.0
11,23,1987,0.0
11,24,1987,0.0
11,25,1987,0.0
11,26,1987,0.0
11,27,1987,0.0
11,28,1987,0.0
11,29,1987,0.0
11,30,1987,0.0
12,01,1987,0.0
12,02,1987,0.0
12,03,1987,0.0
12,04,1987,0.0
12,05,1987,0.0
12,06,1987,0.0
12,07,1987,0.0
12,08,1987,0.0
12,09,1987,0.0
12,10,1987,0.0
12,11,1987,0.0
12,12,1987,0.0
12,13,1987,0.0
12,14,1987,0.0
12,15,1987,0.0
12,16,1987,0.0
12,17,1987,0.0
12,18,1987,0.0
12,19,1987,0.0
12,20,1987,0.0
12,21,1987,0.0
12,22,1987,0.0
12,23,1987,0.0
12,24,1987,0.0
12,25,1987,0.0
12,26,1987,0.0
12,27,1987,0.0
12,28,1987,0.0
12,29,1987,0.0
12,30,1987,0.0
12,31,1987,0.0
01,01,1988,10.0
01,02,1988,9.6
01,03,1988,0.0
01,04,1988,0.0
01,05,1988,0.0
01,06,1988,0.0
01,07,1988,0.0
01,08,1988,0.0
01,09,1988,0.0
01,10,1988,0.0
01,11,1988,0.0
01,12,1988,0.0
01,13,1988,0.0
01,14,1988,0.0
01,15,1988,0.0
01,16,1988,0.0
01,17,1988,0.0
01,18,1988,0.0
01,19,1988,0.0
01,20,1988,0.0
01,21,1988,0.0
01,22,1988,0.0
01,23,1988,0.0
01,24,1988,0.0
01,25,1988,0.0
01,26,1988,0.0
01,27,1988,0.0
01,28,1988,0.0
01,29,1988,0.0
01,30,1988,0.0
01,31,1988,0.0
02,01,1988,0.0
02,02,1988,0.0
02,03,1988,0.0
02,04,1988,0.0
02,05,1988,0.0
02,06,1988,0.0
02,07,1988,0.0
02,08,1988,0.0
02,09,1988,0.0
02,10,1988,0.0
02,11,1988,0.0
02,12,1988,0.0
02,13,1988,3.0
02,14,1988,0.0
02,15,1988,0.0
02,16,1988,0.0
02,17,1988,0.0
02,18,1988,0.0
02,19,1988,0.0
02,20,1988,0.0
02,21,1988,0.0
02,22,1988,0.0
02,23,1988,0.0
02,24,1988,0.0
02,25,1988,0.0
02,26,1988,0.0
02,27,1988,0.0
02,28,1988,0.0
02,29,1988,0.0
03,01,1988,10.0
03,02,1988,0.0
03,03,1988,4.5
03,04,1988,19.0
03,05,1988,0.0
03,06,1988,8.0
03,07,1988,0.0
03,08,1988,0.0
03,09,1988,0.0
03,10,1988,0.0
03,11,1988,0.0
03,12,1988,0.0
03,13,1988,0.0
03,14,1988,0.0
03,15,1988,0.0
03,16,1988,0.0
03,17,1988,0.0
03,18,1988,0.0
03,19,1988,0.0
03,20,1988,0.0
03,21,1988,0.0
03,22,1988,0.0
03,23,1988,0.0
03,24,1988,0.0
03,25,1988,0.0
03,26,1988,0.0
03,27,1988,0.0
03,28,1988,0.0
03,29,1988,0.0
03,30,1988,0.0
03,31,1988,0.0
04,01,1988,0.0
04,02,1988,0.0
04,03,1988,0.0
04,04,1988,0.0
04,05,1988,0.0
04,06,1988,0.0
04,07,1988,0.0
04,08,1988,0.0
04,09,1988,0.0
04,10,1988,0.0
04,11,1988,0.0
04,12,1988,0.0
04,13,1988,0.0
04,14,1988,0.0
04,15,1988,0.0
04,16,1988,0.0
04,17,1988,0.0
04,18,1988,0.0
04,19,1988,0.0
04,20,1988,0.0
04,21,1988,0.0
04,22,1988,0.0
04,23,1988,0.0
04,24,1988,0.0
04,25,1988,0.0
04,26,1988,0.0
04,27,1988,0.0
04,28,1988,0.0
04,29,1988,0.0
04,30,1988,0.0
05,01,1988,0.0
05,02,1988,0.0
05,03,1988,0.0
05,04,1988,0.0
05,05,1988,0.0
05,06,1988,0.0
05,07,1988,0.0
05,08,1988,0.0
05,09,1988,0.0
05,10,1988,0.0
05,11,1988,0.0
05,12,1988,0.0
05,13,1988,0.0
05,14,1988,0.0
05,15,1988,0.0
05,16,1988,0.0
05,17,1988,0.0
05,18,1988,0.0
05,19,1988,0.0
05,20,1988,0.0
05,21,1988,0.0
05,22,1988,0.0
05,23,1988,0.0
05,24,1988,0.0
05,25,1988,0.0
05,26,1988,3.0
05,27,1988,0.0
05,28,1988,0.0
05,29,1988,0.0
05,30,1988,0.0
05,31,1988,0.0
06,01,1988,0.0
06,02,1988,0.0
06,03,1988,0.0
06,04,1988,0.0
06,05,1988,0.0
06,06,1988,0.0
06,07,1988,0.0
06,08,1988,4.5
06,09,1988,0.0
06,10,1988,0.0
06,11,1988,0.0
06,12,1988,0.0
06,13,1988,1.8
06,14,1988,0.0
06,15,1988,0.0
06,16,1988,0.0
06,17,1988,16.0
06,18,1988,0.0
06,19,1988,22.0
06,20,1988,0.0
06,21,1988,0.0
06,22,1988,5.0
06,23,1988,2.0
06,24,1988,8.0
06,25,1988,4.0
06,26,1988,10.0
06,27,1988,9.0
06,28,1988,12.0
06,29,1988,3.0
06,30,1988,12.0
07,01,1988,29.0
07,02,1988,5.0
07,03,1988,2.0
07,04,1988,4.5
07,05,1988,36.0
07,06,1988,6.0
07,07,1988,3.5
07,08,1988,2.0
07,09,1988,3.0
07,10,1988,5.0
07,11,1988,24.0
07,12,1988,0.0
07,13,1988,26.0
07,14,1988,0.0
07,15,1988,11.0
07,16,1988,33.0
07,17,1988,0.0
07,18,1988,8.0
07,19,1988,20.0
07,20,1988,10.5
07,21,1988,2.5
07,22,1988,12.0
07,23,1988,32.0
07,24,1988,5.0
07,25,1988,7.0
07,26,1988,18.5
07,27,1988,4.0
07,28,1988,5.0
07,29,1988,7.0
07,30,1988,4.5
07,31,1988,6.0
08,01,1988,7.0
08,02,1988,16.0
08,03,1988,4.0
08,04,1988,0.0
08,05,1988,5.5
08,06,1988,0.0
08,07,1988,11.0
08,08,1988,17.0
08,09,1988,21.0
08,10,1988,20.0
08,11,1988,9.0
08,12,1988,3.0
08,13,1988,0.0
08,14,1988,0.0
08,15,1988,0.0
08,16,1988,4.4
08,17,1988,0.0
08,18,1988,3.0
08,19,1988,4.5
08,20,1988,0.0
08,21,1988,0.0
08,22,1988,8.0
08,23,1988,5.0
08,24,1988,12.5
08,25,1988,0.0
08,26,1988,0.0
08,27,1988,0.0
08,28,1988,0.0
08,29,1988,0.0
08,30,1988,1.5
08,31,1988,16.0
09,01,1988,0.0
09,02,1988,8.0
09,03,1988,0.0
09,04,1988,14.0
09,05,1988,2.5
09,06,1988,4.0
09,07,1988,0.0
09,08,1988,0.0
09,09,1988,0.0
09,10,1988,0.0
09,11,1988,3.0
09,12,1988,1.5
09,13,1988,0.0
09,14,1988,0.0
09,15,1988,0.0
09,16,1988,0.0
09,17,1988,7.0
09,18,1988,7.0
09,19,1988,0.0
09,20,1988,0.0
09,21,1988,2.0
09,22,1988,7.0
09,23,1988,4.0
09,24,1988,0.0
09,25,1988,0.0
09,26,1988,0.0
09,27,1988,0.0
09,28,1988,0.0
09,29,1988,0.0
09,30,1988,0.0
10,01,1988,0.0
10,02,1988,0.0
10,03,1988,0.0
10,04,1988,0.0
10,05,1988,0.0
10,06,1988,0.0
10,07,1988,13.0
10,08,1988,0.0
10,09,1988,6.0
10,10,1988,0.0
10,11,1988,4.5
10,12,1988,0.0
10,13,1988,0.0
10,14,1988,0.0
10,15,1988,0.0
10,16,1988,0.0
10,17,1988,0.0
10,18,1988,0.0
10,19,1988,0.0
10,20,1988,0.0
10,21,1988,0.0
10,22,1988,0.0
10,23,1988,0.0
10,24,1988,0.0
10,25,1988,0.0
10,26,1988,0.0
10,27,1988,0.0
10,28,1988,0.0
10,29,1988,0.0
10,30,1988,0.0
10,31,1988,0.0
11,01,1988,0.0
11,02,1988,0.0
11,03,1988,0.0
11,04,1988,0.0
11,05,1988,0.0
11,06,1988,0.0
11,07,1988,0.0
11,08,1988,0.0
11,09,1988,0.0
11,10,1988,0.0
11,11,1988,0.0
11,12,1988,0.0
11,13,1988,0.0
11,14,1988,0.0
11,15,1988,0.0
11,16,1988,0.0
11,17,1988,0.0
11,18,1988,0.0
11,19,1988,0.0
11,20,1988,0.0
11,21,1988,0.0
11,22,1988,0.0
11,23,1988,4.0
11,24,1988,0.0
11,25,1988,0.0
11,26,1988,0.0
11,27,1988,0.0
11,28,1988,0.0
11,29,1988,0.0
11,30,1988,0.0
12,01,1988,0.0
12,02,1988,0.0
12,03,1988,0.0
12,04,1988,0.0
12,05,1988,0.0
12,06,1988,0.0
12,07,1988,0.0
12,08,1988,0.0
12,09,1988,0.0
12,10,1988,0.0
12,11,1988,0.0
12,12,1988,0.0
12,13,1988,0.0
12,14,1988,0.0
12,15,1988,0.0
12,16,1988,0.0
12,17,1988,0.0
12,18,1988,0.0
12,19,1988,0.0
12,20,1988,0.0
12,21,1988,0.0
12,22,1988,0.0
12,23,1988,0.0
12,24,1988,0.0
12,25,1988,0.0
12,26,1988,0.0
12,27,1988,0.0
12,28,1988,0.0
12,29,1988,0.0
12,30,1988,0.0
12,31,1988,0.0
01,01,1989,0.0
01,02,1989,0.0
01,03,1989,0.0
01,04,1989,0.0
01,05,1989,0.0
01,06,1989,0.0
01,07,1989,0.0
01,08,1989,0.0
01,09,1989,0.0
01,10,1989,0.0
01,11,1989,0.0
01,12,1989,0.0
01,13,1989,0.0
01,14,1989,0.0
01,15,1989,0.0
01,16,1989,0.0
01,17,1989,0.0
01,18,1989,0.0
01,19,1989,0.0
01,20,1989,0.0
01,21,1989,0.0
01,22,1989,0.0
01,23,1989,0.0
01,24,1989,0.0
01,25,1989,0.0
01,26,1989,0.0
01,27,1989,0.0
01,28,1989,0.0
01,29,1989,0.0
01,30,1989,0.0
01,31,1989,0.0
02,01,1989,0.0
02,02,1989,0.0
02,03,1989,0.0
02,04,1989,0.0
02,05,1989,0.0
02,06,1989,0.0
02,07,1989,0.0
02,08,1989,0.0
02,09,1989,0.0
02,10,1989,0.0
02,11,1989,0.0
02,12,1989,0.0
02,13,1989,0.0
02,14,1989,0.0
02,15,1989,0.0
02,16,1989,0.0
02,17,1989,0.0
02,18,1989,0.0
02,19,1989,0.0
02,20,1989,0.0
02,21,1989,0.0
02,22,1989,0.0
02,23,1989,0.0
02,24,1989,0.0
02,25,1989,0.0
02,26,1989,0.0
02,27,1989,0.0
02,28,1989,0.0
03,01,1989,0.0
03,02,1989,0.0
03,03,1989,0.0
03,04,1989,0.0
03,05,1989,0.0
03,06,1989,0.0
03,07,1989,0.0
03,08,1989,0.0
03,09,1989,0.0
03,10,1989,0.0
03,11,1989,0.0
03,12,1989,0.0
03,13,1989,0.0
03,14,1989,0.0
03,15,1989,0.0
03,16,1989,0.0
03,17,1989,0.0
03,18,1989,0.0
03,19,1989,0.0
03,20,1989,0.0
03,21,1989,0.0
03,22,1989,0.0
03,23,1989,0.0
03,24,1989,0.0
03,25,1989,0.0
03,26,1989,0.0
03,27,1989,0.0
03,28,1989,0.0
03,29,1989,0.0
03,30,1989,0.0
03,31,1989,0.0
04,01,1989,0.0
04,02,1989,0.0
04,03,1989,0.0
04,04,1989,0.0
04,05,1989,0.0
04,06,1989,0.0
04,07,1989,0.0
04,08,1989,0.0
04,09,1989,0.0
04,10,1989,0.0
04,11,1989,0.0
04,12,1989,0.0
04,13,1989,0.0
04,14,1989,0.0
04,15,1989,0.0
04,16,1989,0.0
04,17,1989,0.0
04,18,1989,0.0
04,19,1989,0.0
04,20,1989,0.0
04,21,1989,0.0
04,22,1989,0.0
04,23,1989,0.0
04,24,1989,0.0
04,25,1989,0.0
04,26,1989,0.0
04,27,1989,0.0
04,28,1989,0.0
04,29,1989,0.0
04,30,1989,0.0
05,01,1989,1.0
05,02,1989,0.0
05,03,1989,1.5
05,04,1989,0.0
05,05,1989,0.0
05,06,1989,0.0
05,07,1989,0.0
05,08,1989,9.0
05,09,1989,0.0
05,10,1989,0.0
05,11,1989,0.0
05,12,1989,5.0
05,13,1989,0.0
05,14,1989,0.0
05,15,1989,0.0
05,16,1989,0.0
05,17,1989,0.0
05,18,1989,0.0
05,19,1989,0.0
05,20,1989,5.0
05,21,1989,0.0
05,22,1989,0.0
05,23,1989,0.0
05,24,1989,0.0
05,25,1989,0.0
05,26,1989,0.0
05,27,1989,14.0
05,28,1989,0.0
05,29,1989,0.0
05,30,1989,0.0
05,31,1989,0.0
06,01,1989,3.5
06,02,1989,0.0
06,03,1989,0.0
06,04,1989,0.0
06,05,1989,0.0
06,06,1989,0.0
06,07,1989,0.0
06,08,1989,7.0
06,09,1989,11.6
06,10,1989,5.4
06,11,1989,0.0
06,12,1989,8.9
06,13,1989,6.5
06,14,1989,3.7
06,15,1989,2.2
06,16,1989,0.0
06,17,1989,0.0
06,18,1989,0.0
06,19,1989,0.0
06,20,1989,0.0
06,21,1989,7.5
06,22,1989,3.5
06,23,1989,0.0
06,24,1989,0.0
06,25,1989,25.5
06,26,1989,1.5
06,27,1989,3.5
06,28,1989,7.0
06,29,1989,0.0
06,30,1989,12.0
07,01,1989,7.5
07,02,1989,16.0
07,03,1989,12.0
07,04,1989,0.0
07,05,1989,0.0
07,06,1989,2.0
07,07,1989,5.5
07,08,1989,14.0
07,09,1989,4.0
07,10,1989,3.0
07,11,1989,0.0
07,12,1989,0.0
07,13,1989,10.0
07,14,1989,9.5
07,15,1989,12.0
07,16,1989,0.0
07,17,1989,0.0
07,18,1989,0.0
07,19,1989,2.0
07,20,1989,0.0
07,21,1989,11.0
07,22,1989,3.0
07,23,1989,3.0
07,24,1989,0.0
07,25,1989,39.0
07,26,1989,31.0
07,27,1989,0.0
07,28,1989,0.0
07,29,1989,0.0
07,30,1989,11.5
07,31,1989,0.0
08,01,1989,9.5
08,02,1989,0.0
08,03,1989,2.0
08,04,1989,16.0
08,05,1989,2.0
08,06,1989,3.5
08,07,1989,3.5
08,08,1989,0.0
08,09,1989,6.0
08,10,1989,1.0
08,11,1989,48.0
08,12,1989,0.0
08,13,1989,0.0
08,14,1989,1.0
08,15,1989,3.0
08,16,1989,1.0
08,17,1989,15.0
08,18,1989,10.0
08,19,1989,8.0
08,20,1989,0.0
08,21,1989,0.0
08,22,1989,2.0
08,23,1989,7.0
08,24,1989,11.0
08,25,1989,0.0
08,26,1989,13.0
08,27,1989,12.0
08,28,1989,11.0
08,29,1989,14.0
08,30,1989,18.0
08,31,1989,8.0
09,01,1989,null
09,02,1989,null
09,03,1989,null
09,04,1989,null
09,05,1989,null
09,06,1989,null
09,07,1989,null
09,08,1989,null
09,09,1989,null
09,10,1989,null
09,11,1989,null
09,12,1989,null
09,13,1989,null
09,14,1989,null
09,15,1989,null
09,16,1989,null
09,17,1989,null
09,18,1989,null
09,19,1989,null
09,20,1989,null
09,21,1989,null
09,22,1989,null
09,23,1989,null
09,24,1989,null
09,25,1989,null
09,26,1989,null
09,27,1989,null
09,28,1989,null
09,29,1989,null
09,30,1989,null
10,01,1989,null
10,02,1989,null
10,03,1989,null
10,04,1989,null
10,05,1989,null
10,06,1989,null
10,07,1989,null
10,08,1989,null
10,09,1989,null
10,10,1989,null
10,11,1989,null
10,12,1989,null
10,13,1989,null
10,14,1989,null
10,15,1989,null
10,16,1989,null
10,17,1989,null
10,18,1989,null
10,19,1989,null
10,20,1989,null
10,21,1989,null
10,22,1989,null
10,23,1989,null
10,24,1989,null
10,25,1989,null
10,26,1989,null
10,27,1989,null
10,28,1989,null
10,29,1989,null
10,30,1989,null
10,31,1989,null
11,01,1989,null
11,02,1989,null
11,03,1989,null
11,04,1989,null
11,05,1989,null
11,06,1989,null
11,07,1989,null
11,08,1989,null
11,09,1989,null
11,10,1989,null
11,11,1989,null
11,12,1989,null
11,13,1989,null
11,14,1989,null
11,15,1989,null
11,16,1989,null
11,17,1989,null
11,18,1989,null
11,19,1989,null
11,20,1989,null
11,21,1989,null
11,22,1989,null
11,23,1989,null
11,24,1989,null
11,25,1989,null
11,26,1989,null
11,27,1989,null
11,28,1989,null
11,29,1989,null
11,30,1989,null
12,01,1989,null
12,02,1989,null
12,03,1989,null
12,04,1989,null
12,05,1989,null
12,06,1989,null
12,07,1989,null
12,08,1989,null
12,09,1989,null
12,10,1989,null
12,11,1989,null
12,12,1989,null
12,13,1989,null
12,14,1989,null
12,15,1989,null
12,16,1989,null
12,17,1989,null
12,18,1989,null
12,19,1989,null
12,20,1989,null
12,21,1989,null
12,22,1989,null
12,23,1989,null
12,24,1989,null
12,25,1989,null
12,26,1989,null
12,27,1989,null
12,28,1989,null
12,29,1989,null
12,30,1989,null
12,31,1989,null
01,01,1990,0.0
01,02,1990,0.0
01,03,1990,0.0
01,04,1990,0.0
01,05,1990,0.0
01,06,1990,0.0
01,07,1990,0.0
01,08,1990,0.0
01,09,1990,0.0
01,10,1990,0.0
01,11,1990,0.0
01,12,1990,0.0
01,13,1990,4.0
01,14,1990,0.0
01,15,1990,0.0
01,16,1990,0.0
01,17,1990,0.0
01,18,1990,0.0
01,19,1990,0.0
01,20,1990,0.0
01,21,1990,0.0
01,22,1990,0.0
01,23,1990,0.0
01,24,1990,0.0
01,25,1990,3.0
01,26,1990,1.0
01,27,1990,0.0
01,28,1990,0.0
01,29,1990,0.0
01,30,1990,0.0
01,31,1990,0.0
02,01,1990,0.0
02,02,1990,0.0
02,03,1990,0.0
02,04,1990,0.0
02,05,1990,0.0
02,06,1990,0.0
02,07,1990,0.0
02,08,1990,0.0
02,09,1990,0.0
02,10,1990,0.0
02,11,1990,0.0
02,12,1990,0.0
02,13,1990,0.0
02,14,1990,0.0
02,15,1990,0.0
02,16,1990,0.0
02,17,1990,0.0
02,18,1990,0.0
02,19,1990,0.0
02,20,1990,0.0
02,21,1990,0.0
02,22,1990,0.0
02,23,1990,0.0
02,24,1990,0.0
02,25,1990,0.0
02,26,1990,0.0
02,27,1990,0.0
02,28,1990,0.0
03,01,1990,0.0
03,02,1990,0.0
03,03,1990,0.0
03,04,1990,0.0
03,05,1990,0.0
03,06,1990,0.0
03,07,1990,0.0
03,08,1990,0.0
03,09,1990,0.0
03,10,1990,0.0
03,11,1990,0.0
03,12,1990,0.0
03,13,1990,0.0
03,14,1990,0.0
03,15,1990,0.0
03,16,1990,0.0
03,17,1990,0.0
03,18,1990,0.0
03,19,1990,0.0
03,20,1990,0.0
03,21,1990,0.0
03,22,1990,0.0
03,23,1990,8.0
03,24,1990,1.0
03,25,1990,2.0
03,26,1990,0.0
03,27,1990,0.0
03,28,1990,0.0
03,29,1990,0.0
03,30,1990,0.0
03,31,1990,0.0
04,01,1990,0.0
04,02,1990,0.0
04,03,1990,0.0
04,04,1990,0.0
04,05,1990,1.0
04,06,1990,0.0
04,07,1990,0.0
04,08,1990,3.0
04,09,1990,0.0
04,10,1990,0.0
04,11,1990,0.0
04,12,1990,21.0
04,13,1990,0.0
04,14,1990,0.0
04,15,1990,0.0
04,16,1990,0.0
04,17,1990,0.0
04,18,1990,0.0
04,19,1990,0.0
04,20,1990,5.0
04,21,1990,0.0
04,22,1990,0.0
04,23,1990,1.0
04,24,1990,10.0
04,25,1990,6.0
04,26,1990,14.0
04,27,1990,0.0
04,28,1990,0.0
04,29,1990,0.0
04,30,1990,0.0
05,01,1990,0.0
05,02,1990,0.0
05,03,1990,0.0
05,04,1990,3.5
05,05,1990,10.0
05,06,1990,15.5
05,07,1990,0.0
05,08,1990,0.0
05,09,1990,0.0
05,10,1990,0.0
05,11,1990,0.0
05,12,1990,6.5
05,13,1990,10.5
05,14,1990,0.0
05,15,1990,0.0
05,16,1990,0.0
05,17,1990,0.0
05,18,1990,7.0
05,19,1990,4.0
05,20,1990,0.0
05,21,1990,5.0
05,22,1990,0.0
05,23,1990,0.0
05,24,1990,0.0
05,25,1990,4.0
05,26,1990,0.0
05,27,1990,0.0
05,28,1990,1.0
05,29,1990,0.0
05,30,1990,0.0
05,31,1990,null
06,01,1990,0.0
06,02,1990,0.0
06,03,1990,2.0
06,04,1990,0.0
06,05,1990,0.0
06,06,1990,0.0
06,07,1990,0.0
06,08,1990,0.0
06,09,1990,0.0
06,10,1990,0.0
06,11,1990,11.0
06,12,1990,3.0
06,13,1990,2.0
06,14,1990,6.0
06,15,1990,10.5
06,16,1990,0.0
06,17,1990,0.0
06,18,1990,4.0
06,19,1990,3.0
06,20,1990,5.5
06,21,1990,0.0
06,22,1990,12.0
06,23,1990,21.0
06,24,1990,3.0
06,25,1990,1.0
06,26,1990,2.0
06,27,1990,27.0
06,28,1990,11.0
06,29,1990,0.0
06,30,1990,0.0
07,01,1990,10.0
07,02,1990,20.0
07,03,1990,16.0
07,04,1990,17.1
07,05,1990,13.0
07,06,1990,12.0
07,07,1990,0.0
07,08,1990,19.0
07,09,1990,0.0
07,10,1990,8.5
07,11,1990,21.0
07,12,1990,1.5
07,13,1990,2.0
07,14,1990,14.0
07,15,1990,1.0
07,16,1990,11.5
07,17,1990,3.5
07,18,1990,3.0
07,19,1990,0.0
07,20,1990,17.0
07,21,1990,6.5
07,22,1990,9.5
07,23,1990,5.5
07,24,1990,4.0
07,25,1990,0.0
07,26,1990,0.0
07,27,1990,6.0
07,28,1990,3.5
07,29,1990,5.5
07,30,1990,14.5
07,31,1990,24.0
08,01,1990,8.5
08,02,1990,3.0
08,03,1990,18.0
08,04,1990,17.0
08,05,1990,0.0
08,06,1990,0.0
08,07,1990,18.5
08,08,1990,6.5
08,09,1990,13.0
08,10,1990,26.0
08,11,1990,11.0
08,12,1990,7.0
08,13,1990,8.0
08,14,1990,3.5
08,15,1990,31.0
08,16,1990,12.5
08,17,1990,8.0
08,18,1990,19.0
08,19,1990,0.0
08,20,1990,0.0
08,21,1990,0.0
08,22,1990,2.0
08,23,1990,20.0
08,24,1990,10.0
08,25,1990,12.5
08,26,1990,13.0
08,27,1990,0.0
08,28,1990,7.5
08,29,1990,0.0
08,30,1990,0.0
08,31,1990,0.0
09,01,1990,0.0
09,02,1990,13.0
09,03,1990,15.0
09,04,1990,0.0
09,05,1990,0.0
09,06,1990,1.0
09,07,1990,0.0
09,08,1990,12.0
09,09,1990,13.0
09,10,1990,0.0
09,11,1990,3.0
09,12,1990,5.0
09,13,1990,14.0
09,14,1990,4.0
09,15,1990,1.0
09,16,1990,8.0
09,17,1990,20.0
09,18,1990,7.0
09,19,1990,16.0
09,20,1990,2.0
09,21,1990,6.0
09,22,1990,0.0
09,23,1990,0.0
09,24,1990,0.0
09,25,1990,0.0
09,26,1990,0.0
09,27,1990,0.0
09,28,1990,0.0
09,29,1990,0.0
09,30,1990,0.0
10,01,1990,0.0
10,02,1990,0.0
10,03,1990,5.0
10,04,1990,0.0
10,05,1990,0.0
10,06,1990,0.0
10,07,1990,8.0
10,08,1990,1.0
10,09,1990,0.0
10,10,1990,1.0
10,11,1990,3.0
10,12,1990,0.0
10,13,1990,0.0
10,14,1990,0.0
10,15,1990,2.0
10,16,1990,1.0
10,17,1990,10.0
10,18,1990,0.0
10,19,1990,7.5
10,20,1990,12.0
10,21,1990,5.0
10,22,1990,7.0
10,23,1990,11.0
10,24,1990,11.0
10,25,1990,0.0
10,26,1990,0.0
10,27,1990,0.0
10,28,1990,0.0
10,29,1990,0.0
10,30,1990,0.0
10,31,1990,0.0
11,01,1990,0.0
11,02,1990,0.0
11,03,1990,0.0
11,04,1990,0.0
11,05,1990,0.0
11,06,1990,0.0
11,07,1990,0.0
11,08,1990,0.0
11,09,1990,0.0
11,10,1990,0.0
11,11,1990,0.0
11,12,1990,0.0
11,13,1990,0.0
11,14,1990,0.0
11,15,1990,0.0
11,16,1990,0.0
11,17,1990,0.0
11,18,1990,0.0
11,19,1990,0.0
11,20,1990,0.0
11,21,1990,0.0
11,22,1990,9.0
11,23,1990,0.0
11,24,1990,0.0
11,25,1990,0.0
11,26,1990,0.0
11,27,1990,0.0
11,28,1990,0.0
11,29,1990,0.0
11,30,1990,0.0
12,01,1990,0.0
12,02,1990,0.0
12,03,1990,0.0
12,04,1990,17.0
12,05,1990,0.0
12,06,1990,0.0
12,07,1990,0.0
12,08,1990,0.0
12,09,1990,0.0
12,10,1990,0.0
12,11,1990,0.0
12,12,1990,0.0
12,13,1990,0.0
12,14,1990,0.0
12,15,1990,0.0
12,16,1990,0.0
12,17,1990,0.0
12,18,1990,0.0
12,19,1990,0.0
12,20,1990,0.0
12,21,1990,0.0
12,22,1990,0.0
12,23,1990,0.0
12,24,1990,0.0
12,25,1990,0.0
12,26,1990,0.0
12,27,1990,0.0
12,28,1990,0.0
12,29,1990,0.0
12,30,1990,0.0
12,31,1990,0.0
01,01,1991,0.0
01,02,1991,0.0
01,03,1991,0.0
01,04,1991,0.0
01,05,1991,0.0
01,06,1991,0.0
01,07,1991,0.0
01,08,1991,0.0
01,09,1991,0.0
01,10,1991,0.0
01,11,1991,0.0
01,12,1991,0.0
01,13,1991,0.0
01,14,1991,0.0
01,15,1991,0.0
01,16,1991,0.0
01,17,1991,0.0
01,18,1991,0.0
01,19,1991,0.0
01,20,1991,0.0
01,21,1991,0.0
01,22,1991,0.0
01,23,1991,0.0
01,24,1991,0.0
01,25,1991,0.0
01,26,1991,0.0
01,27,1991,0.0
01,28,1991,0.0
01,29,1991,0.0
01,30,1991,0.0
01,31,1991,0.0
02,01,1991,0.0
02,02,1991,0.0
02,03,1991,0.0
02,04,1991,0.0
02,05,1991,0.0
02,06,1991,0.0
02,07,1991,0.0
02,08,1991,0.0
02,09,1991,0.0
02,10,1991,0.0
02,11,1991,0.0
02,12,1991,0.0
02,13,1991,0.0
02,14,1991,0.0
02,15,1991,0.0
02,16,1991,0.0
02,17,1991,0.0
02,18,1991,0.0
02,19,1991,0.0
02,20,1991,0.0
02,21,1991,0.0
02,22,1991,0.0
02,23,1991,0.0
02,24,1991,0.0
02,25,1991,0.0
02,26,1991,0.0
02,27,1991,0.0
02,28,1991,0.0
03,01,1991,0.0
03,02,1991,0.0
03,03,1991,0.0
03,04,1991,0.0
03,05,1991,0.0
03,06,1991,0.0
03,07,1991,0.0
03,08,1991,0.0
03,09,1991,0.0
03,10,1991,0.0
03,11,1991,0.0
03,12,1991,0.0
03,13,1991,0.0
03,14,1991,0.0
03,15,1991,0.0
03,16,1991,0.0
03,17,1991,0.0
03,18,1991,0.0
03,19,1991,0.0
03,20,1991,0.0
03,21,1991,0.0
03,22,1991,0.0
03,23,1991,0.0
03,24,1991,0.0
03,25,1991,0.0
03,26,1991,0.0
03,27,1991,0.0
03,28,1991,0.0
03,29,1991,0.0
03,30,1991,0.0
03,31,1991,0.0
04,01,1991,0.0
04,02,1991,0.0
04,03,1991,0.0
04,04,1991,0.0
04,05,1991,0.0
04,06,1991,0.0
04,07,1991,0.0
04,08,1991,0.0
04,09,1991,0.0
04,10,1991,0.0
04,11,1991,0.0
04,12,1991,0.0
04,13,1991,0.0
04,14,1991,0.0
04,15,1991,0.0
04,16,1991,1.0
04,17,1991,0.0
04,18,1991,0.0
04,19,1991,0.0
04,20,1991,0.0
04,21,1991,0.0
04,22,1991,0.0
04,23,1991,0.0
04,24,1991,0.0
04,25,1991,0.0
04,26,1991,0.0
04,27,1991,0.0
04,28,1991,0.0
04,29,1991,0.0
04,30,1991,0.0
05,01,1991,0.0
05,02,1991,0.0
05,03,1991,0.0
05,04,1991,0.0
05,05,1991,0.0
05,06,1991,2.0
05,07,1991,4.0
05,08,1991,1.0
05,09,1991,3.0
05,10,1991,4.0
05,11,1991,0.0
05,12,1991,1.0
05,13,1991,3.0
05,14,1991,0.0
05,15,1991,0.0
05,16,1991,0.0
05,17,1991,0.0
05,18,1991,0.0
05,19,1991,0.0
05,20,1991,0.0
05,21,1991,0.0
05,22,1991,0.0
05,23,1991,0.0
05,24,1991,0.0
05,25,1991,0.0
05,26,1991,0.0
05,27,1991,22.0
05,28,1991,3.5
05,29,1991,0.0
05,30,1991,0.0
05,31,1991,0.0
06,01,1991,2.0
06,02,1991,0.0
06,03,1991,5.0
06,04,1991,0.0
06,05,1991,0.0
06,06,1991,0.0
06,07,1991,0.0
06,08,1991,17.5
06,09,1991,0.0
06,10,1991,3.0
06,11,1991,9.5
06,12,1991,0.0
06,13,1991,0.0
06,14,1991,4.1
06,15,1991,6.5
06,16,1991,11.5
06,17,1991,12.5
06,18,1991,13.5
06,19,1991,7.0
06,20,1991,4.2
06,21,1991,0.0
06,22,1991,0.0
06,23,1991,10.0
06,24,1991,6.0
06,25,1991,17.0
06,26,1991,8.0
06,27,1991,0.0
06,28,1991,3.0
06,29,1991,20.5
06,30,1991,22.0
07,01,1991,2.0
07,02,1991,0.0
07,03,1991,5.0
07,04,1991,9.5
07,05,1991,12.0
07,06,1991,15.8
07,07,1991,5.0
07,08,1991,22.0
07,09,1991,17.0
07,10,1991,6.5
07,11,1991,10.0
07,12,1991,10.5
07,13,1991,0.0
07,14,1991,14.5
07,15,1991,3.0
07,16,1991,13.0
07,17,1991,4.0
07,18,1991,15.0
07,19,1991,27.0
07,20,1991,3.0
07,21,1991,6.0
07,22,1991,10.0
07,23,1991,3.0
07,24,1991,5.5
07,25,1991,11.0
07,26,1991,11.6
07,27,1991,4.0
07,28,1991,1.0
07,29,1991,20.0
07,30,1991,2.5
07,31,1991,0.0
08,01,1991,0.0
08,02,1991,0.0
08,03,1991,1.5
08,04,1991,0.0
08,05,1991,14.0
08,06,1991,2.5
08,07,1991,0.0
08,08,1991,6.0
08,09,1991,0.0
08,10,1991,0.0
08,11,1991,0.0
08,12,1991,3.0
08,13,1991,1.0
08,14,1991,0.0
08,15,1991,5.5
08,16,1991,34.0
08,17,1991,6.0
08,18,1991,0.0
08,19,1991,15.0
08,20,1991,3.0
08,21,1991,5.5
08,22,1991,5.0
08,23,1991,0.0
08,24,1991,0.0
08,25,1991,0.0
08,26,1991,3.5
08,27,1991,29.0
08,28,1991,11.5
08,29,1991,0.0
08,30,1991,0.0
08,31,1991,0.0
09,01,1991,0.0
09,02,1991,11.5
09,03,1991,0.0
09,04,1991,8.0
09,05,1991,0.0
09,06,1991,13.0
09,07,1991,22.5
09,08,1991,0.0
09,09,1991,0.0
09,10,1991,0.0
09,11,1991,7.5
09,12,1991,11.0
09,13,1991,3.0
09,14,1991,12.0
09,15,1991,8.5
09,16,1991,1.0
09,17,1991,6.5
09,18,1991,2.0
09,19,1991,2.0
09,20,1991,5.5
09,21,1991,0.0
09,22,1991,0.0
09,23,1991,0.0
09,24,1991,0.0
09,25,1991,0.0
09,26,1991,0.0
09,27,1991,1.5
09,28,1991,14.5
09,29,1991,7.5
09,30,1991,0.0
10,01,1991,0.0
10,02,1991,5.5
10,03,1991,2.0
10,04,1991,7.0
10,05,1991,13.0
10,06,1991,0.0
10,07,1991,0.0
10,08,1991,0.0
10,09,1991,6.0
10,10,1991,19.0
10,11,1991,0.0
10,12,1991,0.0
10,13,1991,0.0
10,14,1991,0.0
10,15,1991,0.0
10,16,1991,0.0
10,17,1991,0.0
10,18,1991,0.0
10,19,1991,2.0
10,20,1991,0.0
10,21,1991,7.0
10,22,1991,34.0
10,23,1991,0.0
10,24,1991,0.0
10,25,1991,0.0
10,26,1991,0.0
10,27,1991,0.0
10,28,1991,0.0
10,29,1991,1.0
10,30,1991,4.0
10,31,1991,0.0
11,01,1991,0.0
11,02,1991,2.0
11,03,1991,20.0
11,04,1991,0.0
11,05,1991,0.0
11,06,1991,0.0
11,07,1991,0.0
11,08,1991,11.5
11,09,1991,0.0
11,10,1991,0.0
11,11,1991,0.0
11,12,1991,0.0
11,13,1991,0.0
11,14,1991,0.0
11,15,1991,0.0
11,16,1991,0.0
11,17,1991,0.0
11,18,1991,0.0
11,19,1991,0.0
11,20,1991,1.0
11,21,1991,0.0
11,22,1991,0.0
11,23,1991,0.0
11,24,1991,0.0
11,25,1991,0.0
11,26,1991,0.0
11,27,1991,0.0
11,28,1991,0.0
11,29,1991,0.0
11,30,1991,0.0
12,01,1991,0.0
12,02,1991,0.0
12,03,1991,0.0
12,04,1991,0.0
12,05,1991,0.0
12,06,1991,0.0
12,07,1991,1.0
12,08,1991,0.0
12,09,1991,0.0
12,10,1991,0.0
12,11,1991,0.0
12,12,1991,0.0
12,13,1991,0.0
12,14,1991,0.0
12,15,1991,0.0
12,16,1991,0.0
12,17,1991,0.0
12,18,1991,0.0
12,19,1991,0.0
12,20,1991,0.0
12,21,1991,0.0
12,22,1991,0.0
12,23,1991,0.0
12,24,1991,0.0
12,25,1991,2.5
12,26,1991,0.0
12,27,1991,0.0
12,28,1991,0.0
12,29,1991,0.0
12,30,1991,0.0
12,31,1991,0.0
01,01,1992,0.0
01,02,1992,0.0
01,03,1992,0.0
01,04,1992,0.0
01,05,1992,0.0
01,06,1992,0.0
01,07,1992,0.0
01,08,1992,0.0
01,09,1992,0.0
01,10,1992,16.0
01,11,1992,0.0
01,12,1992,0.0
01,13,1992,0.0
01,14,1992,0.0
01,15,1992,0.0
01,16,1992,1.0
01,17,1992,6.5
01,18,1992,10.5
01,19,1992,0.0
01,20,1992,0.0
01,21,1992,0.0
01,22,1992,0.0
01,23,1992,1.5
01,24,1992,3.5
01,25,1992,2.0
01,26,1992,21.0
01,27,1992,0.0
01,28,1992,20.0
01,29,1992,3.5
01,30,1992,40.0
01,31,1992,25.5
02,01,1992,25.0
02,02,1992,20.0
02,03,1992,6.0
02,04,1992,0.0
02,05,1992,0.0
02,06,1992,0.0
02,07,1992,0.0
02,08,1992,0.0
02,09,1992,0.0
02,10,1992,0.0
02,11,1992,0.0
02,12,1992,0.0
02,13,1992,0.0
02,14,1992,0.0
02,15,1992,0.0
02,16,1992,0.0
02,17,1992,0.0
02,18,1992,0.0
02,19,1992,0.0
02,20,1992,0.0
02,21,1992,0.0
02,22,1992,1.5
02,23,1992,0.0
02,24,1992,0.0
02,25,1992,0.0
02,26,1992,0.0
02,27,1992,0.0
02,28,1992,0.0
02,29,1992,0.0
03,01,1992,0.0
03,02,1992,0.0
03,03,1992,0.0
03,04,1992,0.0
03,05,1992,0.0
03,06,1992,0.0
03,07,1992,0.0
03,08,1992,0.0
03,09,1992,0.0
03,10,1992,0.0
03,11,1992,0.0
03,12,1992,0.0
03,13,1992,0.0
03,14,1992,0.0
03,15,1992,0.0
03,16,1992,0.0
03,17,1992,0.0
03,18,1992,0.0
03,19,1992,0.0
03,20,1992,0.0
03,21,1992,0.0
03,22,1992,0.0
03,23,1992,0.0
03,24,1992,0.0
03,25,1992,0.0
03,26,1992,0.0
03,27,1992,0.0
03,28,1992,0.0
03,29,1992,0.0
03,30,1992,0.0
03,31,1992,0.0
04,01,1992,0.0
04,02,1992,0.0
04,03,1992,0.0
04,04,1992,10.5
04,05,1992,0.0
04,06,1992,0.0
04,07,1992,0.0
04,08,1992,0.0
04,09,1992,2.5
04,10,1992,0.0
04,11,1992,0.0
04,12,1992,0.0
04,13,1992,0.0
04,14,1992,0.0
04,15,1992,0.0
04,16,1992,0.0
04,17,1992,0.0
04,18,1992,0.0
04,19,1992,0.0
04,20,1992,0.0
04,21,1992,0.0
04,22,1992,0.0
04,23,1992,0.0
04,24,1992,0.0
04,25,1992,0.0
04,26,1992,0.0
04,27,1992,1.0
04,28,1992,0.0
04,29,1992,0.0
04,30,1992,0.0
05,01,1992,0.0
05,02,1992,0.0
05,03,1992,13.0
05,04,1992,0.0
05,05,1992,4.5
05,06,1992,16.0
05,07,1992,0.0
05,08,1992,17.0
05,09,1992,0.0
05,10,1992,0.0
05,11,1992,0.0
05,12,1992,0.0
05,13,1992,4.0
05,14,1992,0.0
05,15,1992,0.0
05,16,1992,0.0
05,17,1992,0.0
05,18,1992,3.5
05,19,1992,11.5
05,20,1992,0.0
05,21,1992,1.5
05,22,1992,0.0
05,23,1992,0.0
05,24,1992,1.0
05,25,1992,0.0
05,26,1992,13.0
05,27,1992,0.0
05,28,1992,9.0
05,29,1992,14.0
05,30,1992,0.0
05,31,1992,9.0
06,01,1992,15.5
06,02,1992,2.0
06,03,1992,0.0
06,04,1992,0.0
06,05,1992,16.0
06,06,1992,5.5
06,07,1992,0.0
06,08,1992,0.0
06,09,1992,9.0
06,10,1992,14.5
06,11,1992,0.0
06,12,1992,0.0
06,13,1992,0.0
06,14,1992,0.0
06,15,1992,0.0
06,16,1992,0.0
06,17,1992,0.0
06,18,1992,0.0
06,19,1992,0.0
06,20,1992,0.0
06,21,1992,0.0
06,22,1992,0.0
06,23,1992,0.0
06,24,1992,0.0
06,25,1992,0.0
06,26,1992,0.0
06,27,1992,0.0
06,28,1992,0.0
06,29,1992,0.0
06,30,1992,0.0
07,01,1992,6.0
07,02,1992,3.0
07,03,1992,15.5
07,04,1992,0.0
07,05,1992,11.5
07,06,1992,0.0
07,07,1992,3.0
07,08,1992,9.0
07,09,1992,0.0
07,10,1992,0.0
07,11,1992,4.7
07,12,1992,9.0
07,13,1992,8.5
07,14,1992,10.0
07,15,1992,8.5
07,16,1992,14.0
07,17,1992,0.0
07,18,1992,11.5
07,19,1992,19.0
07,20,1992,0.0
07,21,1992,3.5
07,22,1992,14.0
07,23,1992,10.5
07,24,1992,18.0
07,25,1992,0.0
07,26,1992,20.0
07,27,1992,25.0
07,28,1992,6.0
07,29,1992,5.0
07,30,1992,10.0
07,31,1992,8.5
08,01,1992,1.0
08,02,1992,13.0
08,03,1992,1.5
08,04,1992,13.5
08,05,1992,2.0
08,06,1992,4.7
08,07,1992,0.0
08,08,1992,0.0
08,09,1992,0.0
08,10,1992,0.0
08,11,1992,10.5
08,12,1992,10.5
08,13,1992,10.0
08,14,1992,0.0
08,15,1992,12.5
08,16,1992,20.0
08,17,1992,10.0
08,18,1992,10.0
08,19,1992,13.0
08,20,1992,14.5
08,21,1992,0.0
08,22,1992,0.0
08,23,1992,11.0
08,24,1992,6.0
08,25,1992,2.0
08,26,1992,5.5
08,27,1992,12.0
08,28,1992,9.5
08,29,1992,0.0
08,30,1992,0.0
08,31,1992,8.0
09,01,1992,0.0
09,02,1992,10.5
09,03,1992,0.0
09,04,1992,0.0
09,05,1992,0.0
09,06,1992,0.0
09,07,1992,0.0
09,08,1992,4.5
09,09,1992,31.0
09,10,1992,3.0
09,11,1992,0.0
09,12,1992,0.0
09,13,1992,19.0
09,14,1992,12.0
09,15,1992,26.0
09,16,1992,6.7
09,17,1992,11.5
09,18,1992,5.0
09,19,1992,0.0
09,20,1992,0.0
09,21,1992,0.0
09,22,1992,0.0
09,23,1992,8.7
09,24,1992,8.7
09,25,1992,0.0
09,26,1992,5.0
09,27,1992,0.0
09,28,1992,0.0
09,29,1992,0.0
09,30,1992,0.0
10,01,1992,0.0
10,02,1992,0.0
10,03,1992,6.5
10,04,1992,8.0
10,05,1992,8.0
10,06,1992,12.0
10,07,1992,0.0
10,08,1992,5.0
10,09,1992,0.0
10,10,1992,0.0
10,11,1992,2.5
10,12,1992,0.0
10,13,1992,16.0
10,14,1992,5.0
10,15,1992,3.0
10,16,1992,3.5
10,17,1992,0.0
10,18,1992,0.0
10,19,1992,4.0
10,20,1992,13.0
10,21,1992,1.5
10,22,1992,0.0
10,23,1992,0.0
10,24,1992,0.0
10,25,1992,0.0
10,26,1992,0.0
10,27,1992,0.0
10,28,1992,0.0
10,29,1992,0.0
10,30,1992,1.5
10,31,1992,0.0
11,01,1992,0.0
11,02,1992,0.0
11,03,1992,0.0
11,04,1992,0.0
11,05,1992,0.0
11,06,1992,0.0
11,07,1992,9.5
11,08,1992,1.5
11,09,1992,1.0
11,10,1992,14.0
11,11,1992,0.0
11,12,1992,0.0
11,13,1992,2.5
11,14,1992,14.0
11,15,1992,1.5
11,16,1992,0.0
11,17,1992,0.0
11,18,1992,0.0
11,19,1992,0.0
11,20,1992,0.0
11,21,1992,0.0
11,22,1992,0.0
11,23,1992,0.0
11,24,1992,0.0
11,25,1992,0.0
11,26,1992,0.0
11,27,1992,0.0
11,28,1992,0.0
11,29,1992,0.0
11,30,1992,0.0
12,01,1992,0.0
12,02,1992,0.0
12,03,1992,0.0
12,04,1992,0.0
12,05,1992,0.0
12,06,1992,0.0
12,07,1992,0.0
12,08,1992,0.0
12,09,1992,0.0
12,10,1992,0.0
12,11,1992,0.0
12,12,1992,0.0
12,13,1992,0.0
12,14,1992,0.0
12,15,1992,0.0
12,16,1992,0.0
12,17,1992,0.0
12,18,1992,0.0
12,19,1992,0.0
12,20,1992,0.0
12,21,1992,0.0
12,22,1992,0.0
12,23,1992,0.0
12,24,1992,0.0
12,25,1992,0.0
12,26,1992,0.0
12,27,1992,0.0
12,28,1992,0.0
12,29,1992,0.0
12,30,1992,0.0
12,31,1992,0.0
01,01,1993,0.0
01,02,1993,0.0
01,03,1993,0.0
01,04,1993,0.0
01,05,1993,0.0
01,06,1993,0.0
01,07,1993,0.0
01,08,1993,0.0
01,09,1993,0.0
01,10,1993,0.0
01,11,1993,0.0
01,12,1993,0.0
01,13,1993,0.0
01,14,1993,0.0
01,15,1993,0.0
01,16,1993,0.0
01,17,1993,0.0
01,18,1993,0.0
01,19,1993,0.0
01,20,1993,0.0
01,21,1993,0.0
01,22,1993,0.0
01,23,1993,2.0
01,24,1993,0.0
01,25,1993,0.0
01,26,1993,0.0
01,27,1993,0.0
01,28,1993,8.5
01,29,1993,0.0
01,30,1993,0.0
01,31,1993,0.0
02,01,1993,0.0
02,02,1993,1.0
02,03,1993,0.0
02,04,1993,0.0
02,05,1993,0.0
02,06,1993,0.0
02,07,1993,0.0
02,08,1993,0.0
02,09,1993,0.0
02,10,1993,0.0
02,11,1993,0.0
02,12,1993,0.0
02,13,1993,0.0
02,14,1993,0.0
02,15,1993,0.0
02,16,1993,0.0
02,17,1993,0.0
02,18,1993,0.0
02,19,1993,0.0
02,20,1993,0.0
02,21,1993,0.0
02,22,1993,0.0
02,23,1993,0.0
02,24,1993,0.0
02,25,1993,0.0
02,26,1993,0.0
02,27,1993,0.0
02,28,1993,0.0
03,01,1993,0.0
03,02,1993,0.0
03,03,1993,0.0
03,04,1993,0.0
03,05,1993,0.0
03,06,1993,0.0
03,07,1993,0.0
03,08,1993,1.5
03,09,1993,0.0
03,10,1993,0.0
03,11,1993,0.0
03,12,1993,0.0
03,13,1993,0.0
03,14,1993,0.0
03,15,1993,0.0
03,16,1993,0.0
03,17,1993,0.0
03,18,1993,0.0
03,19,1993,0.0
03,20,1993,0.0
03,21,1993,0.0
03,22,1993,0.0
03,23,1993,0.0
03,24,1993,0.0
03,25,1993,0.0
03,26,1993,0.0
03,27,1993,0.0
03,28,1993,0.0
03,29,1993,0.0
03,30,1993,0.0
03,31,1993,0.0
04,01,1993,0.0
04,02,1993,0.0
04,03,1993,0.0
04,04,1993,0.0
04,05,1993,0.0
04,06,1993,0.0
04,07,1993,0.0
04,08,1993,0.0
04,09,1993,0.0
04,10,1993,0.0
04,11,1993,0.0
04,12,1993,0.0
04,13,1993,0.0
04,14,1993,0.0
04,15,1993,0.0
04,16,1993,0.0
04,17,1993,0.0
04,18,1993,0.0
04,19,1993,0.0
04,20,1993,0.0
04,21,1993,1.5
04,22,1993,0.0
04,23,1993,0.0
04,24,1993,0.0
04,25,1993,0.0
04,26,1993,0.0
04,27,1993,0.0
04,28,1993,0.0
04,29,1993,0.0
04,30,1993,0.0
05,01,1993,0.0
05,02,1993,0.0
05,03,1993,0.0
05,04,1993,0.0
05,05,1993,0.0
05,06,1993,0.0
05,07,1993,0.0
05,08,1993,0.0
05,09,1993,0.0
05,10,1993,0.0
05,11,1993,0.0
05,12,1993,0.0
05,13,1993,0.0
05,14,1993,0.0
05,15,1993,0.0
05,16,1993,0.0
05,17,1993,0.0
05,18,1993,0.0
05,19,1993,0.0
05,20,1993,0.0
05,21,1993,0.0
05,22,1993,0.0
05,23,1993,0.0
05,24,1993,0.0
05,25,1993,0.0
05,26,1993,0.0
05,27,1993,0.0
05,28,1993,0.0
05,29,1993,0.0
05,30,1993,0.0
05,31,1993,0.0
06,01,1993,0.0
06,02,1993,0.0
06,03,1993,0.0
06,04,1993,0.0
06,05,1993,0.0
06,06,1993,0.0
06,07,1993,2.0
06,08,1993,0.0
06,09,1993,6.2
06,10,1993,3.0
06,11,1993,0.0
06,12,1993,1.0
06,13,1993,0.0
06,14,1993,0.0
06,15,1993,0.0
06,16,1993,0.0
06,17,1993,0.0
06,18,1993,4.0
06,19,1993,2.5
06,20,1993,17.5
06,21,1993,8.5
06,22,1993,9.5
06,23,1993,11.3
06,24,1993,10.7
06,25,1993,0.0
06,26,1993,0.0
06,27,1993,0.0
06,28,1993,9.0
06,29,1993,29.5
06,30,1993,21.0
07,01,1993,12.5
07,02,1993,39.0
07,03,1993,11.0
07,04,1993,4.5
07,05,1993,2.0
07,06,1993,0.0
07,07,1993,9.5
07,08,1993,3.5
07,09,1993,8.5
07,10,1993,18.5
07,11,1993,8.5
07,12,1993,9.7
07,13,1993,3.0
07,14,1993,7.0
07,15,1993,3.0
07,16,1993,26.5
07,17,1993,19.0
07,18,1993,9.5
07,19,1993,10.8
07,20,1993,19.8
07,21,1993,6.2
07,22,1993,1.5
07,23,1993,3.0
07,24,1993,19.0
07,25,1993,0.0
07,26,1993,0.0
07,27,1993,0.0
07,28,1993,0.0
07,29,1993,3.0
07,30,1993,0.0
07,31,1993,0.0
08,01,1993,1.0
08,02,1993,0.0
08,03,1993,16.5
08,04,1993,0.0
08,05,1993,0.0
08,06,1993,11.7
08,07,1993,0.0
08,08,1993,0.0
08,09,1993,0.0
08,10,1993,0.0
08,11,1993,14.5
08,12,1993,3.5
08,13,1993,0.0
08,14,1993,13.5
08,15,1993,21.0
08,16,1993,7.0
08,17,1993,0.0
08,18,1993,4.0
08,19,1993,9.0
08,20,1993,26.5
08,21,1993,14.0
08,22,1993,0.0
08,23,1993,36.0
08,24,1993,9.0
08,25,1993,4.0
08,26,1993,6.5
08,27,1993,6.0
08,28,1993,0.0
08,29,1993,6.5
08,30,1993,3.0
08,31,1993,9.0
09,01,1993,0.0
09,02,1993,8.7
09,03,1993,5.5
09,04,1993,3.5
09,05,1993,9.0
09,06,1993,9.0
09,07,1993,1.0
09,08,1993,0.0
09,09,1993,0.0
09,10,1993,9.0
09,11,1993,8.0
09,12,1993,21.0
09,13,1993,0.0
09,14,1993,0.0
09,15,1993,0.0
09,16,1993,0.0
09,17,1993,0.0
09,18,1993,0.0
09,19,1993,0.0
09,20,1993,21.0
09,21,1993,25.0
09,22,1993,22.0
09,23,1993,4.5
09,24,1993,4.0
09,25,1993,0.0
09,26,1993,9.0
09,27,1993,0.0
09,28,1993,0.0
09,29,1993,0.0
09,30,1993,0.0
10,01,1993,0.0
10,02,1993,13.0
10,03,1993,0.0
10,04,1993,0.0
10,05,1993,0.0
10,06,1993,0.0
10,07,1993,0.0
10,08,1993,0.0
10,09,1993,0.0
10,10,1993,0.0
10,11,1993,0.0
10,12,1993,0.0
10,13,1993,0.0
10,14,1993,0.0
10,15,1993,0.0
10,16,1993,0.0
10,17,1993,0.0
10,18,1993,0.0
10,19,1993,0.0
10,20,1993,4.5
10,21,1993,2.0
10,22,1993,0.0
10,23,1993,0.0
10,24,1993,0.0
10,25,1993,0.0
10,26,1993,23.5
10,27,1993,0.0
10,28,1993,3.5
10,29,1993,0.0
10,30,1993,0.0
10,31,1993,0.0
11,01,1993,2.2
11,02,1993,3.0
11,03,1993,0.0
11,04,1993,0.0
11,05,1993,0.0
11,06,1993,0.0
11,07,1993,0.0
11,08,1993,3.7
11,09,1993,0.0
11,10,1993,0.0
11,11,1993,0.0
11,12,1993,0.0
11,13,1993,0.0
11,14,1993,0.0
11,15,1993,0.0
11,16,1993,8.5
11,17,1993,0.0
11,18,1993,0.0
11,19,1993,0.0
11,20,1993,0.0
11,21,1993,0.0
11,22,1993,0.0
11,23,1993,0.0
11,24,1993,0.0
11,25,1993,0.0
11,26,1993,0.0
11,27,1993,0.0
11,28,1993,0.0
11,29,1993,0.0
11,30,1993,0.0
12,01,1993,0.0
12,02,1993,0.0
12,03,1993,0.0
12,04,1993,0.0
12,05,1993,0.0
12,06,1993,0.0
12,07,1993,0.0
12,08,1993,0.0
12,09,1993,0.0
12,10,1993,0.0
12,11,1993,0.0
12,12,1993,0.0
12,13,1993,0.0
12,14,1993,0.0
12,15,1993,0.0
12,16,1993,0.0
12,17,1993,0.0
12,18,1993,0.0
12,19,1993,0.0
12,20,1993,0.0
12,21,1993,0.0
12,22,1993,0.0
12,23,1993,0.0
12,24,1993,0.0
12,25,1993,0.0
12,26,1993,0.0
12,27,1993,0.0
12,28,1993,0.0
12,29,1993,0.0
12,30,1993,0.0
12,31,1993,0.0
01,01,1994,0.0
01,02,1994,0.0
01,03,1994,0.0
01,04,1994,0.0
01,05,1994,0.0
01,06,1994,0.0
01,07,1994,0.0
01,08,1994,0.0
01,09,1994,0.0
01,10,1994,0.0
01,11,1994,0.0
01,12,1994,0.0
01,13,1994,0.0
01,14,1994,0.0
01,15,1994,0.0
01,16,1994,0.0
01,17,1994,0.0
01,18,1994,5.5
01,19,1994,0.0
01,20,1994,0.0
01,21,1994,0.0
01,22,1994,7.0
01,23,1994,0.0
01,24,1994,0.0
01,25,1994,0.0
01,26,1994,0.0
01,27,1994,0.0
01,28,1994,0.0
01,29,1994,0.0
01,30,1994,0.0
01,31,1994,0.0
02,01,1994,0.0
02,02,1994,0.0
02,03,1994,0.0
02,04,1994,0.0
02,05,1994,0.0
02,06,1994,0.0
02,07,1994,0.0
02,08,1994,0.0
02,09,1994,0.0
02,10,1994,0.0
02,11,1994,0.0
02,12,1994,0.0
02,13,1994,0.0
02,14,1994,0.0
02,15,1994,0.0
02,16,1994,0.0
02,17,1994,0.0
02,18,1994,0.0
02,19,1994,0.0
02,20,1994,0.0
02,21,1994,0.0
02,22,1994,0.0
02,23,1994,0.0
02,24,1994,0.0
02,25,1994,0.0
02,26,1994,0.0
02,27,1994,0.0
02,28,1994,0.0
03,01,1994,0.0
03,02,1994,0.0
03,03,1994,0.0
03,04,1994,0.0
03,05,1994,0.0
03,06,1994,0.0
03,07,1994,0.0
03,08,1994,0.0
03,09,1994,0.0
03,10,1994,0.0
03,11,1994,0.0
03,12,1994,0.0
03,13,1994,0.0
03,14,1994,0.0
03,15,1994,0.0
03,16,1994,0.0
03,17,1994,0.0
03,18,1994,0.0
03,19,1994,0.0
03,20,1994,0.0
03,21,1994,0.0
03,22,1994,0.0
03,23,1994,0.0
03,24,1994,0.0
03,25,1994,0.0
03,26,1994,0.0
03,27,1994,0.0
03,28,1994,0.0
03,29,1994,0.0
03,30,1994,0.0
03,31,1994,0.0
04,01,1994,0.0
04,02,1994,0.0
04,03,1994,0.0
04,04,1994,0.0
04,05,1994,0.0
04,06,1994,0.0
04,07,1994,0.0
04,08,1994,0.0
04,09,1994,0.0
04,10,1994,0.0
04,11,1994,0.0
04,12,1994,0.0
04,13,1994,0.0
04,14,1994,0.0
04,15,1994,0.0
04,16,1994,0.0
04,17,1994,5.0
04,18,1994,14.0
04,19,1994,2.5
04,20,1994,0.0
04,21,1994,0.0
04,22,1994,0.0
04,23,1994,0.0
04,24,1994,0.0
04,25,1994,0.0
04,26,1994,0.0
04,27,1994,0.0
04,28,1994,0.0
04,29,1994,0.0
04,30,1994,0.0
05,01,1994,0.0
05,02,1994,0.0
05,03,1994,0.0
05,04,1994,0.0
05,05,1994,0.0
05,06,1994,0.0
05,07,1994,0.0
05,08,1994,0.0
05,09,1994,0.0
05,10,1994,0.0
05,11,1994,0.0
05,12,1994,0.0
05,13,1994,6.0
05,14,1994,2.5
05,15,1994,0.0
05,16,1994,2.5
05,17,1994,1.0
05,18,1994,0.0
05,19,1994,0.0
05,20,1994,0.0
05,21,1994,0.0
05,22,1994,0.0
05,23,1994,4.5
05,24,1994,0.0
05,25,1994,0.0
05,26,1994,0.0
05,27,1994,6.5
05,28,1994,3.0
05,29,1994,1.0
05,30,1994,0.0
05,31,1994,0.0
06,01,1994,0.0
06,02,1994,0.0
06,03,1994,11.0
06,04,1994,3.0
06,05,1994,0.0
06,06,1994,7.5
06,07,1994,9.0
06,08,1994,0.0
06,09,1994,16.5
06,10,1994,2.0
06,11,1994,5.0
06,12,1994,5.0
06,13,1994,12.0
06,14,1994,36.5
06,15,1994,7.0
06,16,1994,0.0
06,17,1994,7.5
06,18,1994,2.5
06,19,1994,3.0
06,20,1994,7.0
06,21,1994,0.0
06,22,1994,19.0
06,23,1994,14.5
06,24,1994,9.5
06,25,1994,0.0
06,26,1994,22.0
06,27,1994,7.5
06,28,1994,0.0
06,29,1994,0.0
06,30,1994,0.0
07,01,1994,1.0
07,02,1994,6.0
07,03,1994,2.5
07,04,1994,18.0
07,05,1994,0.0
07,06,1994,0.0
07,07,1994,17.0
07,08,1994,0.0
07,09,1994,36.0
07,10,1994,3.5
07,11,1994,2.5
07,12,1994,0.0
07,13,1994,4.5
07,14,1994,5.0
07,15,1994,6.0
07,16,1994,0.0
07,17,1994,9.5
07,18,1994,0.0
07,19,1994,0.0
07,20,1994,0.0
07,21,1994,10.5
07,22,1994,21.0
07,23,1994,8.0
07,24,1994,7.5
07,25,1994,11.0
07,26,1994,21.0
07,27,1994,0.0
07,28,1994,0.0
07,29,1994,0.0
07,30,1994,0.0
07,31,1994,15.4
08,01,1994,4.0
08,02,1994,0.0
08,03,1994,2.0
08,04,1994,4.0
08,05,1994,0.0
08,06,1994,9.0
08,07,1994,3.0
08,08,1994,1.5
08,09,1994,8.0
08,10,1994,0.0
08,11,1994,6.0
08,12,1994,0.0
08,13,1994,15.0
08,14,1994,8.0
08,15,1994,23.0
08,16,1994,12.0
08,17,1994,0.0
08,18,1994,0.0
08,19,1994,4.0
08,20,1994,8.0
08,21,1994,3.0
08,22,1994,0.0
08,23,1994,7.0
08,24,1994,5.5
08,25,1994,0.0
08,26,1994,2.0
08,27,1994,13.5
08,28,1994,11.5
08,29,1994,0.0
08,30,1994,0.0
08,31,1994,9.0
09,01,1994,8.0
09,02,1994,7.0
09,03,1994,0.0
09,04,1994,1.5
09,05,1994,2.0
09,06,1994,21.0
09,07,1994,35.0
09,08,1994,28.0
09,09,1994,4.0
09,10,1994,0.0
09,11,1994,3.5
09,12,1994,5.5
09,13,1994,25.0
09,14,1994,4.5
09,15,1994,0.0
09,16,1994,13.0
09,17,1994,29.5
09,18,1994,4.5
09,19,1994,0.0
09,20,1994,0.0
09,21,1994,0.0
09,22,1994,0.0
09,23,1994,7.0
09,24,1994,6.5
09,25,1994,0.0
09,26,1994,0.0
09,27,1994,0.0
09,28,1994,0.0
09,29,1994,0.0
09,30,1994,4.5
10,01,1994,10.0
10,02,1994,6.0
10,03,1994,0.0
10,04,1994,0.0
10,05,1994,3.7
10,06,1994,6.0
10,07,1994,1.5
10,08,1994,3.0
10,09,1994,0.0
10,10,1994,0.0
10,11,1994,3.0
10,12,1994,19.0
10,13,1994,2.0
10,14,1994,6.0
10,15,1994,4.0
10,16,1994,0.0
10,17,1994,0.0
10,18,1994,0.0
10,19,1994,0.0
10,20,1994,0.0
10,21,1994,0.0
10,22,1994,0.0
10,23,1994,0.0
10,24,1994,0.0
10,25,1994,0.0
10,26,1994,0.0
10,27,1994,0.0
10,28,1994,0.0
10,29,1994,0.0
10,30,1994,0.0
10,31,1994,0.0
11,01,1994,0.0
11,02,1994,0.0
11,03,1994,0.0
11,04,1994,0.0
11,05,1994,0.0
11,06,1994,0.0
11,07,1994,0.0
11,08,1994,0.0
11,09,1994,0.0
11,10,1994,0.0
11,11,1994,0.0
11,12,1994,0.0
11,13,1994,0.0
11,14,1994,0.0
11,15,1994,0.0
11,16,1994,0.0
11,17,1994,0.0
11,18,1994,0.0
11,19,1994,0.0
11,20,1994,0.0
11,21,1994,0.0
11,22,1994,0.0
11,23,1994,0.0
11,24,1994,0.0
11,25,1994,0.0
11,26,1994,0.0
11,27,1994,0.0
11,28,1994,0.0
11,29,1994,0.0
11,30,1994,0.0
12,01,1994,0.0
12,02,1994,0.0
12,03,1994,0.0
12,04,1994,0.0
12,05,1994,0.0
12,06,1994,0.0
12,07,1994,0.0
12,08,1994,0.0
12,09,1994,0.0
12,10,1994,0.0
12,11,1994,0.0
12,12,1994,0.0
12,13,1994,0.0
12,14,1994,0.0
12,15,1994,0.0
12,16,1994,0.0
12,17,1994,0.0
12,18,1994,0.0
12,19,1994,0.0
12,20,1994,0.0
12,21,1994,0.0
12,22,1994,0.0
12,23,1994,0.0
12,24,1994,0.0
12,25,1994,0.0
12,26,1994,0.0
12,27,1994,0.0
12,28,1994,0.0
12,29,1994,0.0
12,30,1994,0.0
12,31,1994,0.0
01,01,1995,0.0
01,02,1995,0.0
01,03,1995,0.0
01,04,1995,0.0
01,05,1995,0.0
01,06,1995,0.0
01,07,1995,0.0
01,08,1995,0.0
01,09,1995,0.0
01,10,1995,0.0
01,11,1995,0.0
01,12,1995,0.0
01,13,1995,0.0
01,14,1995,0.0
01,15,1995,0.0
01,16,1995,0.0
01,17,1995,0.0
01,18,1995,0.0
01,19,1995,0.0
01,20,1995,0.0
01,21,1995,0.0
01,22,1995,0.0
01,23,1995,0.0
01,24,1995,4.0
01,25,1995,0.0
01,26,1995,0.0
01,27,1995,0.0
01,28,1995,0.0
01,29,1995,10.0
01,30,1995,0.0
01,31,1995,3.0
02,01,1995,0.0
02,02,1995,0.0
02,03,1995,0.0
02,04,1995,1.0
02,05,1995,0.0
02,06,1995,4.0
02,07,1995,0.0
02,08,1995,0.0
02,09,1995,0.0
02,10,1995,0.0
02,11,1995,0.0
02,12,1995,0.0
02,13,1995,0.0
02,14,1995,0.0
02,15,1995,0.0
02,16,1995,0.0
02,17,1995,0.0
02,18,1995,0.0
02,19,1995,0.0
02,20,1995,0.0
02,21,1995,0.0
02,22,1995,2.0
02,23,1995,0.0
02,24,1995,0.0
02,25,1995,0.0
02,26,1995,0.0
02,27,1995,0.0
02,28,1995,0.0
03,01,1995,0.0
03,02,1995,0.0
03,03,1995,0.0
03,04,1995,0.0
03,05,1995,1.0
03,06,1995,0.0
03,07,1995,0.0
03,08,1995,0.0
03,09,1995,0.0
03,10,1995,0.0
03,11,1995,0.0
03,12,1995,0.0
03,13,1995,0.0
03,14,1995,0.0
03,15,1995,0.0
03,16,1995,0.0
03,17,1995,0.0
03,18,1995,0.0
03,19,1995,0.0
03,20,1995,0.0
03,21,1995,0.0
03,22,1995,0.0
03,23,1995,0.0
03,24,1995,0.0
03,25,1995,0.0
03,26,1995,0.0
03,27,1995,0.0
03,28,1995,0.0
03,29,1995,0.0
03,30,1995,0.0
03,31,1995,0.0
04,01,1995,0.0
04,02,1995,0.0
04,03,1995,0.0
04,04,1995,0.0
04,05,1995,0.0
04,06,1995,0.0
04,07,1995,0.0
04,08,1995,0.0
04,09,1995,0.0
04,10,1995,0.0
04,11,1995,0.0
04,12,1995,0.0
04,13,1995,0.0
04,14,1995,2.0
04,15,1995,0.0
04,16,1995,12.0
04,17,1995,0.0
04,18,1995,0.0
04,19,1995,0.0
04,20,1995,0.0
04,21,1995,0.0
04,22,1995,0.0
04,23,1995,0.0
04,24,1995,0.0
04,25,1995,0.0
04,26,1995,0.0
04,27,1995,0.0
04,28,1995,6.0
04,29,1995,0.0
04,30,1995,0.0
05,01,1995,0.0
05,02,1995,0.0
05,03,1995,0.0
05,04,1995,0.0
05,05,1995,0.0
05,06,1995,0.0
05,07,1995,0.0
05,08,1995,0.0
05,09,1995,0.0
05,10,1995,0.0
05,11,1995,0.0
05,12,1995,0.0
05,13,1995,0.0
05,14,1995,0.0
05,15,1995,0.0
05,16,1995,0.0
05,17,1995,2.0
05,18,1995,0.0
05,19,1995,1.0
05,20,1995,1.5
05,21,1995,9.5
05,22,1995,2.0
05,23,1995,4.5
05,24,1995,14.0
05,25,1995,12.5
05,26,1995,2.0
05,27,1995,12.5
05,28,1995,2.0
05,29,1995,3.5
05,30,1995,0.0
05,31,1995,0.0
06,01,1995,0.0
06,02,1995,0.0
06,03,1995,0.0
06,04,1995,1.0
06,05,1995,3.0
06,06,1995,4.0
06,07,1995,4.5
06,08,1995,0.0
06,09,1995,0.0
06,10,1995,13.0
06,11,1995,4.5
06,12,1995,0.0
06,13,1995,2.5
06,14,1995,0.0
06,15,1995,2.0
06,16,1995,1.5
06,17,1995,14.5
06,18,1995,0.0
06,19,1995,0.0
06,20,1995,0.0
06,21,1995,29.5
06,22,1995,21.0
06,23,1995,18.0
06,24,1995,1.0
06,25,1995,0.0
06,26,1995,0.0
06,27,1995,5.0
06,28,1995,9.0
06,29,1995,10.5
06,30,1995,6.0
07,01,1995,5.0
07,02,1995,16.0
07,03,1995,3.0
07,04,1995,3.0
07,05,1995,12.0
07,06,1995,3.0
07,07,1995,0.0
07,08,1995,0.0
07,09,1995,0.0
07,10,1995,0.0
07,11,1995,11.0
07,12,1995,14.0
07,13,1995,10.0
07,14,1995,7.0
07,15,1995,10.0
07,16,1995,8.0
07,17,1995,0.0
07,18,1995,0.0
07,19,1995,3.0
07,20,1995,0.0
07,21,1995,8.5
07,22,1995,15.0
07,23,1995,0.0
07,24,1995,0.0
07,25,1995,14.5
07,26,1995,0.0
07,27,1995,17.0
07,28,1995,0.0
07,29,1995,0.0
07,30,1995,2.0
07,31,1995,0.0
08,01,1995,0.0
08,02,1995,0.0
08,03,1995,0.0
08,04,1995,0.0
08,05,1995,10.5
08,06,1995,0.0
08,07,1995,0.0
08,08,1995,6.0
08,09,1995,0.0
08,10,1995,17.0
08,11,1995,0.0
08,12,1995,0.0
08,13,1995,6.5
08,14,1995,6.0
08,15,1995,2.0
08,16,1995,12.0
08,17,1995,12.0
08,18,1995,8.5
08,19,1995,0.0
08,20,1995,0.0
08,21,1995,32.5
08,22,1995,7.5
08,23,1995,4.0
08,24,1995,3.5
08,25,1995,5.5
08,26,1995,18.0
08,27,1995,5.0
08,28,1995,0.0
08,29,1995,0.0
08,30,1995,0.0
08,31,1995,17.0
09,01,1995,8.0
09,02,1995,3.0
09,03,1995,20.0
09,04,1995,13.0
09,05,1995,0.0
09,06,1995,0.0
09,07,1995,0.0
09,08,1995,0.0
09,09,1995,0.0
09,10,1995,0.0
09,11,1995,11.0
09,12,1995,9.5
09,13,1995,10.0
09,14,1995,2.5
09,15,1995,2.5
09,16,1995,1.5
09,17,1995,5.0
09,18,1995,0.0
09,19,1995,0.0
09,20,1995,0.0
09,21,1995,1.5
09,22,1995,3.0
09,23,1995,5.5
09,24,1995,14.0
09,25,1995,30.0
09,26,1995,6.5
09,27,1995,0.0
09,28,1995,0.0
09,29,1995,0.0
09,30,1995,0.0
10,01,1995,0.0
10,02,1995,0.0
10,03,1995,0.0
10,04,1995,0.0
10,05,1995,0.0
10,06,1995,0.0
10,07,1995,0.0
10,08,1995,0.0
10,09,1995,0.0
10,10,1995,0.0
10,11,1995,0.0
10,12,1995,0.0
10,13,1995,0.0
10,14,1995,0.0
10,15,1995,0.0
10,16,1995,0.0
10,17,1995,0.0
10,18,1995,0.0
10,19,1995,7.0
10,20,1995,1.0
10,21,1995,16.5
10,22,1995,2.0
10,23,1995,0.0
10,24,1995,0.0
10,25,1995,8.5
10,26,1995,0.0
10,27,1995,0.0
10,28,1995,2.0
10,29,1995,0.0
10,30,1995,0.0
10,31,1995,0.0
11,01,1995,0.0
11,02,1995,0.0
11,03,1995,3.0
11,04,1995,0.0
11,05,1995,0.0
11,06,1995,0.0
11,07,1995,0.0
11,08,1995,0.0
11,09,1995,0.0
11,10,1995,0.0
11,11,1995,0.0
11,12,1995,0.0
11,13,1995,0.0
11,14,1995,0.0
11,15,1995,7.5
11,16,1995,6.5
11,17,1995,0.0
11,18,1995,14.5
11,19,1995,0.0
11,20,1995,0.0
11,21,1995,4.0
11,22,1995,0.0
11,23,1995,0.0
11,24,1995,0.0
11,25,1995,0.0
11,26,1995,0.0
11,27,1995,0.0
11,28,1995,0.0
11,29,1995,0.0
11,30,1995,0.0
12,01,1995,0.0
12,02,1995,0.0
12,03,1995,0.0
12,04,1995,0.0
12,05,1995,0.0
12,06,1995,0.0
12,07,1995,0.0
12,08,1995,0.0
12,09,1995,0.0
12,10,1995,4.0
12,11,1995,0.0
12,12,1995,0.0
12,13,1995,0.0
12,14,1995,0.0
12,15,1995,0.0
12,16,1995,0.0
12,17,1995,0.0
12,18,1995,0.0
12,19,1995,0.0
12,20,1995,0.0
12,21,1995,0.0
12,22,1995,0.0
12,23,1995,0.0
12,24,1995,0.0
12,25,1995,2.0
12,26,1995,4.0
12,27,1995,0.0
12,28,1995,0.0
12,29,1995,13.5
12,30,1995,20.0
12,31,1995,0.0
01,01,1996,0.0
01,02,1996,0.0
01,03,1996,0.0
01,04,1996,0.0
01,05,1996,0.0
01,06,1996,0.0
01,07,1996,0.0
01,08,1996,0.0
01,09,1996,0.0
01,10,1996,0.0
01,11,1996,0.0
01,12,1996,0.0
01,13,1996,0.0
01,14,1996,0.0
01,15,1996,0.0
01,16,1996,0.0
01,17,1996,0.0
01,18,1996,0.0
01,19,1996,0.0
01,20,1996,0.0
01,21,1996,0.0
01,22,1996,0.0
01,23,1996,0.0
01,24,1996,0.0
01,25,1996,0.0
01,26,1996,0.0
01,27,1996,0.0
01,28,1996,0.0
01,29,1996,0.0
01,30,1996,0.0
01,31,1996,0.0
02,01,1996,0.0
02,02,1996,0.0
02,03,1996,0.0
02,04,1996,0.0
02,05,1996,0.0
02,06,1996,0.0
02,07,1996,0.0
02,08,1996,0.0
02,09,1996,0.0
02,10,1996,0.0
02,11,1996,0.0
02,12,1996,0.0
02,13,1996,0.0
02,14,1996,0.0
02,15,1996,0.0
02,16,1996,0.0
02,17,1996,0.0
02,18,1996,0.0
02,19,1996,0.0
02,20,1996,0.0
02,21,1996,0.0
02,22,1996,0.0
02,23,1996,0.0
02,24,1996,0.0
02,25,1996,0.0
02,26,1996,0.0
02,27,1996,0.0
02,28,1996,0.0
02,29,1996,0.0
03,01,1996,0.0
03,02,1996,0.0
03,03,1996,0.0
03,04,1996,0.0
03,05,1996,0.0
03,06,1996,0.0
03,07,1996,0.0
03,08,1996,0.0
03,09,1996,0.0
03,10,1996,0.0
03,11,1996,0.0
03,12,1996,0.0
03,13,1996,0.0
03,14,1996,0.0
03,15,1996,0.0
03,16,1996,0.0
03,17,1996,0.0
03,18,1996,0.0
03,19,1996,0.0
03,20,1996,0.0
03,21,1996,0.0
03,22,1996,0.0
03,23,1996,0.0
03,24,1996,0.0
03,25,1996,0.0
03,26,1996,0.0
03,27,1996,0.0
03,28,1996,0.0
03,29,1996,0.0
03,30,1996,0.0
03,31,1996,0.0
04,01,1996,0.0
04,02,1996,0.0
04,03,1996,0.0
04,04,1996,0.0
04,05,1996,0.0
04,06,1996,0.0
04,07,1996,0.0
04,08,1996,0.0
04,09,1996,0.0
04,10,1996,0.0
04,11,1996,0.0
04,12,1996,0.0
04,13,1996,0.0
04,14,1996,0.0
04,15,1996,0.0
04,16,1996,0.0
04,17,1996,0.0
04,18,1996,1.0
04,19,1996,0.0
04,20,1996,0.0
04,21,1996,0.0
04,22,1996,0.0
04,23,1996,0.0
04,24,1996,0.0
04,25,1996,4.5
04,26,1996,6.0
04,27,1996,0.0
04,28,1996,0.0
04,29,1996,0.0
04,30,1996,0.0
05,01,1996,0.0
05,02,1996,0.0
05,03,1996,0.0
05,04,1996,0.0
05,05,1996,0.0
05,06,1996,0.0
05,07,1996,6.0
05,08,1996,11.0
05,09,1996,1.5
05,10,1996,0.0
05,11,1996,0.0
05,12,1996,0.0
05,13,1996,0.0
05,14,1996,16.5
05,15,1996,0.0
05,16,1996,0.0
05,17,1996,0.0
05,18,1996,0.0
05,19,1996,0.0
05,20,1996,0.0
05,21,1996,0.0
05,22,1996,0.0
05,23,1996,2.5
05,24,1996,0.0
05,25,1996,0.0
05,26,1996,0.0
05,27,1996,0.0
05,28,1996,0.0
05,29,1996,0.0
05,30,1996,0.0
05,31,1996,6.0
06,01,1996,5.0
06,02,1996,0.0
06,03,1996,0.0
06,04,1996,0.0
06,05,1996,0.0
06,06,1996,0.0
06,07,1996,11.0
06,08,1996,0.0
06,09,1996,0.0
06,10,1996,10.0
06,11,1996,9.5
06,12,1996,3.0
06,13,1996,0.0
06,14,1996,0.0
06,15,1996,0.0
06,16,1996,9.0
06,17,1996,16.0
06,18,1996,1.0
06,19,1996,4.0
06,20,1996,9.0
06,21,1996,3.0
06,22,1996,0.0
06,23,1996,0.0
06,24,1996,14.0
06,25,1996,18.0
06,26,1996,14.0
06,27,1996,0.0
06,28,1996,0.0
06,29,1996,0.0
06,30,1996,17.0
07,01,1996,7.5
07,02,1996,9.0
07,03,1996,5.0
07,04,1996,0.0
07,05,1996,0.0
07,06,1996,19.0
07,07,1996,10.0
07,08,1996,0.0
07,09,1996,3.5
07,10,1996,0.0
07,11,1996,4.5
07,12,1996,11.0
07,13,1996,7.0
07,14,1996,12.0
07,15,1996,1.5
07,16,1996,3.5
07,17,1996,14.0
07,18,1996,0.0
07,19,1996,0.0
07,20,1996,10.0
07,21,1996,0.0
07,22,1996,0.0
07,23,1996,1.5
07,24,1996,2.0
07,25,1996,4.5
07,26,1996,0.0
07,27,1996,0.0
07,28,1996,0.0
07,29,1996,0.0
07,30,1996,17.0
07,31,1996,0.0
08,01,1996,0.0
08,02,1996,18.0
08,03,1996,0.0
08,04,1996,0.0
08,05,1996,0.0
08,06,1996,0.0
08,07,1996,0.0
08,08,1996,0.0
08,09,1996,0.0
08,10,1996,0.0
08,11,1996,8.5
08,12,1996,4.5
08,13,1996,4.5
08,14,1996,0.0
08,15,1996,18.0
08,16,1996,18.0
08,17,1996,0.0
08,18,1996,0.0
08,19,1996,0.0
08,20,1996,0.0
08,21,1996,0.0
08,22,1996,0.0
08,23,1996,25.0
08,24,1996,11.0
08,25,1996,16.0
08,26,1996,12.0
08,27,1996,10.5
08,28,1996,17.5
08,29,1996,2.0
08,30,1996,0.0
08,31,1996,0.0
09,01,1996,0.0
09,02,1996,10.5
09,03,1996,3.0
09,04,1996,13.0
09,05,1996,2.0
09,06,1996,3.5
09,07,1996,12.0
09,08,1996,0.0
09,09,1996,0.0
09,10,1996,2.0
09,11,1996,0.0
09,12,1996,1.0
09,13,1996,0.0
09,14,1996,0.0
09,15,1996,14.0
09,16,1996,0.0
09,17,1996,5.0
09,18,1996,1.5
09,19,1996,24.0
09,20,1996,3.0
09,21,1996,4.0
09,22,1996,24.0
09,23,1996,9.5
09,24,1996,0.0
09,25,1996,0.0
09,26,1996,4.0
09,27,1996,2.0
09,28,1996,0.0
09,29,1996,0.0
09,30,1996,0.0
10,01,1996,8.5
10,02,1996,3.0
10,03,1996,2.0
10,04,1996,25.0
10,05,1996,8.5
10,06,1996,0.0
10,07,1996,0.0
10,08,1996,0.0
10,09,1996,2.0
10,10,1996,0.0
10,11,1996,0.0
10,12,1996,0.0
10,13,1996,0.0
10,14,1996,0.0
10,15,1996,0.0
10,16,1996,0.0
10,17,1996,0.0
10,18,1996,0.0
10,19,1996,0.0
10,20,1996,0.0
10,21,1996,0.0
10,22,1996,0.0
10,23,1996,3.5
10,24,1996,0.0
10,25,1996,0.0
10,26,1996,0.0
10,27,1996,0.0
10,28,1996,0.0
10,29,1996,0.0
10,30,1996,0.0
10,31,1996,0.0
11,01,1996,0.0
11,02,1996,0.0
11,03,1996,0.0
11,04,1996,0.0
11,05,1996,0.0
11,06,1996,0.0
11,07,1996,0.0
11,08,1996,0.0
11,09,1996,0.0
11,10,1996,0.0
11,11,1996,0.0
11,12,1996,0.0
11,13,1996,0.0
11,14,1996,0.0
11,15,1996,0.0
11,16,1996,0.0
11,17,1996,0.0
11,18,1996,0.0
11,19,1996,0.0
11,20,1996,0.0
11,21,1996,0.0
11,22,1996,0.0
11,23,1996,0.0
11,24,1996,0.0
11,25,1996,0.0
11,26,1996,0.0
11,27,1996,0.0
11,28,1996,0.0
11,29,1996,0.0
11,30,1996,0.0
12,01,1996,0.0
12,02,1996,0.0
12,03,1996,0.0
12,04,1996,0.0
12,05,1996,0.0
12,06,1996,0.0
12,07,1996,0.0
12,08,1996,0.0
12,09,1996,0.0
12,10,1996,0.0
12,11,1996,0.0
12,12,1996,0.0
12,13,1996,0.0
12,14,1996,0.0
12,15,1996,0.0
12,16,1996,0.0
12,17,1996,0.0
12,18,1996,0.0
12,19,1996,1.0
12,20,1996,0.0
12,21,1996,0.0
12,22,1996,0.0
12,23,1996,0.0
12,24,1996,0.0
12,25,1996,0.0
12,26,1996,0.0
12,27,1996,0.0
12,28,1996,0.0
12,29,1996,0.0
12,30,1996,0.0
12,31,1996,0.0
01,01,1997,2.5
01,02,1997,0.0
01,03,1997,0.0
01,04,1997,0.0
01,05,1997,0.0
01,06,1997,0.0
01,07,1997,0.0
01,08,1997,0.0
01,09,1997,0.0
01,10,1997,0.0
01,11,1997,0.0
01,12,1997,0.0
01,13,1997,0.0
01,14,1997,0.0
01,15,1997,0.0
01,16,1997,0.0
01,17,1997,0.0
01,18,1997,0.0
01,19,1997,0.0
01,20,1997,0.0
01,21,1997,0.0
01,22,1997,0.0
01,23,1997,0.0
01,24,1997,0.0
01,25,1997,0.0
01,26,1997,0.0
01,27,1997,0.0
01,28,1997,0.0
01,29,1997,0.0
01,30,1997,0.0
01,31,1997,0.0
02,01,1997,0.0
02,02,1997,0.0
02,03,1997,0.0
02,04,1997,0.0
02,05,1997,0.0
02,06,1997,0.0
02,07,1997,0.0
02,08,1997,0.0
02,09,1997,0.0
02,10,1997,0.0
02,11,1997,0.0
02,12,1997,0.0
02,13,1997,0.0
02,14,1997,0.0
02,15,1997,0.0
02,16,1997,0.0
02,17,1997,0.0
02,18,1997,0.0
02,19,1997,0.0
02,20,1997,0.0
02,21,1997,0.0
02,22,1997,0.0
02,23,1997,0.0
02,24,1997,0.0
02,25,1997,0.0
02,26,1997,0.0
02,27,1997,0.0
02,28,1997,0.0
03,01,1997,0.0
03,02,1997,0.0
03,03,1997,0.0
03,04,1997,0.0
03,05,1997,0.0
03,06,1997,0.0
03,07,1997,2.0
03,08,1997,2.5
03,09,1997,0.0
03,10,1997,0.0
03,11,1997,0.0
03,12,1997,0.0
03,13,1997,0.0
03,14,1997,0.0
03,15,1997,0.0
03,16,1997,0.0
03,17,1997,0.0
03,18,1997,7.5
03,19,1997,13.5
03,20,1997,1.0
03,21,1997,33.0
03,22,1997,2.5
03,23,1997,0.0
03,24,1997,0.0
03,25,1997,0.0
03,26,1997,0.0
03,27,1997,0.0
03,28,1997,0.0
03,29,1997,0.0
03,30,1997,0.0
03,31,1997,0.0
04,01,1997,0.0
04,02,1997,0.0
04,03,1997,0.0
04,04,1997,0.0
04,05,1997,2.0
04,06,1997,0.0
04,07,1997,15.0
04,08,1997,0.0
04,09,1997,0.5
04,10,1997,1.0
04,11,1997,0.0
04,12,1997,0.0
04,13,1997,2.0
04,14,1997,2.0
04,15,1997,0.0
04,16,1997,0.0
04,17,1997,3.0
04,18,1997,2.5
04,19,1997,0.0
04,20,1997,8.0
04,21,1997,0.0
04,22,1997,0.0
04,23,1997,0.0
04,24,1997,0.0
04,25,1997,0.0
04,26,1997,0.0
04,27,1997,0.0
04,28,1997,0.0
04,29,1997,0.0
04,30,1997,0.0
05,01,1997,0.0
05,02,1997,0.0
05,03,1997,4.5
05,04,1997,0.0
05,05,1997,3.5
05,06,1997,0.0
05,07,1997,0.0
05,08,1997,14.5
05,09,1997,0.0
05,10,1997,15.0
05,11,1997,0.0
05,12,1997,0.0
05,13,1997,0.0
05,14,1997,0.0
05,15,1997,7.0
05,16,1997,0.0
05,17,1997,0.0
05,18,1997,25.5
05,19,1997,0.0
05,20,1997,0.0
05,21,1997,0.0
05,22,1997,27.5
05,23,1997,3.5
05,24,1997,0.0
05,25,1997,2.5
05,26,1997,0.0
05,27,1997,0.0
05,28,1997,0.0
05,29,1997,0.0
05,30,1997,0.0
05,31,1997,0.0
06,01,1997,0.0
06,02,1997,5.5
06,03,1997,0.0
06,04,1997,0.0
06,05,1997,3.5
06,06,1997,0.0
06,07,1997,0.0
06,08,1997,0.0
06,09,1997,0.0
06,10,1997,0.0
06,11,1997,0.0
06,12,1997,0.0
06,13,1997,0.0
06,14,1997,0.0
06,15,1997,0.0
06,16,1997,1.0
06,17,1997,0.0
06,18,1997,0.0
06,19,1997,3.5
06,20,1997,1.0
06,21,1997,0.0
06,22,1997,3.5
06,23,1997,2.0
06,24,1997,5.0
06,25,1997,7.0
06,26,1997,9.5
06,27,1997,0.0
06,28,1997,24.0
06,29,1997,15.5
06,30,1997,3.5
07,01,1997,9.0
07,02,1997,5.0
07,03,1997,26.0
07,04,1997,19.5
07,05,1997,17.0
07,06,1997,3.0
07,07,1997,15.5
07,08,1997,16.0
07,09,1997,16.0
07,10,1997,3.0
07,11,1997,0.0
07,12,1997,0.0
07,13,1997,5.0
07,14,1997,3.0
07,15,1997,5.5
07,16,1997,2.5
07,17,1997,1.0
07,18,1997,6.0
07,19,1997,36.5
07,20,1997,3.0
07,21,1997,5.0
07,22,1997,0.0
07,23,1997,0.0
07,24,1997,3.0
07,25,1997,2.5
07,26,1997,2.5
07,27,1997,0.0
07,28,1997,0.0
07,29,1997,9.5
07,30,1997,5.0
07,31,1997,0.0
08,01,1997,0.0
08,02,1997,1.0
08,03,1997,0.0
08,04,1997,0.0
08,05,1997,30.5
08,06,1997,0.0
08,07,1997,0.0
08,08,1997,1.0
08,09,1997,0.0
08,10,1997,2.0
08,11,1997,0.0
08,12,1997,0.0
08,13,1997,10.0
08,14,1997,0.0
08,15,1997,7.0
08,16,1997,2.0
08,17,1997,4.5
08,18,1997,10.0
08,19,1997,13.5
08,20,1997,2.5
08,21,1997,0.0
08,22,1997,0.0
08,23,1997,0.0
08,24,1997,0.0
08,25,1997,10.0
08,26,1997,0.0
08,27,1997,15.0
08,28,1997,5.5
08,29,1997,6.5
08,30,1997,0.0
08,31,1997,0.0
09,01,1997,0.0
09,02,1997,0.0
09,03,1997,0.0
09,04,1997,0.0
09,05,1997,2.0
09,06,1997,38.0
09,07,1997,2.5
09,08,1997,5.0
09,09,1997,11.0
09,10,1997,0.0
09,11,1997,6.0
09,12,1997,2.0
09,13,1997,20.0
09,14,1997,0.0
09,15,1997,0.0
09,16,1997,12.0
09,17,1997,0.0
09,18,1997,0.0
09,19,1997,0.0
09,20,1997,4.0
09,21,1997,9.5
09,22,1997,3.0
09,23,1997,2.0
09,24,1997,0.0
09,25,1997,3.0
09,26,1997,0.0
09,27,1997,0.0
09,28,1997,0.0
09,29,1997,0.0
09,30,1997,0.0
10,01,1997,0.0
10,02,1997,0.0
10,03,1997,0.0
10,04,1997,0.0
10,05,1997,0.0
10,06,1997,0.0
10,07,1997,1.0
10,08,1997,0.0
10,09,1997,3.0
10,10,1997,2.0
10,11,1997,5.5
10,12,1997,0.0
10,13,1997,2.0
10,14,1997,0.0
10,15,1997,0.0
10,16,1997,0.0
10,17,1997,0.0
10,18,1997,0.0
10,19,1997,0.0
10,20,1997,0.0
10,21,1997,0.0
10,22,1997,0.0
10,23,1997,0.0
10,24,1997,0.0
10,25,1997,0.0
10,26,1997,0.0
10,27,1997,0.0
10,28,1997,0.0
10,29,1997,0.0
10,30,1997,0.0
10,31,1997,0.0
11,01,1997,0.0
11,02,1997,0.0
11,03,1997,4.0
11,04,1997,0.0
11,05,1997,0.0
11,06,1997,0.0
11,07,1997,0.0
11,08,1997,0.0
11,09,1997,0.0
11,10,1997,0.0
11,11,1997,6.0
11,12,1997,0.0
11,13,1997,0.0
11,14,1997,0.0
11,15,1997,0.0
11,16,1997,0.0
11,17,1997,0.0
11,18,1997,0.0
11,19,1997,0.0
11,20,1997,0.0
11,21,1997,0.0
11,22,1997,0.0
11,23,1997,0.0
11,24,1997,0.0
11,25,1997,0.0
11,26,1997,0.0
11,27,1997,0.0
11,28,1997,0.0
11,29,1997,0.0
11,30,1997,0.0
12,01,1997,0.0
12,02,1997,0.0
12,03,1997,0.0
12,04,1997,0.0
12,05,1997,0.0
12,06,1997,0.0
12,07,1997,0.0
12,08,1997,0.0
12,09,1997,0.0
12,10,1997,0.0
12,11,1997,0.0
12,12,1997,1.0
12,13,1997,0.0
12,14,1997,0.0
12,15,1997,0.0
12,16,1997,0.0
12,17,1997,1.5
12,18,1997,2.0
12,19,1997,0.0
12,20,1997,0.0
12,21,1997,0.0
12,22,1997,0.0
12,23,1997,0.0
12,24,1997,0.0
12,25,1997,0.0
12,26,1997,0.0
12,27,1997,0.0
12,28,1997,0.0
12,29,1997,0.0
12,30,1997,0.0
12,31,1997,0.0
01,01,1998,0.0
01,02,1998,0.0
01,03,1998,0.0
01,04,1998,0.0
01,05,1998,0.0
01,06,1998,0.0
01,07,1998,0.0
01,08,1998,0.0
01,09,1998,0.0
01,10,1998,0.0
01,11,1998,0.0
01,12,1998,0.0
01,13,1998,0.0
01,14,1998,0.0
01,15,1998,0.0
01,16,1998,0.0
01,17,1998,0.0
01,18,1998,0.0
01,19,1998,3.5
01,20,1998,0.0
01,21,1998,0.0
01,22,1998,0.0
01,23,1998,0.0
01,24,1998,0.0
01,25,1998,0.0
01,26,1998,0.0
01,27,1998,0.0
01,28,1998,0.0
01,29,1998,0.0
01,30,1998,0.0
01,31,1998,0.0
02,01,1998,0.0
02,02,1998,0.0
02,03,1998,0.0
02,04,1998,0.0
02,05,1998,0.0
02,06,1998,0.0
02,07,1998,0.0
02,08,1998,0.0
02,09,1998,0.0
02,10,1998,0.0
02,11,1998,0.0
02,12,1998,0.0
02,13,1998,0.0
02,14,1998,0.0
02,15,1998,0.0
02,16,1998,0.0
02,17,1998,0.0
02,18,1998,0.0
02,19,1998,0.0
02,20,1998,0.0
02,21,1998,0.0
02,22,1998,0.0
02,23,1998,0.0
02,24,1998,0.0
02,25,1998,0.0
02,26,1998,0.0
02,27,1998,0.0
02,28,1998,0.0
03,01,1998,0.0
03,02,1998,0.0
03,03,1998,0.0
03,04,1998,0.0
03,05,1998,0.0
03,06,1998,0.0
03,07,1998,0.0
03,08,1998,0.0
03,09,1998,0.0
03,10,1998,0.0
03,11,1998,0.0
03,12,1998,0.0
03,13,1998,0.0
03,14,1998,0.0
03,15,1998,0.0
03,16,1998,0.0
03,17,1998,0.0
03,18,1998,0.0
03,19,1998,0.0
03,20,1998,0.0
03,21,1998,0.0
03,22,1998,0.0
03,23,1998,0.0
03,24,1998,0.0
03,25,1998,0.0
03,26,1998,0.0
03,27,1998,0.0
03,28,1998,0.0
03,29,1998,0.0
03,30,1998,0.0
03,31,1998,0.0
04,01,1998,0.0
04,02,1998,0.0
04,03,1998,0.0
04,04,1998,0.0
04,05,1998,0.0
04,06,1998,0.0
04,07,1998,0.0
04,08,1998,0.0
04,09,1998,0.0
04,10,1998,0.0
04,11,1998,0.0
04,12,1998,0.0
04,13,1998,0.0
04,14,1998,0.0
04,15,1998,0.0
04,16,1998,0.0
04,17,1998,0.0
04,18,1998,0.0
04,19,1998,0.0
04,20,1998,0.0
04,21,1998,0.0
04,22,1998,0.0
04,23,1998,0.0
04,24,1998,0.0
04,25,1998,0.0
04,26,1998,0.0
04,27,1998,0.0
04,28,1998,0.0
04,29,1998,0.0
04,30,1998,0.0
05,01,1998,0.0
05,02,1998,0.0
05,03,1998,0.0
05,04,1998,0.0
05,05,1998,0.0
05,06,1998,0.0
05,07,1998,0.0
05,08,1998,0.0
05,09,1998,0.0
05,10,1998,0.0
05,11,1998,0.0
05,12,1998,0.0
05,13,1998,0.0
05,14,1998,0.0
05,15,1998,0.0
05,16,1998,0.0
05,17,1998,0.0
05,18,1998,0.0
05,19,1998,0.0
05,20,1998,0.0
05,21,1998,0.0
05,22,1998,0.0
05,23,1998,0.0
05,24,1998,0.0
05,25,1998,0.0
05,26,1998,0.0
05,27,1998,0.0
05,28,1998,0.0
05,29,1998,0.0
05,30,1998,0.0
05,31,1998,0.0
06,01,1998,0.0
06,02,1998,0.0
06,03,1998,1.5
06,04,1998,0.0
06,05,1998,2.0
06,06,1998,16.0
06,07,1998,1.0
06,08,1998,0.0
06,09,1998,4.0
06,10,1998,10.0
06,11,1998,19.0
06,12,1998,0.0
06,13,1998,0.0
06,14,1998,0.0
06,15,1998,0.0
06,16,1998,4.0
06,17,1998,2.0
06,18,1998,7.0
06,19,1998,30.0
06,20,1998,0.0
06,21,1998,0.0
06,22,1998,13.0
06,23,1998,0.0
06,24,1998,1.5
06,25,1998,8.0
06,26,1998,15.0
06,27,1998,0.0
06,28,1998,0.0
06,29,1998,5.0
06,30,1998,22.0
07,01,1998,8.5
07,02,1998,14.0
07,03,1998,17.0
07,04,1998,20.0
07,05,1998,1.0
07,06,1998,0.0
07,07,1998,0.0
07,08,1998,0.0
07,09,1998,0.0
07,10,1998,0.0
07,11,1998,5.0
07,12,1998,0.0
07,13,1998,5.5
07,14,1998,3.5
07,15,1998,6.0
07,16,1998,0.0
07,17,1998,23.0
07,18,1998,12.0
07,19,1998,7.0
07,20,1998,3.0
07,21,1998,3.0
07,22,1998,2.0
07,23,1998,3.0
07,24,1998,2.5
07,25,1998,0.0
07,26,1998,0.0
07,27,1998,1.0
07,28,1998,47.5
07,29,1998,8.5
07,30,1998,6.0
07,31,1998,6.5
08,01,1998,30.0
08,02,1998,1.0
08,03,1998,0.0
08,04,1998,9.0
08,05,1998,0.0
08,06,1998,12.0
08,07,1998,10.0
08,08,1998,3.5
08,09,1998,0.0
08,10,1998,10.0
08,11,1998,0.0
08,12,1998,3.0
08,13,1998,15.0
08,14,1998,12.0
08,15,1998,0.0
08,16,1998,0.0
08,17,1998,0.0
08,18,1998,4.0
08,19,1998,0.0
08,20,1998,0.0
08,21,1998,0.0
08,22,1998,0.0
08,23,1998,17.0
08,24,1998,15.0
08,25,1998,3.0
08,26,1998,3.0
08,27,1998,0.0
08,28,1998,2.0
08,29,1998,12.0
08,30,1998,26.0
08,31,1998,4.0
09,01,1998,0.0
09,02,1998,3.5
09,03,1998,0.0
09,04,1998,0.0
09,05,1998,4.5
09,06,1998,19.0
09,07,1998,1.0
09,08,1998,17.0
09,09,1998,0.0
09,10,1998,7.5
09,11,1998,8.0
09,12,1998,0.0
09,13,1998,4.0
09,14,1998,3.0
09,15,1998,0.0
09,16,1998,10.5
09,17,1998,16.0
09,18,1998,24.0
09,19,1998,5.0
09,20,1998,2.0
09,21,1998,3.5
09,22,1998,2.5
09,23,1998,5.5
09,24,1998,15.0
09,25,1998,16.0
09,26,1998,0.0
09,27,1998,0.0
09,28,1998,57.0
09,29,1998,19.0
09,30,1998,2.5
10,01,1998,0.0
10,02,1998,0.0
10,03,1998,4.0
10,04,1998,0.0
10,05,1998,1.0
10,06,1998,4.5
10,07,1998,0.0
10,08,1998,0.0
10,09,1998,3.0
10,10,1998,9.0
10,11,1998,0.0
10,12,1998,0.0
10,13,1998,0.0
10,14,1998,0.0
10,15,1998,3.0
10,16,1998,0.0
10,17,1998,1.0
10,18,1998,10.0
10,19,1998,0.0
10,20,1998,0.0
10,21,1998,0.0
10,22,1998,0.0
10,23,1998,0.0
10,24,1998,0.0
10,25,1998,0.0
10,26,1998,0.0
10,27,1998,0.0
10,28,1998,0.0
10,29,1998,0.0
10,30,1998,0.0
10,31,1998,0.0
11,01,1998,0.0
11,02,1998,0.0
11,03,1998,0.0
11,04,1998,0.0
11,05,1998,0.0
11,06,1998,0.0
11,07,1998,0.0
11,08,1998,5.0
11,09,1998,3.0
11,10,1998,1.0
11,11,1998,0.0
11,12,1998,0.0
11,13,1998,0.0
11,14,1998,0.0
11,15,1998,0.0
11,16,1998,0.0
11,17,1998,0.0
11,18,1998,0.0
11,19,1998,0.0
11,20,1998,0.0
11,21,1998,0.0
11,22,1998,0.0
11,23,1998,0.0
11,24,1998,0.0
11,25,1998,0.0
11,26,1998,0.0
11,27,1998,0.0
11,28,1998,0.0
11,29,1998,0.0
11,30,1998,0.0
12,01,1998,0.0
12,02,1998,0.0
12,03,1998,0.0
12,04,1998,0.0
12,05,1998,0.0
12,06,1998,0.0
12,07,1998,0.0
12,08,1998,0.0
12,09,1998,0.0
12,10,1998,0.0
12,11,1998,0.0
12,12,1998,0.0
12,13,1998,0.0
12,14,1998,0.0
12,15,1998,0.0
12,16,1998,0.0
12,17,1998,0.0
12,18,1998,0.0
12,19,1998,0.0
12,20,1998,0.0
12,21,1998,0.0
12,22,1998,0.0
12,23,1998,0.0
12,24,1998,0.0
12,25,1998,0.0
12,26,1998,0.0
12,27,1998,0.0
12,28,1998,0.0
12,29,1998,0.0
12,30,1998,0.0
12,31,1998,0.0
01,01,1999,0.0
01,02,1999,0.0
01,03,1999,0.0
01,04,1999,0.0
01,05,1999,0.0
01,06,1999,0.0
01,07,1999,0.0
01,08,1999,0.0
01,09,1999,0.0
01,10,1999,0.0
01,11,1999,0.0
01,12,1999,0.0
01,13,1999,0.0
01,14,1999,0.0
01,15,1999,0.0
01,16,1999,0.0
01,17,1999,0.0
01,18,1999,0.0
01,19,1999,0.0
01,20,1999,0.0
01,21,1999,0.0
01,22,1999,0.0
01,23,1999,0.0
01,24,1999,0.0
01,25,1999,0.0
01,26,1999,0.0
01,27,1999,0.0
01,28,1999,0.0
01,29,1999,0.0
01,30,1999,0.0
01,31,1999,0.0
02,01,1999,0.0
02,02,1999,0.0
02,03,1999,0.0
02,04,1999,0.0
02,05,1999,0.0
02,06,1999,0.0
02,07,1999,0.0
02,08,1999,0.0
02,09,1999,0.0
02,10,1999,0.0
02,11,1999,0.0
02,12,1999,0.0
02,13,1999,0.0
02,14,1999,0.0
02,15,1999,0.0
02,16,1999,0.0
02,17,1999,0.0
02,18,1999,0.0
02,19,1999,0.0
02,20,1999,0.0
02,21,1999,0.0
02,22,1999,0.0
02,23,1999,0.0
02,24,1999,0.0
02,25,1999,0.0
02,26,1999,0.0
02,27,1999,0.0
02,28,1999,0.0
03,01,1999,0.0
03,02,1999,0.0
03,03,1999,0.0
03,04,1999,0.0
03,05,1999,0.0
03,06,1999,0.0
03,07,1999,0.0
03,08,1999,0.0
03,09,1999,0.0
03,10,1999,0.0
03,11,1999,0.0
03,12,1999,0.0
03,13,1999,0.0
03,14,1999,0.0
03,15,1999,0.0
03,16,1999,0.0
03,17,1999,0.0
03,18,1999,0.0
03,19,1999,0.0
03,20,1999,0.0
03,21,1999,0.0
03,22,1999,0.0
03,23,1999,0.0
03,24,1999,0.0
03,25,1999,0.0
03,26,1999,2.5
03,27,1999,0.0
03,28,1999,0.0
03,29,1999,0.0
03,30,1999,0.0
03,31,1999,0.0
04,01,1999,0.0
04,02,1999,0.0
04,03,1999,0.0
04,04,1999,0.0
04,05,1999,0.0
04,06,1999,0.0
04,07,1999,0.0
04,08,1999,0.0
04,09,1999,0.0
04,10,1999,0.0
04,11,1999,0.0
04,12,1999,0.0
04,13,1999,0.0
04,14,1999,0.0
04,15,1999,0.0
04,16,1999,0.0
04,17,1999,0.0
04,18,1999,0.0
04,19,1999,0.0
04,20,1999,0.0
04,21,1999,0.0
04,22,1999,0.0
04,23,1999,0.0
04,24,1999,0.0
04,25,1999,0.0
04,26,1999,0.0
04,27,1999,0.0
04,28,1999,0.0
04,29,1999,0.0
04,30,1999,0.0
05,01,1999,0.0
05,02,1999,0.0
05,03,1999,0.0
05,04,1999,0.0
05,05,1999,0.0
05,06,1999,0.0
05,07,1999,0.0
05,08,1999,0.0
05,09,1999,0.0
05,10,1999,0.0
05,11,1999,3.5
05,12,1999,0.0
05,13,1999,0.0
05,14,1999,0.0
05,15,1999,3.0
05,16,1999,2.0
05,17,1999,15.0
05,18,1999,0.0
05,19,1999,0.0
05,20,1999,0.0
05,21,1999,0.0
05,22,1999,0.0
05,23,1999,0.0
05,24,1999,0.0
05,25,1999,0.0
05,26,1999,0.0
05,27,1999,0.0
05,28,1999,0.0
05,29,1999,2.0
05,30,1999,12.0
05,31,1999,0.0
06,01,1999,0.0
06,02,1999,0.0
06,03,1999,0.0
06,04,1999,0.0
06,05,1999,3.0
06,06,1999,0.0
06,07,1999,0.0
06,08,1999,0.0
06,09,1999,3.5
06,10,1999,19.5
06,11,1999,2.0
06,12,1999,0.0
06,13,1999,0.0
06,14,1999,1.0
06,15,1999,0.0
06,16,1999,0.0
06,17,1999,0.0
06,18,1999,0.0
06,19,1999,1.5
06,20,1999,1.0
06,21,1999,15.0
06,22,1999,17.0
06,23,1999,9.5
06,24,1999,13.0
06,25,1999,5.0
06,26,1999,7.0
06,27,1999,6.0
06,28,1999,2.5
06,29,1999,0.0
06,30,1999,0.0
07,01,1999,3.5
07,02,1999,7.5
07,03,1999,4.5
07,04,1999,27.5
07,05,1999,18.0
07,06,1999,3.5
07,07,1999,14.5
07,08,1999,0.0
07,09,1999,5.0
07,10,1999,24.5
07,11,1999,0.0
07,12,1999,0.0
07,13,1999,0.0
07,14,1999,0.0
07,15,1999,0.0
07,16,1999,10.0
07,17,1999,0.0
07,18,1999,3.5
07,19,1999,14.5
07,20,1999,13.0
07,21,1999,6.0
07,22,1999,0.0
07,23,1999,0.0
07,24,1999,0.0
07,25,1999,20.5
07,26,1999,2.0
07,27,1999,4.0
07,28,1999,0.0
07,29,1999,0.0
07,30,1999,14.0
07,31,1999,14.0
08,01,1999,1.5
08,02,1999,0.0
08,03,1999,0.0
08,04,1999,14.5
08,05,1999,0.0
08,06,1999,3.5
08,07,1999,2.5
08,08,1999,20.0
08,09,1999,8.0
08,10,1999,6.5
08,11,1999,14.5
08,12,1999,25.0
08,13,1999,0.0
08,14,1999,0.0
08,15,1999,0.0
08,16,1999,0.0
08,17,1999,10.0
08,18,1999,0.0
08,19,1999,0.0
08,20,1999,7.0
08,21,1999,0.0
08,22,1999,1.5
08,23,1999,11.5
08,24,1999,12.5
08,25,1999,9.5
08,26,1999,11.5
08,27,1999,8.0
08,28,1999,9.0
08,29,1999,32.0
08,30,1999,3.5
08,31,1999,23.5
09,01,1999,2.5
09,02,1999,0.0
09,03,1999,0.0
09,04,1999,12.0
09,05,1999,0.0
09,06,1999,24.0
09,07,1999,5.0
09,08,1999,3.0
09,09,1999,7.0
09,10,1999,0.0
09,11,1999,0.0
09,12,1999,0.0
09,13,1999,0.0
09,14,1999,0.0
09,15,1999,0.0
09,16,1999,0.0
09,17,1999,0.0
09,18,1999,8.0
09,19,1999,0.0
09,20,1999,0.0
09,21,1999,0.0
09,22,1999,0.0
09,23,1999,0.0
09,24,1999,2.0
09,25,1999,0.0
09,26,1999,0.0
09,27,1999,0.0
09,28,1999,0.0
09,29,1999,0.0
09,30,1999,0.0
10,01,1999,0.0
10,02,1999,8.5
10,03,1999,0.0
10,04,1999,0.0
10,05,1999,0.0
10,06,1999,0.0
10,07,1999,2.5
10,08,1999,0.0
10,09,1999,0.0
10,10,1999,0.0
10,11,1999,0.0
10,12,1999,0.0
10,13,1999,0.0
10,14,1999,0.0
10,15,1999,0.0
10,16,1999,0.0
10,17,1999,0.0
10,18,1999,12.0
10,19,1999,0.0
10,20,1999,0.0
10,21,1999,0.0
10,22,1999,0.0
10,23,1999,0.0
10,24,1999,0.0
10,25,1999,0.0
10,26,1999,0.0
10,27,1999,0.0
10,28,1999,0.0
10,29,1999,0.0
10,30,1999,0.0
10,31,1999,0.0
11,01,1999,0.0
11,02,1999,0.0
11,03,1999,0.0
11,04,1999,0.0
11,05,1999,0.0
11,06,1999,0.0
11,07,1999,0.0
11,08,1999,0.0
11,09,1999,0.0
11,10,1999,0.0
11,11,1999,0.0
11,12,1999,0.0
11,13,1999,0.0
11,14,1999,0.0
11,15,1999,0.0
11,16,1999,0.0
11,17,1999,0.0
11,18,1999,0.0
11,19,1999,0.0
11,20,1999,0.0
11,21,1999,0.0
11,22,1999,0.0
11,23,1999,0.0
11,24,1999,0.0
11,25,1999,0.0
11,26,1999,0.0
11,27,1999,0.0
11,28,1999,0.0
11,29,1999,0.0
11,30,1999,0.0
12,01,1999,0.0
12,02,1999,0.0
12,03,1999,0.0
12,04,1999,0.0
12,05,1999,0.0
12,06,1999,0.0
12,07,1999,0.0
12,08,1999,0.0
12,09,1999,0.0
12,10,1999,0.0
12,11,1999,0.0
12,12,1999,0.0
12,13,1999,0.0
12,14,1999,0.0
12,15,1999,0.0
12,16,1999,2.0
12,17,1999,0.0
12,18,1999,0.0
12,19,1999,0.0
12,20,1999,0.0
12,21,1999,0.0
12,22,1999,0.0
12,23,1999,0.0
12,24,1999,0.0
12,25,1999,0.0
12,26,1999,0.0
12,27,1999,0.0
12,28,1999,0.0
12,29,1999,0.0
12,30,1999,0.0
12,31,1999,0.0
01,01,2000,0.0
01,02,2000,0.0
01,03,2000,0.0
01,04,2000,0.0
01,05,2000,0.0
01,06,2000,0.0
01,07,2000,0.0
01,08,2000,0.0
01,09,2000,0.0
01,10,2000,0.0
01,11,2000,0.0
01,12,2000,0.0
01,13,2000,0.0
01,14,2000,0.0
01,15,2000,0.0
01,16,2000,0.0
01,17,2000,0.0
01,18,2000,0.0
01,19,2000,0.0
01,20,2000,0.0
01,21,2000,0.0
01,22,2000,0.0
01,23,2000,0.0
01,24,2000,0.0
01,25,2000,0.0
01,26,2000,0.0
01,27,2000,0.0
01,28,2000,0.0
01,29,2000,0.0
01,30,2000,0.0
01,31,2000,0.0
02,01,2000,0.0
02,02,2000,0.0
02,03,2000,0.0
02,04,2000,0.0
02,05,2000,0.0
02,06,2000,0.0
02,07,2000,0.0
02,08,2000,0.0
02,09,2000,0.0
02,10,2000,0.0
02,11,2000,0.0
02,12,2000,0.0
02,13,2000,0.0
02,14,2000,0.0
02,15,2000,0.0
02,16,2000,0.0
02,17,2000,0.0
02,18,2000,0.0
02,19,2000,0.0
02,20,2000,0.0
02,21,2000,0.0
02,22,2000,0.0
02,23,2000,0.0
02,24,2000,0.0
02,25,2000,0.0
02,26,2000,0.0
02,27,2000,0.0
02,28,2000,0.0
02,29,2000,0.0
03,01,2000,0.0
03,02,2000,0.0
03,03,2000,0.0
03,04,2000,0.0
03,05,2000,0.0
03,06,2000,0.0
03,07,2000,0.0
03,08,2000,0.0
03,09,2000,0.0
03,10,2000,0.0
03,11,2000,0.0
03,12,2000,2.0
03,13,2000,0.0
03,14,2000,0.0
03,15,2000,0.0
03,16,2000,0.0
03,17,2000,0.0
03,18,2000,0.0
03,19,2000,0.0
03,20,2000,0.0
03,21,2000,0.0
03,22,2000,0.0
03,23,2000,0.0
03,24,2000,0.0
03,25,2000,0.0
03,26,2000,0.0
03,27,2000,0.0
03,28,2000,0.0
03,29,2000,0.0
03,30,2000,0.0
03,31,2000,0.0
04,01,2000,0.0
04,02,2000,0.0
04,03,2000,0.0
04,04,2000,0.0
04,05,2000,0.0
04,06,2000,0.0
04,07,2000,0.0
04,08,2000,0.0
04,09,2000,0.0
04,10,2000,0.0
04,11,2000,0.0
04,12,2000,0.0
04,13,2000,0.0
04,14,2000,0.0
04,15,2000,0.0
04,16,2000,0.0
04,17,2000,0.0
04,18,2000,0.0
04,19,2000,0.0
04,20,2000,0.0
04,21,2000,0.0
04,22,2000,0.0
04,23,2000,0.0
04,24,2000,0.0
04,25,2000,0.0
04,26,2000,0.0
04,27,2000,0.0
04,28,2000,0.0
04,29,2000,0.0
04,30,2000,0.0
05,01,2000,0.0
05,02,2000,0.0
05,03,2000,0.0
05,04,2000,0.0
05,05,2000,0.0
05,06,2000,0.0
05,07,2000,0.0
05,08,2000,0.0
05,09,2000,0.0
05,10,2000,0.0
05,11,2000,0.0
05,12,2000,0.0
05,13,2000,0.0
05,14,2000,0.0
05,15,2000,0.0
05,16,2000,0.0
05,17,2000,0.0
05,18,2000,0.0
05,19,2000,0.0
05,20,2000,2.0
05,21,2000,3.0
05,22,2000,23.5
05,23,2000,0.0
05,24,2000,0.0
05,25,2000,2.0
05,26,2000,24.0
05,27,2000,16.0
05,28,2000,0.0
05,29,2000,6.5
05,30,2000,10.0
05,31,2000,17.0
06,01,2000,3.0
06,02,2000,15.0
06,03,2000,0.0
06,04,2000,0.0
06,05,2000,0.0
06,06,2000,0.0
06,07,2000,22.0
06,08,2000,35.0
06,09,2000,5.0
06,10,2000,17.0
06,11,2000,4.0
06,12,2000,15.0
06,13,2000,7.0
06,14,2000,20.0
06,15,2000,0.0
06,16,2000,14.0
06,17,2000,0.0
06,18,2000,12.5
06,19,2000,3.0
06,20,2000,2.0
06,21,2000,24.0
06,22,2000,4.0
06,23,2000,2.0
06,24,2000,0.0
06,25,2000,0.0
06,26,2000,0.0
06,27,2000,1.5
06,28,2000,9.0
06,29,2000,4.0
06,30,2000,3.0
07,01,2000,1.0
07,02,2000,0.0
07,03,2000,0.0
07,04,2000,5.0
07,05,2000,7.0
07,06,2000,3.0
07,07,2000,7.0
07,08,2000,0.0
07,09,2000,0.0
07,10,2000,7.0
07,11,2000,3.0
07,12,2000,0.0
07,13,2000,7.0
07,14,2000,0.0
07,15,2000,0.0
07,16,2000,0.0
07,17,2000,0.0
07,18,2000,0.0
07,19,2000,25.5
07,20,2000,4.5
07,21,2000,3.0
07,22,2000,2.0
07,23,2000,0.0
07,24,2000,2.7
07,25,2000,8.0
07,26,2000,0.0
07,27,2000,22.0
07,28,2000,9.0
07,29,2000,1.5
07,30,2000,6.0
07,31,2000,20.0
08,01,2000,16.0
08,02,2000,0.0
08,03,2000,1.0
08,04,2000,7.0
08,05,2000,5.0
08,06,2000,21.0
08,07,2000,0.0
08,08,2000,0.0
08,09,2000,0.0
08,10,2000,0.0
08,11,2000,0.0
08,12,2000,2.7
08,13,2000,11.3
08,14,2000,0.0
08,15,2000,26.5
08,16,2000,0.0
08,17,2000,0.0
08,18,2000,0.0
08,19,2000,1.0
08,20,2000,4.0
08,21,2000,2.0
08,22,2000,6.0
08,23,2000,0.0
08,24,2000,0.0
08,25,2000,0.0
08,26,2000,3.0
08,27,2000,13.0
08,28,2000,5.0
08,29,2000,0.0
08,30,2000,0.0
08,31,2000,10.5
09,01,2000,8.0
09,02,2000,5.0
09,03,2000,12.5
09,04,2000,12.0
09,05,2000,0.0
09,06,2000,0.0
09,07,2000,0.0
09,08,2000,5.0
09,09,2000,8.0
09,10,2000,0.0
09,11,2000,0.0
09,12,2000,0.0
09,13,2000,2.5
09,14,2000,24.0
09,15,2000,30.0
09,16,2000,0.0
09,17,2000,0.0
09,18,2000,0.0
09,19,2000,4.0
09,20,2000,13.0
09,21,2000,0.0
09,22,2000,0.0
09,23,2000,3.5
09,24,2000,14.5
09,25,2000,0.0
09,26,2000,0.0
09,27,2000,0.0
09,28,2000,0.0
09,29,2000,0.0
09,30,2000,0.0
10,01,2000,6.0
10,02,2000,0.0
10,03,2000,0.0
10,04,2000,0.0
10,05,2000,0.0
10,06,2000,9.5
10,07,2000,7.0
10,08,2000,0.0
10,09,2000,9.0
10,10,2000,0.0
10,11,2000,0.0
10,12,2000,0.0
10,13,2000,0.0
10,14,2000,0.0
10,15,2000,14.0
10,16,2000,0.0
10,17,2000,0.0
10,18,2000,0.0
10,19,2000,0.0
10,20,2000,0.0
10,21,2000,0.0
10,22,2000,0.0
10,23,2000,0.0
10,24,2000,0.0
10,25,2000,0.0
10,26,2000,0.0
10,27,2000,0.0
10,28,2000,0.0
10,29,2000,0.0
10,30,2000,0.0
10,31,2000,0.0
11,01,2000,2.0
11,02,2000,0.0
11,03,2000,0.0
11,04,2000,0.0
11,05,2000,0.0
11,06,2000,0.0
11,07,2000,0.0
11,08,2000,0.0
11,09,2000,0.0
11,10,2000,0.0
11,11,2000,0.0
11,12,2000,0.0
11,13,2000,0.0
11,14,2000,0.0
11,15,2000,0.0
11,16,2000,0.0
11,17,2000,0.0
11,18,2000,0.0
11,19,2000,0.0
11,20,2000,0.0
11,21,2000,0.0
11,22,2000,0.0
11,23,2000,3.5
11,24,2000,2.0
11,25,2000,0.0
11,26,2000,0.0
11,27,2000,0.0
11,28,2000,2.0
11,29,2000,0.0
11,30,2000,0.0
12,01,2000,0.0
12,02,2000,0.0
12,03,2000,0.0
12,04,2000,0.0
12,05,2000,0.0
12,06,2000,0.0
12,07,2000,0.0
12,08,2000,0.0
12,09,2000,0.0
12,10,2000,0.0
12,11,2000,0.0
12,12,2000,0.0
12,13,2000,0.0
12,14,2000,0.0
12,15,2000,0.0
12,16,2000,0.0
12,17,2000,0.0
12,18,2000,0.0
12,19,2000,0.0
12,20,2000,0.0
12,21,2000,0.0
12,22,2000,0.0
12,23,2000,0.0
12,24,2000,0.0
12,25,2000,0.0
12,26,2000,0.0
12,27,2000,0.0
12,28,2000,4.0
12,29,2000,3.5
12,30,2000,8.0
12,31,2000,3.0
01,01,2001,0.0
01,02,2001,0.0
01,03,2001,0.0
01,04,2001,0.0
01,05,2001,0.0
01,06,2001,0.0
01,07,2001,0.0
01,08,2001,0.0
01,09,2001,6.5
01,10,2001,0.0
01,11,2001,0.0
01,12,2001,0.0
01,13,2001,0.0
01,14,2001,0.0
01,15,2001,0.0
01,16,2001,0.0
01,17,2001,null
01,18,2001,0.0
01,19,2001,0.0
01,20,2001,0.0
01,21,2001,0.0
01,22,2001,0.0
01,23,2001,0.0
01,24,2001,0.0
01,25,2001,0.0
01,26,2001,0.0
01,27,2001,0.0
01,28,2001,0.0
01,29,2001,0.0
01,30,2001,0.0
01,31,2001,0.0
02,01,2001,0.0
02,02,2001,0.0
02,03,2001,0.0
02,04,2001,0.0
02,05,2001,0.0
02,06,2001,1.0
02,07,2001,0.0
02,08,2001,0.0
02,09,2001,0.0
02,10,2001,0.0
02,11,2001,0.0
02,12,2001,0.0
02,13,2001,0.0
02,14,2001,0.0
02,15,2001,0.0
02,16,2001,0.0
02,17,2001,0.0
02,18,2001,0.0
02,19,2001,0.0
02,20,2001,0.0
02,21,2001,0.0
02,22,2001,0.0
02,23,2001,0.0
02,24,2001,0.0
02,25,2001,0.0
02,26,2001,0.0
02,27,2001,0.0
02,28,2001,0.0
03,01,2001,2.0
03,02,2001,11.0
03,03,2001,0.0
03,04,2001,0.0
03,05,2001,0.0
03,06,2001,0.0
03,07,2001,0.0
03,08,2001,0.0
03,09,2001,0.0
03,10,2001,0.0
03,11,2001,0.0
03,12,2001,0.0
03,13,2001,0.0
03,14,2001,0.0
03,15,2001,0.0
03,16,2001,0.0
03,17,2001,0.0
03,18,2001,0.0
03,19,2001,0.0
03,20,2001,0.0
03,21,2001,0.0
03,22,2001,0.0
03,23,2001,0.0
03,24,2001,0.0
03,25,2001,0.0
03,26,2001,0.0
03,27,2001,0.0
03,28,2001,0.0
03,29,2001,0.0
03,30,2001,0.0
03,31,2001,0.0
04,01,2001,0.0
04,02,2001,0.0
04,03,2001,0.0
04,04,2001,0.0
04,05,2001,0.0
04,06,2001,0.0
04,07,2001,0.0
04,08,2001,0.0
04,09,2001,0.0
04,10,2001,0.0
04,11,2001,0.0
04,12,2001,0.0
04,13,2001,0.0
04,14,2001,0.0
04,15,2001,0.0
04,16,2001,0.0
04,17,2001,0.0
04,18,2001,0.0
04,19,2001,1.5
04,20,2001,1.0
04,21,2001,0.0
04,22,2001,0.0
04,23,2001,0.0
04,24,2001,9.0
04,25,2001,14.0
04,26,2001,8.5
04,27,2001,3.0
04,28,2001,2.0
04,29,2001,0.0
04,30,2001,6.0
05,01,2001,0.0
05,02,2001,0.0
05,03,2001,0.0
05,04,2001,0.0
05,05,2001,0.0
05,06,2001,0.0
05,07,2001,2.0
05,08,2001,0.0
05,09,2001,0.0
05,10,2001,0.0
05,11,2001,11.0
05,12,2001,13.0
05,13,2001,8.0
05,14,2001,0.0
05,15,2001,0.0
05,16,2001,0.0
05,17,2001,0.0
05,18,2001,0.0
05,19,2001,0.0
05,20,2001,0.0
05,21,2001,0.0
05,22,2001,10.0
05,23,2001,8.0
05,24,2001,0.0
05,25,2001,0.0
05,26,2001,0.0
05,27,2001,0.0
05,28,2001,0.0
05,29,2001,0.0
05,30,2001,0.0
05,31,2001,4.0
06,01,2001,4.0
06,02,2001,6.5
06,03,2001,1.0
06,04,2001,0.0
06,05,2001,6.0
06,06,2001,0.0
06,07,2001,0.0
06,08,2001,9.0
06,09,2001,6.0
06,10,2001,16.0
06,11,2001,0.0
06,12,2001,2.0
06,13,2001,8.0
06,14,2001,9.5
06,15,2001,2.5
06,16,2001,0.0
06,17,2001,0.0
06,18,2001,0.0
06,19,2001,5.0
06,20,2001,0.0
06,21,2001,1.0
06,22,2001,20.0
06,23,2001,13.0
06,24,2001,0.0
06,25,2001,1.5
06,26,2001,6.0
06,27,2001,4.0
06,28,2001,0.0
06,29,2001,15.0
06,30,2001,16.0
07,01,2001,2.0
07,02,2001,16.0
07,03,2001,5.0
07,04,2001,12.0
07,05,2001,2.0
07,06,2001,5.0
07,07,2001,0.0
07,08,2001,7.0
07,09,2001,11.0
07,10,2001,3.5
07,11,2001,8.0
07,12,2001,5.0
07,13,2001,22.0
07,14,2001,6.0
07,15,2001,5.0
07,16,2001,4.0
07,17,2001,5.0
07,18,2001,0.0
07,19,2001,9.0
07,20,2001,2.0
07,21,2001,2.0
07,22,2001,7.5
07,23,2001,0.0
07,24,2001,0.0
07,25,2001,2.0
07,26,2001,34.0
07,27,2001,21.0
07,28,2001,26.0
07,29,2001,3.0
07,30,2001,5.5
07,31,2001,15.0
08,01,2001,0.0
08,02,2001,0.0
08,03,2001,6.0
08,04,2001,0.0
08,05,2001,0.0
08,06,2001,0.0
08,07,2001,11.0
08,08,2001,30.0
08,09,2001,0.0
08,10,2001,5.0
08,11,2001,8.0
08,12,2001,5.0
08,13,2001,0.0
08,14,2001,0.0
08,15,2001,0.0
08,16,2001,15.5
08,17,2001,0.0
08,18,2001,0.0
08,19,2001,0.0
08,20,2001,0.0
08,21,2001,0.0
08,22,2001,0.0
08,23,2001,0.0
08,24,2001,16.0
08,25,2001,21.0
08,26,2001,11.0
08,27,2001,0.0
08,28,2001,0.0
08,29,2001,4.0
08,30,2001,30.0
08,31,2001,3.0
09,01,2001,18.0
09,02,2001,0.0
09,03,2001,5.0
09,04,2001,0.0
09,05,2001,4.0
09,06,2001,15.5
09,07,2001,3.0
09,08,2001,11.0
09,09,2001,1.0
09,10,2001,0.0
09,11,2001,1.0
09,12,2001,0.0
09,13,2001,0.0
09,14,2001,0.0
09,15,2001,0.0
09,16,2001,0.0
09,17,2001,0.0
09,18,2001,9.0
09,19,2001,13.0
09,20,2001,0.0
09,21,2001,0.0
09,22,2001,0.0
09,23,2001,6.0
09,24,2001,2.0
09,25,2001,15.0
09,26,2001,14.0
09,27,2001,0.0
09,28,2001,0.0
09,29,2001,6.0
09,30,2001,0.0
10,01,2001,0.0
10,02,2001,1.5
10,03,2001,21.5
10,04,2001,0.0
10,05,2001,0.0
10,06,2001,10.0
10,07,2001,18.0
10,08,2001,8.0
10,09,2001,0.0
10,10,2001,16.0
10,11,2001,4.0
10,12,2001,3.0
10,13,2001,0.0
10,14,2001,0.0
10,15,2001,0.0
10,16,2001,0.0
10,17,2001,0.0
10,18,2001,0.0
10,19,2001,0.0
10,20,2001,0.0
10,21,2001,0.0
10,22,2001,0.0
10,23,2001,0.0
10,24,2001,0.0
10,25,2001,0.0
10,26,2001,0.0
10,27,2001,0.0
10,28,2001,0.0
10,29,2001,0.0
10,30,2001,0.0
10,31,2001,0.0
11,01,2001,0.0
11,02,2001,0.0
11,03,2001,0.0
11,04,2001,0.0
11,05,2001,0.0
11,06,2001,0.0
11,07,2001,0.0
11,08,2001,0.0
11,09,2001,0.0
11,10,2001,0.0
11,11,2001,0.0
11,12,2001,0.0
11,13,2001,0.0
11,14,2001,0.0
11,15,2001,0.0
11,16,2001,0.0
11,17,2001,0.0
11,18,2001,0.0
11,19,2001,0.0
11,20,2001,0.0
11,21,2001,0.0
11,22,2001,0.0
11,23,2001,0.0
11,24,2001,0.0
11,25,2001,0.0
11,26,2001,0.0
11,27,2001,0.0
11,28,2001,0.0
11,29,2001,0.0
11,30,2001,0.0
12,01,2001,0.0
12,02,2001,0.0
12,03,2001,0.0
12,04,2001,0.0
12,05,2001,0.0
12,06,2001,0.0
12,07,2001,0.0
12,08,2001,0.0
12,09,2001,0.0
12,10,2001,0.0
12,11,2001,0.0
12,12,2001,0.0
12,13,2001,0.0
12,14,2001,0.0
12,15,2001,0.0
12,16,2001,0.0
12,17,2001,0.0
12,18,2001,0.0
12,19,2001,0.0
12,20,2001,0.0
12,21,2001,0.0
12,22,2001,0.0
12,23,2001,0.0
12,24,2001,0.0
12,25,2001,2.0
12,26,2001,0.0
12,27,2001,0.0
12,28,2001,0.0
12,29,2001,0.0
12,30,2001,0.0
12,31,2001,0.0
01,01,2002,0.0
01,02,2002,0.0
01,03,2002,0.0
01,04,2002,0.0
01,05,2002,0.0
01,06,2002,0.0
01,07,2002,0.0
01,08,2002,0.0
01,09,2002,0.0
01,10,2002,0.0
01,11,2002,0.0
01,12,2002,2.0
01,13,2002,51.0
01,14,2002,0.0
01,15,2002,0.0
01,16,2002,0.0
01,17,2002,0.0
01,18,2002,0.0
01,19,2002,0.0
01,20,2002,0.0
01,21,2002,0.0
01,22,2002,0.0
01,23,2002,0.0
01,24,2002,0.0
01,25,2002,0.0
01,26,2002,0.0
01,27,2002,0.0
01,28,2002,0.0
01,29,2002,0.0
01,30,2002,0.0
01,31,2002,0.0
02,01,2002,0.0
02,02,2002,0.0
02,03,2002,0.0
02,04,2002,0.0
02,05,2002,0.0
02,06,2002,0.0
02,07,2002,0.0
02,08,2002,0.0
02,09,2002,0.0
02,10,2002,0.0
02,11,2002,1.0
02,12,2002,3.0
02,13,2002,0.0
02,14,2002,0.0
02,15,2002,0.0
02,16,2002,0.0
02,17,2002,0.0
02,18,2002,0.0
02,19,2002,0.0
02,20,2002,0.0
02,21,2002,0.0
02,22,2002,0.0
02,23,2002,0.0
02,24,2002,0.0
02,25,2002,0.0
02,26,2002,0.0
02,27,2002,0.0
02,28,2002,0.0
03,01,2002,0.0
03,02,2002,0.0
03,03,2002,0.0
03,04,2002,0.0
03,05,2002,0.0
03,06,2002,0.0
03,07,2002,0.0
03,08,2002,0.0
03,09,2002,0.0
03,10,2002,0.0
03,11,2002,0.0
03,12,2002,0.0
03,13,2002,0.0
03,14,2002,0.0
03,15,2002,0.0
03,16,2002,0.0
03,17,2002,0.0
03,18,2002,0.0
03,19,2002,0.0
03,20,2002,0.0
03,21,2002,0.0
03,22,2002,0.0
03,23,2002,0.0
03,24,2002,0.0
03,25,2002,0.0
03,26,2002,0.0
03,27,2002,0.0
03,28,2002,0.0
03,29,2002,0.0
03,30,2002,0.0
03,31,2002,0.0
04,01,2002,0.0
04,02,2002,0.0
04,03,2002,0.0
04,04,2002,0.0
04,05,2002,0.0
04,06,2002,14.0
04,07,2002,0.0
04,08,2002,0.0
04,09,2002,0.0
04,10,2002,0.0
04,11,2002,0.0
04,12,2002,0.0
04,13,2002,0.0
04,14,2002,0.0
04,15,2002,0.0
04,16,2002,7.0
04,17,2002,0.0
04,18,2002,0.0
04,19,2002,0.0
04,20,2002,0.0
04,21,2002,0.0
04,22,2002,0.0
04,23,2002,0.0
04,24,2002,0.0
04,25,2002,0.0
04,26,2002,0.0
04,27,2002,0.0
04,28,2002,0.0
04,29,2002,0.0
04,30,2002,0.0
05,01,2002,0.0
05,02,2002,0.0
05,03,2002,0.0
05,04,2002,0.0
05,05,2002,0.0
05,06,2002,0.0
05,07,2002,0.0
05,08,2002,0.0
05,09,2002,0.0
05,10,2002,0.0
05,11,2002,0.0
05,12,2002,0.0
05,13,2002,0.0
05,14,2002,0.0
05,15,2002,0.0
05,16,2002,0.0
05,17,2002,0.0
05,18,2002,0.0
05,19,2002,0.0
05,20,2002,1.5
05,21,2002,0.0
05,22,2002,0.0
05,23,2002,25.0
05,24,2002,0.0
05,25,2002,0.0
05,26,2002,0.0
05,27,2002,0.0
05,28,2002,3.0
05,29,2002,0.0
05,30,2002,1.0
05,31,2002,9.5
06,01,2002,7.5
06,02,2002,0.0
06,03,2002,0.0
06,04,2002,0.0
06,05,2002,4.0
06,06,2002,0.0
06,07,2002,0.0
06,08,2002,16.0
06,09,2002,0.0
06,10,2002,28.0
06,11,2002,0.0
06,12,2002,10.0
06,13,2002,4.0
06,14,2002,0.0
06,15,2002,0.0
06,16,2002,0.0
06,17,2002,0.0
06,18,2002,0.0
06,19,2002,0.0
06,20,2002,0.0
06,21,2002,0.0
06,22,2002,0.0
06,23,2002,0.0
06,24,2002,0.0
06,25,2002,0.0
06,26,2002,1.0
06,27,2002,41.0
06,28,2002,9.0
06,29,2002,2.0
06,30,2002,32.0
07,01,2002,0.0
07,02,2002,1.0
07,03,2002,9.0
07,04,2002,3.0
07,05,2002,0.0
07,06,2002,4.0
07,07,2002,16.0
07,08,2002,0.0
07,09,2002,24.0
07,10,2002,3.5
07,11,2002,2.0
07,12,2002,1.0
07,13,2002,6.5
07,14,2002,12.0
07,15,2002,22.0
07,16,2002,3.0
07,17,2002,11.0
07,18,2002,16.0
07,19,2002,13.0
07,20,2002,17.0
07,21,2002,0.0
07,22,2002,1.0
07,23,2002,0.0
07,24,2002,0.0
07,25,2002,7.0
07,26,2002,31.0
07,27,2002,3.0
07,28,2002,0.0
07,29,2002,7.0
07,30,2002,0.0
07,31,2002,20.0
08,01,2002,4.0
08,02,2002,0.0
08,03,2002,3.0
08,04,2002,1.0
08,05,2002,0.0
08,06,2002,10.0
08,07,2002,0.0
08,08,2002,0.0
08,09,2002,0.0
08,10,2002,5.0
08,11,2002,1.0
08,12,2002,8.0
08,13,2002,0.0
08,14,2002,1.0
08,15,2002,4.0
08,16,2002,0.0
08,17,2002,3.5
08,18,2002,0.0
08,19,2002,13.0
08,20,2002,0.0
08,21,2002,0.0
08,22,2002,0.0
08,23,2002,2.0
08,24,2002,11.5
08,25,2002,0.0
08,26,2002,0.0
08,27,2002,0.0
08,28,2002,0.0
08,29,2002,0.0
08,30,2002,15.0
08,31,2002,12.0
09,01,2002,0.0
09,02,2002,0.0
09,03,2002,15.0
09,04,2002,5.5
09,05,2002,3.0
09,06,2002,9.5
09,07,2002,0.0
09,08,2002,29.5
09,09,2002,2.0
09,10,2002,38.0
09,11,2002,6.0
09,12,2002,23.0
09,13,2002,4.0
09,14,2002,9.5
09,15,2002,5.0
09,16,2002,1.5
09,17,2002,11.0
09,18,2002,0.0
09,19,2002,10.0
09,20,2002,3.0
09,21,2002,0.0
09,22,2002,0.0
09,23,2002,0.0
09,24,2002,0.0
09,25,2002,3.0
09,26,2002,6.0
09,27,2002,5.0
09,28,2002,21.0
09,29,2002,0.0
09,30,2002,4.0
10,01,2002,null
10,02,2002,null
10,03,2002,null
10,04,2002,null
10,05,2002,null
10,06,2002,null
10,07,2002,null
10,08,2002,null
10,09,2002,null
10,10,2002,null
10,11,2002,null
10,12,2002,null
10,13,2002,null
10,14,2002,null
10,15,2002,null
10,16,2002,null
10,17,2002,null
10,18,2002,null
10,19,2002,null
10,20,2002,null
10,21,2002,null
10,22,2002,null
10,23,2002,null
10,24,2002,null
10,25,2002,null
10,26,2002,null
10,27,2002,null
10,28,2002,null
10,29,2002,null
10,30,2002,null
10,31,2002,null
11,01,2002,null
11,02,2002,null
11,03,2002,null
11,04,2002,null
11,05,2002,null
11,06,2002,null
11,07,2002,null
11,08,2002,null
11,09,2002,null
11,10,2002,null
11,11,2002,null
11,12,2002,null
11,13,2002,null
11,14,2002,null
11,15,2002,null
11,16,2002,null
11,17,2002,null
11,18,2002,null
11,19,2002,null
11,20,2002,null
11,21,2002,null
11,22,2002,null
11,23,2002,null
11,24,2002,null
11,25,2002,null
11,26,2002,null
11,27,2002,null
11,28,2002,null
11,29,2002,null
11,30,2002,null
12,01,2002,null
12,02,2002,null
12,03,2002,null
12,04,2002,null
12,05,2002,null
12,06,2002,null
12,07,2002,null
12,08,2002,null
12,09,2002,null
12,10,2002,null
12,11,2002,null
12,12,2002,null
12,13,2002,null
12,14,2002,null
12,15,2002,null
12,16,2002,null
12,17,2002,null
12,18,2002,null
12,19,2002,null
12,20,2002,null
12,21,2002,null
12,22,2002,null
12,23,2002,null
12,24,2002,null
12,25,2002,null
12,26,2002,null
12,27,2002,null
12,28,2002,null
12,29,2002,null
12,30,2002,null
12,31,2002,null
01,01,2003,0.0
01,02,2003,0.0
01,03,2003,0.0
01,04,2003,0.0
01,05,2003,0.0
01,06,2003,0.0
01,07,2003,0.0
01,08,2003,0.0
01,09,2003,0.0
01,10,2003,0.0
01,11,2003,0.0
01,12,2003,8.0
01,13,2003,0.0
01,14,2003,0.0
01,15,2003,0.0
01,16,2003,0.0
01,17,2003,0.0
01,18,2003,0.0
01,19,2003,0.0
01,20,2003,0.0
01,21,2003,0.0
01,22,2003,0.0
01,23,2003,0.0
01,24,2003,0.0
01,25,2003,0.0
01,26,2003,0.0
01,27,2003,0.0
01,28,2003,0.0
01,29,2003,0.0
01,30,2003,1.0
01,31,2003,0.0
02,01,2003,0.0
02,02,2003,0.0
02,03,2003,0.0
02,04,2003,0.0
02,05,2003,0.0
02,06,2003,0.0
02,07,2003,0.0
02,08,2003,0.0
02,09,2003,0.0
02,10,2003,0.0
02,11,2003,0.0
02,12,2003,0.0
02,13,2003,0.0
02,14,2003,0.0
02,15,2003,0.0
02,16,2003,0.0
02,17,2003,0.0
02,18,2003,0.0
02,19,2003,0.0
02,20,2003,0.0
02,21,2003,0.0
02,22,2003,0.0
02,23,2003,0.0
02,24,2003,0.0
02,25,2003,0.0
02,26,2003,0.0
02,27,2003,0.0
02,28,2003,0.0
03,01,2003,0.0
03,02,2003,0.0
03,03,2003,0.0
03,04,2003,0.0
03,05,2003,0.0
03,06,2003,0.0
03,07,2003,0.0
03,08,2003,0.0
03,09,2003,0.0
03,10,2003,0.0
03,11,2003,0.0
03,12,2003,0.0
03,13,2003,0.0
03,14,2003,0.0
03,15,2003,0.0
03,16,2003,0.0
03,17,2003,0.0
03,18,2003,0.0
03,19,2003,0.0
03,20,2003,0.0
03,21,2003,0.0
03,22,2003,0.0
03,23,2003,0.0
03,24,2003,0.0
03,25,2003,0.0
03,26,2003,0.0
03,27,2003,0.0
03,28,2003,0.0
03,29,2003,0.0
03,30,2003,0.0
03,31,2003,0.0
04,01,2003,0.0
04,02,2003,0.0
04,03,2003,0.0
04,04,2003,0.0
04,05,2003,0.0
04,06,2003,0.0
04,07,2003,0.0
04,08,2003,0.0
04,09,2003,7.0
04,10,2003,0.0
04,11,2003,0.0
04,12,2003,0.0
04,13,2003,0.0
04,14,2003,0.0
04,15,2003,0.0
04,16,2003,0.0
04,17,2003,0.0
04,18,2003,0.0
04,19,2003,0.0
04,20,2003,0.0
04,21,2003,0.0
04,22,2003,0.0
04,23,2003,0.0
04,24,2003,0.0
04,25,2003,0.0
04,26,2003,0.0
04,27,2003,0.0
04,28,2003,0.0
04,29,2003,0.0
04,30,2003,0.0
05,01,2003,0.0
05,02,2003,0.0
05,03,2003,0.0
05,04,2003,0.0
05,05,2003,0.0
05,06,2003,0.0
05,07,2003,0.0
05,08,2003,0.0
05,09,2003,2.0
05,10,2003,0.0
05,11,2003,0.0
05,12,2003,0.0
05,13,2003,0.0
05,14,2003,0.0
05,15,2003,0.0
05,16,2003,0.0
05,17,2003,0.0
05,18,2003,0.0
05,19,2003,0.0
05,20,2003,0.0
05,21,2003,0.0
05,22,2003,0.0
05,23,2003,0.0
05,24,2003,0.0
05,25,2003,4.5
05,26,2003,0.0
05,27,2003,0.0
05,28,2003,1.0
05,29,2003,0.0
05,30,2003,9.0
05,31,2003,0.0
06,01,2003,0.0
06,02,2003,23.0
06,03,2003,15.0
06,04,2003,22.0
06,05,2003,6.0
06,06,2003,0.0
06,07,2003,2.0
06,08,2003,1.0
06,09,2003,21.0
06,10,2003,1.0
06,11,2003,5.0
06,12,2003,31.0
06,13,2003,0.0
06,14,2003,0.0
06,15,2003,13.0
06,16,2003,5.0
06,17,2003,1.5
06,18,2003,11.0
06,19,2003,0.0
06,20,2003,1.5
06,21,2003,3.0
06,22,2003,11.5
06,23,2003,11.0
06,24,2003,0.0
06,25,2003,0.0
06,26,2003,0.0
06,27,2003,0.0
06,28,2003,4.0
06,29,2003,14.0
06,30,2003,7.0
07,01,2003,10.0
07,02,2003,19.0
07,03,2003,2.0
07,04,2003,5.0
07,05,2003,4.5
07,06,2003,12.0
07,07,2003,20.0
07,08,2003,6.0
07,09,2003,15.0
07,10,2003,0.0
07,11,2003,0.0
07,12,2003,0.0
07,13,2003,0.0
07,14,2003,0.0
07,15,2003,12.0
07,16,2003,27.0
07,17,2003,7.0
07,18,2003,0.0
07,19,2003,2.5
07,20,2003,2.5
07,21,2003,0.0
07,22,2003,0.0
07,23,2003,15.0
07,24,2003,2.7
07,25,2003,1.0
07,26,2003,5.0
07,27,2003,9.5
07,28,2003,7.0
07,29,2003,14.0
07,30,2003,11.0
07,31,2003,32.0
08,01,2003,7.0
08,02,2003,10.0
08,03,2003,18.5
08,04,2003,1.0
08,05,2003,0.0
08,06,2003,8.0
08,07,2003,0.0
08,08,2003,0.0
08,09,2003,0.0
08,10,2003,4.0
08,11,2003,0.0
08,12,2003,8.2
08,13,2003,11.0
08,14,2003,10.0
08,15,2003,0.0
08,16,2003,0.0
08,17,2003,3.0
08,18,2003,8.0
08,19,2003,7.0
08,20,2003,15.0
08,21,2003,8.0
08,22,2003,6.0
08,23,2003,9.0
08,24,2003,11.0
08,25,2003,0.0
08,26,2003,1.0
08,27,2003,7.0
08,28,2003,0.0
08,29,2003,0.0
08,30,2003,1.0
08,31,2003,21.0
09,01,2003,24.0
09,02,2003,15.0
09,03,2003,15.0
09,04,2003,11.0
09,05,2003,7.0
09,06,2003,5.0
09,07,2003,2.0
09,08,2003,2.0
09,09,2003,20.0
09,10,2003,20.0
09,11,2003,7.0
09,12,2003,5.0
09,13,2003,15.0
09,14,2003,3.0
09,15,2003,0.0
09,16,2003,0.0
09,17,2003,13.0
09,18,2003,4.5
09,19,2003,0.0
09,20,2003,5.0
09,21,2003,11.0
09,22,2003,12.0
09,23,2003,0.0
09,24,2003,0.0
09,25,2003,0.0
09,26,2003,5.0
09,27,2003,6.0
09,28,2003,0.0
09,29,2003,0.0
09,30,2003,0.0
10,01,2003,0.0
10,02,2003,0.0
10,03,2003,0.0
10,04,2003,0.0
10,05,2003,0.0
10,06,2003,7.0
10,07,2003,5.0
10,08,2003,1.5
10,09,2003,3.0
10,10,2003,0.0
10,11,2003,0.0
10,12,2003,10.0
10,13,2003,18.0
10,14,2003,2.0
10,15,2003,7.0
10,16,2003,0.0
10,17,2003,0.0
10,18,2003,0.0
10,19,2003,0.0
10,20,2003,0.0
10,21,2003,0.0
10,22,2003,0.0
10,23,2003,0.0
10,24,2003,0.0
10,25,2003,0.0
10,26,2003,3.0
10,27,2003,0.0
10,28,2003,0.0
10,29,2003,0.0
10,30,2003,0.0
10,31,2003,3.0
11,01,2003,8.5
11,02,2003,37.5
11,03,2003,0.0
11,04,2003,0.0
11,05,2003,0.0
11,06,2003,0.0
11,07,2003,0.0
11,08,2003,0.0
11,09,2003,0.0
11,10,2003,0.0
11,11,2003,0.0
11,12,2003,0.0
11,13,2003,0.0
11,14,2003,0.0
11,15,2003,0.0
11,16,2003,0.0
11,17,2003,0.0
11,18,2003,0.0
11,19,2003,0.0
11,20,2003,0.0
11,21,2003,0.0
11,22,2003,0.0
11,23,2003,0.0
11,24,2003,0.0
11,25,2003,0.0
11,26,2003,0.0
11,27,2003,0.0
11,28,2003,0.0
11,29,2003,0.0
11,30,2003,0.0
12,01,2003,0.0
12,02,2003,0.0
12,03,2003,0.0
12,04,2003,0.0
12,05,2003,0.0
12,06,2003,0.0
12,07,2003,0.0
12,08,2003,0.0
12,09,2003,0.0
12,10,2003,0.0
12,11,2003,0.0
12,12,2003,0.0
12,13,2003,0.0
12,14,2003,0.0
12,15,2003,0.0
12,16,2003,0.0
12,17,2003,0.0
12,18,2003,0.0
12,19,2003,0.0
12,20,2003,0.0
12,21,2003,0.0
12,22,2003,0.0
12,23,2003,0.0
12,24,2003,0.0
12,25,2003,0.0
12,26,2003,0.0
12,27,2003,0.0
12,28,2003,0.0
12,29,2003,0.0
12,30,2003,0.0
12,31,2003,0.0
01,01,2004,0.0
01,02,2004,0.0
01,03,2004,0.0
01,04,2004,0.0
01,05,2004,0.0
01,06,2004,0.0
01,07,2004,0.0
01,08,2004,0.0
01,09,2004,3.0
01,10,2004,4.0
01,11,2004,2.0
01,12,2004,0.0
01,13,2004,0.0
01,14,2004,1.0
01,15,2004,0.0
01,16,2004,4.0
01,17,2004,1.0
01,18,2004,0.0
01,19,2004,0.0
01,20,2004,0.0
01,21,2004,0.0
01,22,2004,0.0
01,23,2004,0.0
01,24,2004,0.0
01,25,2004,0.0
01,26,2004,0.0
01,27,2004,0.0
01,28,2004,0.0
01,29,2004,2.0
01,30,2004,0.0
01,31,2004,0.0
02,01,2004,0.0
02,02,2004,0.0
02,03,2004,0.0
02,04,2004,0.0
02,05,2004,0.0
02,06,2004,0.0
02,07,2004,0.0
02,08,2004,0.0
02,09,2004,0.0
02,10,2004,0.0
02,11,2004,0.0
02,12,2004,0.0
02,13,2004,0.0
02,14,2004,0.0
02,15,2004,0.0
02,16,2004,0.0
02,17,2004,0.0
02,18,2004,0.0
02,19,2004,0.0
02,20,2004,0.0
02,21,2004,0.0
02,22,2004,0.0
02,23,2004,0.0
02,24,2004,0.0
02,25,2004,0.0
02,26,2004,0.0
02,27,2004,0.0
02,28,2004,0.0
02,29,2004,0.0
03,01,2004,0.0
03,02,2004,0.0
03,03,2004,0.0
03,04,2004,0.0
03,05,2004,0.0
03,06,2004,0.0
03,07,2004,0.0
03,08,2004,0.0
03,09,2004,0.0
03,10,2004,1.0
03,11,2004,0.0
03,12,2004,0.0
03,13,2004,0.0
03,14,2004,0.0
03,15,2004,0.0
03,16,2004,0.0
03,17,2004,0.0
03,18,2004,0.0
03,19,2004,0.0
03,20,2004,0.0
03,21,2004,0.0
03,22,2004,0.0
03,23,2004,0.0
03,24,2004,0.0
03,25,2004,0.0
03,26,2004,0.0
03,27,2004,1.5
03,28,2004,2.0
03,29,2004,0.0
03,30,2004,5.0
03,31,2004,0.0
04,01,2004,0.0
04,02,2004,0.0
04,03,2004,0.0
04,04,2004,0.0
04,05,2004,0.0
04,06,2004,0.0
04,07,2004,0.0
04,08,2004,0.0
04,09,2004,0.0
04,10,2004,0.0
04,11,2004,0.0
04,12,2004,0.0
04,13,2004,0.0
04,14,2004,0.0
04,15,2004,0.0
04,16,2004,0.0
04,17,2004,0.0
04,18,2004,0.0
04,19,2004,0.0
04,20,2004,0.0
04,21,2004,0.0
04,22,2004,0.0
04,23,2004,0.0
04,24,2004,0.0
04,25,2004,0.0
04,26,2004,0.0
04,27,2004,0.0
04,28,2004,0.0
04,29,2004,0.0
04,30,2004,0.0
05,01,2004,0.0
05,02,2004,0.0
05,03,2004,9.0
05,04,2004,0.0
05,05,2004,9.0
05,06,2004,0.0
05,07,2004,0.0
05,08,2004,0.0
05,09,2004,0.0
05,10,2004,0.0
05,11,2004,0.0
05,12,2004,0.0
05,13,2004,0.0
05,14,2004,0.0
05,15,2004,0.0
05,16,2004,0.0
05,17,2004,2.0
05,18,2004,0.0
05,19,2004,1.0
05,20,2004,1.0
05,21,2004,0.0
05,22,2004,5.0
05,23,2004,0.0
05,24,2004,0.0
05,25,2004,0.0
05,26,2004,0.0
05,27,2004,6.0
05,28,2004,1.5
05,29,2004,0.0
05,30,2004,10.5
05,31,2004,7.5
06,01,2004,12.0
06,02,2004,9.0
06,03,2004,34.0
06,04,2004,2.4
06,05,2004,1.5
06,06,2004,13.1
06,07,2004,3.0
06,08,2004,0.0
06,09,2004,10.0
06,10,2004,6.0
06,11,2004,3.0
06,12,2004,8.0
06,13,2004,0.0
06,14,2004,0.0
06,15,2004,3.5
06,16,2004,1.0
06,17,2004,10.0
06,18,2004,0.0
06,19,2004,2.0
06,20,2004,4.0
06,21,2004,16.0
06,22,2004,1.0
06,23,2004,7.0
06,24,2004,14.0
06,25,2004,18.5
06,26,2004,22.0
06,27,2004,34.5
06,28,2004,10.5
06,29,2004,2.0
06,30,2004,7.0
07,01,2004,0.0
07,02,2004,12.6
07,03,2004,9.0
07,04,2004,6.5
07,05,2004,15.0
07,06,2004,3.0
07,07,2004,15.0
07,08,2004,27.0
07,09,2004,2.0
07,10,2004,0.0
07,11,2004,6.0
07,12,2004,7.0
07,13,2004,0.0
07,14,2004,0.0
07,15,2004,0.0
07,16,2004,6.5
07,17,2004,17.5
07,18,2004,5.0
07,19,2004,6.0
07,20,2004,10.0
07,21,2004,6.5
07,22,2004,3.0
07,23,2004,11.0
07,24,2004,8.0
07,25,2004,0.0
07,26,2004,0.0
07,27,2004,16.5
07,28,2004,10.0
07,29,2004,20.0
07,30,2004,2.0
07,31,2004,13.0
08,01,2004,30.0
08,02,2004,7.0
08,03,2004,8.0
08,04,2004,4.0
08,05,2004,3.0
08,06,2004,1.0
08,07,2004,0.0
08,08,2004,8.0
08,09,2004,9.5
08,10,2004,0.0
08,11,2004,2.0
08,12,2004,25.0
08,13,2004,0.0
08,14,2004,0.0
08,15,2004,0.0
08,16,2004,0.0
08,17,2004,1.0
08,18,2004,6.0
08,19,2004,18.0
08,20,2004,29.0
08,21,2004,6.0
08,22,2004,1.0
08,23,2004,2.0
08,24,2004,9.0
08,25,2004,0.0
08,26,2004,0.0
08,27,2004,13.0
08,28,2004,17.0
08,29,2004,10.0
08,30,2004,17.0
08,31,2004,6.0
09,01,2004,13.0
09,02,2004,19.0
09,03,2004,2.0
09,04,2004,31.0
09,05,2004,30.0
09,06,2004,8.0
09,07,2004,3.0
09,08,2004,0.0
09,09,2004,0.0
09,10,2004,0.0
09,11,2004,0.0
09,12,2004,0.0
09,13,2004,9.0
09,14,2004,22.0
09,15,2004,13.0
09,16,2004,11.0
09,17,2004,26.0
09,18,2004,12.0
09,19,2004,0.0
09,20,2004,0.0
09,21,2004,3.0
09,22,2004,12.0
09,23,2004,7.0
09,24,2004,15.0
09,25,2004,11.5
09,26,2004,4.0
09,27,2004,1.0
09,28,2004,15.0
09,29,2004,0.0
09,30,2004,0.0
10,01,2004,18.0
10,02,2004,0.0
10,03,2004,0.0
10,04,2004,0.0
10,05,2004,0.0
10,06,2004,8.5
10,07,2004,4.0
10,08,2004,7.0
10,09,2004,0.0
10,10,2004,0.0
10,11,2004,17.0
10,12,2004,18.0
10,13,2004,2.0
10,14,2004,0.0
10,15,2004,0.0
10,16,2004,11.0
10,17,2004,0.0
10,18,2004,0.0
10,19,2004,0.0
10,20,2004,0.0
10,21,2004,0.0
10,22,2004,0.0
10,23,2004,0.0
10,24,2004,7.0
10,25,2004,1.0
10,26,2004,0.0
10,27,2004,4.0
10,28,2004,0.0
10,29,2004,0.0
10,30,2004,0.0
10,31,2004,0.0
11,01,2004,0.0
11,02,2004,0.0
11,03,2004,0.0
11,04,2004,0.0
11,05,2004,0.0
11,06,2004,0.0
11,07,2004,0.0
11,08,2004,0.0
11,09,2004,0.0
11,10,2004,0.0
11,11,2004,0.0
11,12,2004,0.0
11,13,2004,0.0
11,14,2004,0.0
11,15,2004,0.0
11,16,2004,0.0
11,17,2004,0.0
11,18,2004,0.0
11,19,2004,0.0
11,20,2004,0.0
11,21,2004,0.0
11,22,2004,0.0
11,23,2004,0.0
11,24,2004,0.0
11,25,2004,0.0
11,26,2004,0.0
11,27,2004,0.0
11,28,2004,0.0
11,29,2004,0.0
11,30,2004,0.0
12,01,2004,0.0
12,02,2004,0.0
12,03,2004,0.0
12,04,2004,0.0
12,05,2004,0.0
12,06,2004,0.0
12,07,2004,0.0
12,08,2004,0.0
12,09,2004,0.0
12,10,2004,0.0
12,11,2004,0.0
12,12,2004,0.0
12,13,2004,0.0
12,14,2004,0.0
12,15,2004,11.0
12,16,2004,0.0
12,17,2004,0.0
12,18,2004,0.0
12,19,2004,0.0
12,20,2004,0.0
12,21,2004,0.0
12,22,2004,0.0
12,23,2004,0.0
12,24,2004,0.0
12,25,2004,0.0
12,26,2004,0.0
12,27,2004,0.0
12,28,2004,0.0
12,29,2004,0.0
12,30,2004,0.0
12,31,2004,0.0
01,01,2005,0.0
01,02,2005,0.0
01,03,2005,0.0
01,04,2005,0.0
01,05,2005,0.0
01,06,2005,0.0
01,07,2005,0.0
01,08,2005,0.0
01,09,2005,0.0
01,10,2005,0.0
01,11,2005,0.0
01,12,2005,0.0
01,13,2005,0.0
01,14,2005,0.0
01,15,2005,0.0
01,16,2005,0.0
01,17,2005,0.0
01,18,2005,0.0
01,19,2005,0.0
01,20,2005,0.0
01,21,2005,0.0
01,22,2005,0.0
01,23,2005,0.0
01,24,2005,0.0
01,25,2005,0.0
01,26,2005,0.0
01,27,2005,0.0
01,28,2005,0.0
01,29,2005,0.0
01,30,2005,0.0
01,31,2005,0.0
02,01,2005,0.0
02,02,2005,0.0
02,03,2005,0.0
02,04,2005,0.0
02,05,2005,20.0
02,06,2005,0.0
02,07,2005,0.0
02,08,2005,0.0
02,09,2005,0.0
02,10,2005,0.0
02,11,2005,0.0
02,12,2005,0.0
02,13,2005,0.0
02,14,2005,0.0
02,15,2005,0.0
02,16,2005,0.0
02,17,2005,0.0
02,18,2005,0.0
02,19,2005,0.0
02,20,2005,0.0
02,21,2005,0.0
02,22,2005,0.0
02,23,2005,5.0
02,24,2005,3.0
02,25,2005,2.0
02,26,2005,5.0
02,27,2005,0.0
02,28,2005,0.0
03,01,2005,2.0
03,02,2005,0.0
03,03,2005,0.0
03,04,2005,0.0
03,05,2005,0.0
03,06,2005,2.0
03,07,2005,0.0
03,08,2005,0.0
03,09,2005,0.0
03,10,2005,0.0
03,11,2005,0.0
03,12,2005,0.0
03,13,2005,0.0
03,14,2005,2.0
03,15,2005,11.5
03,16,2005,10.0
03,17,2005,0.0
03,18,2005,0.0
03,19,2005,0.0
03,20,2005,0.0
03,21,2005,0.0
03,22,2005,0.0
03,23,2005,0.0
03,24,2005,0.0
03,25,2005,0.0
03,26,2005,0.0
03,27,2005,0.0
03,28,2005,0.0
03,29,2005,0.0
03,30,2005,0.0
03,31,2005,0.0
04,01,2005,0.0
04,02,2005,0.0
04,03,2005,0.0
04,04,2005,0.0
04,05,2005,0.0
04,06,2005,0.0
04,07,2005,0.0
04,08,2005,0.0
04,09,2005,0.0
04,10,2005,0.0
04,11,2005,0.0
04,12,2005,0.0
04,13,2005,0.0
04,14,2005,0.0
04,15,2005,0.0
04,16,2005,1.0
04,17,2005,0.0
04,18,2005,0.0
04,19,2005,0.0
04,20,2005,0.0
04,21,2005,0.0
04,22,2005,0.0
04,23,2005,3.0
04,24,2005,0.0
04,25,2005,0.0
04,26,2005,0.0
04,27,2005,0.0
04,28,2005,0.0
04,29,2005,0.0
04,30,2005,0.0
05,01,2005,0.0
05,02,2005,0.0
05,03,2005,0.0
05,04,2005,0.0
05,05,2005,0.0
05,06,2005,0.0
05,07,2005,0.0
05,08,2005,0.0
05,09,2005,0.0
05,10,2005,0.0
05,11,2005,13.0
05,12,2005,0.0
05,13,2005,0.0
05,14,2005,0.0
05,15,2005,0.0
05,16,2005,0.0
05,17,2005,0.0
05,18,2005,0.0
05,19,2005,0.0
05,20,2005,0.0
05,21,2005,0.0
05,22,2005,0.0
05,23,2005,0.0
05,24,2005,2.0
05,25,2005,0.0
05,26,2005,0.0
05,27,2005,0.0
05,28,2005,17.0
05,29,2005,0.0
05,30,2005,0.0
05,31,2005,0.0
06,01,2005,0.0
06,02,2005,0.0
06,03,2005,0.0
06,04,2005,0.0
06,05,2005,0.0
06,06,2005,0.0
06,07,2005,0.0
06,08,2005,0.0
06,09,2005,0.0
06,10,2005,0.0
06,11,2005,0.0
06,12,2005,0.0
06,13,2005,0.0
06,14,2005,0.0
06,15,2005,2.0
06,16,2005,0.0
06,17,2005,0.0
06,18,2005,0.0
06,19,2005,0.0
06,20,2005,0.0
06,21,2005,0.0
06,22,2005,0.0
06,23,2005,0.0
06,24,2005,4.0
06,25,2005,1.0
06,26,2005,0.0
06,27,2005,0.0
06,28,2005,0.0
06,29,2005,15.0
06,30,2005,0.0
07,01,2005,4.0
07,02,2005,3.0
07,03,2005,24.5
07,04,2005,0.0
07,05,2005,14.0
07,06,2005,17.0
07,07,2005,0.0
07,08,2005,11.0
07,09,2005,3.0
07,10,2005,0.0
07,11,2005,0.0
07,12,2005,3.0
07,13,2005,0.0
07,14,2005,0.0
07,15,2005,0.0
07,16,2005,1.0
07,17,2005,7.5
07,18,2005,19.0
07,19,2005,1.5
07,20,2005,0.0
07,21,2005,13.0
07,22,2005,0.0
07,23,2005,0.0
07,24,2005,0.0
07,25,2005,3.0
07,26,2005,9.0
07,27,2005,0.0
07,28,2005,7.0
07,29,2005,0.0
07,30,2005,0.0
07,31,2005,0.0
08,01,2005,null
08,02,2005,null
08,03,2005,null
08,04,2005,null
08,05,2005,null
08,06,2005,null
08,07,2005,null
08,08,2005,null
08,09,2005,null
08,10,2005,null
08,11,2005,null
08,12,2005,null
08,13,2005,null
08,14,2005,null
08,15,2005,null
08,16,2005,null
08,17,2005,null
08,18,2005,null
08,19,2005,null
08,20,2005,null
08,21,2005,null
08,22,2005,null
08,23,2005,null
08,24,2005,null
08,25,2005,null
08,26,2005,null
08,27,2005,null
08,28,2005,null
08,29,2005,null
08,30,2005,null
08,31,2005,null
09,01,2005,null
09,02,2005,null
09,03,2005,null
09,04,2005,null
09,05,2005,null
09,06,2005,null
09,07,2005,null
09,08,2005,null
09,09,2005,null
09,10,2005,null
09,11,2005,null
09,12,2005,null
09,13,2005,null
09,14,2005,null
09,15,2005,null
09,16,2005,null
09,17,2005,null
09,18,2005,null
09,19,2005,null
09,20,2005,null
09,21,2005,null
09,22,2005,null
09,23,2005,null
09,24,2005,null
09,25,2005,null
09,26,2005,null
09,27,2005,null
09,28,2005,null
09,29,2005,null
09,30,2005,null
10,01,2005,null
10,02,2005,null
10,03,2005,null
10,04,2005,null
10,05,2005,null
10,06,2005,null
10,07,2005,null
10,08,2005,null
10,09,2005,null
10,10,2005,null
10,11,2005,null
10,12,2005,null
10,13,2005,null
10,14,2005,null
10,15,2005,null
10,16,2005,null
10,17,2005,null
10,18,2005,null
10,19,2005,null
10,20,2005,null
10,21,2005,null
10,22,2005,null
10,23,2005,null
10,24,2005,null
10,25,2005,null
10,26,2005,null
10,27,2005,null
10,28,2005,null
10,29,2005,null
10,30,2005,null
10,31,2005,null
11,01,2005,null
11,02,2005,null
11,03,2005,null
11,04,2005,null
11,05,2005,null
11,06,2005,null
11,07,2005,null
11,08,2005,null
11,09,2005,null
11,10,2005,null
11,11,2005,null
11,12,2005,null
11,13,2005,null
11,14,2005,null
11,15,2005,null
11,16,2005,null
11,17,2005,null
11,18,2005,null
11,19,2005,null
11,20,2005,null
11,21,2005,null
11,22,2005,null
11,23,2005,null
11,24,2005,null
11,25,2005,null
11,26,2005,null
11,27,2005,null
11,28,2005,null
11,29,2005,null
11,30,2005,null
12,01,2005,null
12,02,2005,null
12,03,2005,null
12,04,2005,null
12,05,2005,null
12,06,2005,null
12,07,2005,null
12,08,2005,null
12,09,2005,null
12,10,2005,null
12,11,2005,null
12,12,2005,null
12,13,2005,null
12,14,2005,null
12,15,2005,null
12,16,2005,null
12,17,2005,null
12,18,2005,null
12,19,2005,null
12,20,2005,null
12,21,2005,null
12,22,2005,null
12,23,2005,null
12,24,2005,null
12,25,2005,null
12,26,2005,null
12,27,2005,null
12,28,2005,null
12,29,2005,null
12,30,2005,null
12,31,2005,null
01,01,2006,0.0
01,02,2006,0.0
01,03,2006,0.0
01,04,2006,0.0
01,05,2006,0.0
01,06,2006,0.0
01,07,2006,0.0
01,08,2006,0.0
01,09,2006,0.0
01,10,2006,0.0
01,11,2006,0.0
01,12,2006,0.0
01,13,2006,0.0
01,14,2006,0.0
01,15,2006,0.0
01,16,2006,0.0
01,17,2006,0.0
01,18,2006,0.0
01,19,2006,0.0
01,20,2006,0.0
01,21,2006,0.0
01,22,2006,0.0
01,23,2006,0.0
01,24,2006,5.5
01,25,2006,10.0
01,26,2006,13.0
01,27,2006,0.0
01,28,2006,0.0
01,29,2006,0.0
01,30,2006,0.0
01,31,2006,0.0
02,01,2006,0.0
02,02,2006,0.0
02,03,2006,0.0
02,04,2006,0.0
02,05,2006,0.0
02,06,2006,0.0
02,07,2006,0.0
02,08,2006,0.0
02,09,2006,0.0
02,10,2006,0.0
02,11,2006,0.0
02,12,2006,0.0
02,13,2006,0.0
02,14,2006,0.0
02,15,2006,0.0
02,16,2006,0.0
02,17,2006,0.0
02,18,2006,0.0
02,19,2006,0.0
02,20,2006,0.0
02,21,2006,0.0
02,22,2006,0.0
02,23,2006,0.0
02,24,2006,0.0
02,25,2006,0.0
02,26,2006,0.0
02,27,2006,0.0
02,28,2006,0.0
03,01,2006,0.0
03,02,2006,0.0
03,03,2006,0.0
03,04,2006,0.0
03,05,2006,0.0
03,06,2006,0.0
03,07,2006,0.0
03,08,2006,0.0
03,09,2006,0.0
03,10,2006,0.0
03,11,2006,0.0
03,12,2006,0.0
03,13,2006,0.0
03,14,2006,0.0
03,15,2006,0.0
03,16,2006,0.0
03,17,2006,0.0
03,18,2006,0.0
03,19,2006,0.0
03,20,2006,0.0
03,21,2006,0.0
03,22,2006,0.0
03,23,2006,0.0
03,24,2006,0.0
03,25,2006,6.0
03,26,2006,0.0
03,27,2006,0.0
03,28,2006,0.0
03,29,2006,0.0
03,30,2006,0.0
03,31,2006,0.0
04,01,2006,1.0
04,02,2006,0.0
04,03,2006,0.0
04,04,2006,0.0
04,05,2006,0.0
04,06,2006,0.0
04,07,2006,0.0
04,08,2006,0.0
04,09,2006,0.0
04,10,2006,0.0
04,11,2006,0.0
04,12,2006,0.0
04,13,2006,0.0
04,14,2006,0.0
04,15,2006,0.0
04,16,2006,0.0
04,17,2006,0.0
04,18,2006,0.0
04,19,2006,0.0
04,20,2006,0.0
04,21,2006,0.0
04,22,2006,5.5
04,23,2006,6.0
04,24,2006,0.0
04,25,2006,0.0
04,26,2006,20.0
04,27,2006,0.0
04,28,2006,0.0
04,29,2006,0.0
04,30,2006,6.0
05,01,2006,0.0
05,02,2006,1.5
05,03,2006,0.0
05,04,2006,0.0
05,05,2006,0.0
05,06,2006,0.0
05,07,2006,0.0
05,08,2006,0.0
05,09,2006,0.0
05,10,2006,0.0
05,11,2006,3.0
05,12,2006,4.0
05,13,2006,3.0
05,14,2006,6.0
05,15,2006,0.0
05,16,2006,20.0
05,17,2006,1.0
05,18,2006,26.0
05,19,2006,10.0
05,20,2006,0.0
05,21,2006,0.0
05,22,2006,0.0
05,23,2006,0.0
05,24,2006,0.0
05,25,2006,0.0
05,26,2006,7.0
05,27,2006,11.0
05,28,2006,15.0
05,29,2006,1.0
05,30,2006,0.0
05,31,2006,16.5
06,01,2006,0.0
06,02,2006,3.0
06,03,2006,6.0
06,04,2006,10.0
06,05,2006,0.0
06,06,2006,0.0
06,07,2006,0.0
06,08,2006,0.0
06,09,2006,0.0
06,10,2006,0.0
06,11,2006,0.0
06,12,2006,0.0
06,13,2006,0.0
06,14,2006,0.0
06,15,2006,0.0
06,16,2006,4.0
06,17,2006,7.0
06,18,2006,6.0
06,19,2006,9.0
06,20,2006,8.0
06,21,2006,9.0
06,22,2006,4.5
06,23,2006,12.0
06,24,2006,6.0
06,25,2006,0.0
06,26,2006,0.0
06,27,2006,0.0
06,28,2006,0.0
06,29,2006,1.0
06,30,2006,3.0
07,01,2006,8.0
07,02,2006,2.0
07,03,2006,1.0
07,04,2006,15.0
07,05,2006,6.0
07,06,2006,19.0
07,07,2006,0.0
07,08,2006,0.0
07,09,2006,0.0
07,10,2006,3.0
07,11,2006,14.0
07,12,2006,6.0
07,13,2006,0.0
07,14,2006,12.0
07,15,2006,0.0
07,16,2006,0.0
07,17,2006,0.0
07,18,2006,0.0
07,19,2006,0.0
07,20,2006,0.0
07,21,2006,1.0
07,22,2006,18.0
07,23,2006,11.0
07,24,2006,0.0
07,25,2006,4.0
07,26,2006,6.0
07,27,2006,1.0
07,28,2006,10.0
07,29,2006,2.0
07,30,2006,3.0
07,31,2006,12.0
08,01,2006,21.0
08,02,2006,8.5
08,03,2006,0.0
08,04,2006,11.0
08,05,2006,9.0
08,06,2006,1.0
08,07,2006,8.5
08,08,2006,6.0
08,09,2006,4.0
08,10,2006,10.0
08,11,2006,3.0
08,12,2006,2.0
08,13,2006,10.0
08,14,2006,2.0
08,15,2006,5.0
08,16,2006,10.0
08,17,2006,0.0
08,18,2006,0.0
08,19,2006,7.0
08,20,2006,4.5
08,21,2006,6.0
08,22,2006,10.0
08,23,2006,6.5
08,24,2006,5.0
08,25,2006,24.0
08,26,2006,5.0
08,27,2006,1.5
08,28,2006,0.0
08,29,2006,0.0
08,30,2006,8.0
08,31,2006,27.0
09,01,2006,16.0
09,02,2006,0.0
09,03,2006,0.0
09,04,2006,9.0
09,05,2006,1.0
09,06,2006,28.0
09,07,2006,5.0
09,08,2006,9.5
09,09,2006,7.0
09,10,2006,20.5
09,11,2006,12.0
09,12,2006,0.0
09,13,2006,0.0
09,14,2006,0.0
09,15,2006,0.0
09,16,2006,0.0
09,17,2006,2.0
09,18,2006,27.0
09,19,2006,0.0
09,20,2006,17.0
09,21,2006,14.0
09,22,2006,0.0
09,23,2006,6.0
09,24,2006,11.0
09,25,2006,2.0
09,26,2006,0.0
09,27,2006,0.0
09,28,2006,0.0
09,29,2006,0.0
09,30,2006,4.0
10,01,2006,1.0
10,02,2006,13.0
10,03,2006,6.0
10,04,2006,0.0
10,05,2006,0.0
10,06,2006,0.0
10,07,2006,5.0
10,08,2006,0.0
10,09,2006,0.0
10,10,2006,0.0
10,11,2006,0.0
10,12,2006,4.0
10,13,2006,6.0
10,14,2006,3.5
10,15,2006,6.5
10,16,2006,2.0
10,17,2006,0.0
10,18,2006,0.0
10,19,2006,0.0
10,20,2006,17.0
10,21,2006,4.0
10,22,2006,34.4
10,23,2006,0.0
10,24,2006,0.0
10,25,2006,8.5
10,26,2006,13.0
10,27,2006,7.0
10,28,2006,0.0
10,29,2006,0.0
10,30,2006,0.0
10,31,2006,0.0
11,01,2006,0.0
11,02,2006,0.0
11,03,2006,0.0
11,04,2006,0.0
11,05,2006,4.0
11,06,2006,0.0
11,07,2006,0.0
11,08,2006,0.0
11,09,2006,0.0
11,10,2006,6.0
11,11,2006,4.0
11,12,2006,21.0
11,13,2006,0.0
11,14,2006,0.0
11,15,2006,0.0
11,16,2006,0.0
11,17,2006,0.0
11,18,2006,0.0
11,19,2006,0.0
11,20,2006,0.0
11,21,2006,0.0
11,22,2006,0.0
11,23,2006,0.0
11,24,2006,0.0
11,25,2006,0.0
11,26,2006,0.0
11,27,2006,0.0
11,28,2006,0.0
11,29,2006,0.0
11,30,2006,0.0
12,01,2006,0.0
12,02,2006,0.0
12,03,2006,0.0
12,04,2006,0.0
12,05,2006,0.0
12,06,2006,0.0
12,07,2006,0.0
12,08,2006,7.0
12,09,2006,0.0
12,10,2006,0.0
12,11,2006,0.0
12,12,2006,0.0
12,13,2006,0.0
12,14,2006,0.0
12,15,2006,0.0
12,16,2006,0.0
12,17,2006,0.0
12,18,2006,0.0
12,19,2006,0.0
12,20,2006,0.0
12,21,2006,0.0
12,22,2006,0.0
12,23,2006,0.0
12,24,2006,0.0
12,25,2006,0.0
12,26,2006,0.0
12,27,2006,0.0
12,28,2006,0.0
12,29,2006,0.0
12,30,2006,0.0
12,31,2006,0.0
